Year, Month, Monthly_MSL, Unverified, Linear_Trend, High_Conf., Low_Conf.
1900, 1, , , 0.048, 0.182, -0.087
1900, 2, , , 0.048, 0.182, -0.087
1900, 3, , , 0.048, 0.182, -0.087
1900, 4, , , 0.047, 0.181, -0.087
1900, 5, , , 0.047, 0.181, -0.086
1900, 6, , , 0.047, 0.181, -0.086
1900, 7, , , 0.047, 0.181, -0.086
1900, 8, , , 0.047, 0.180, -0.086
1900, 9, , , 0.047, 0.180, -0.086
1900, 10, , , 0.047, 0.180, -0.086
1900, 11, , , 0.047, 0.180, -0.086
1900, 12, , , 0.047, 0.180, -0.086
1901, 1, , , 0.047, 0.179, -0.086
1901, 2, , , 0.047, 0.179, -0.086
1901, 3, , , 0.047, 0.179, -0.086
1901, 4, , , 0.047, 0.179, -0.086
1901, 5, , , 0.047, 0.178, -0.085
1901, 6, , , 0.046, 0.178, -0.085
1901, 7, , , 0.046, 0.178, -0.085
1901, 8, , , 0.046, 0.178, -0.085
1901, 9, , , 0.046, 0.178, -0.085
1901, 10, , , 0.046, 0.177, -0.085
1901, 11, , , 0.046, 0.177, -0.085
1901, 12, , , 0.046, 0.177, -0.085
1902, 1, , , 0.046, 0.177, -0.085
1902, 2, , , 0.046, 0.176, -0.085
1902, 3, , , 0.046, 0.176, -0.085
1902, 4, , , 0.046, 0.176, -0.085
1902, 5, , , 0.046, 0.176, -0.084
1902, 6, , , 0.046, 0.176, -0.084
1902, 7, , , 0.046, 0.175, -0.084
1902, 8, , , 0.045, 0.175, -0.084
1902, 9, , , 0.045, 0.175, -0.084
1902, 10, , , 0.045, 0.175, -0.084
1902, 11, , , 0.045, 0.174, -0.084
1902, 12, , , 0.045, 0.174, -0.084
1903, 1, , , 0.045, 0.174, -0.084
1903, 2, , , 0.045, 0.174, -0.084
1903, 3, , , 0.045, 0.174, -0.084
1903, 4, , , 0.045, 0.173, -0.084
1903, 5, , , 0.045, 0.173, -0.083
1903, 6, , , 0.045, 0.173, -0.083
1903, 7, , , 0.045, 0.173, -0.083
1903, 8, , , 0.045, 0.172, -0.083
1903, 9, , , 0.045, 0.172, -0.083
1903, 10, , , 0.044, 0.172, -0.083
1903, 11, , , 0.044, 0.172, -0.083
1903, 12, , , 0.044, 0.172, -0.083
1904, 1, , , 0.044, 0.171, -0.083
1904, 2, , , 0.044, 0.171, -0.083
1904, 3, , , 0.044, 0.171, -0.083
1904, 4, , , 0.044, 0.171, -0.083
1904, 5, , , 0.044, 0.170, -0.082
1904, 6, , , 0.044, 0.170, -0.082
1904, 7, , , 0.044, 0.170, -0.082
1904, 8, , , 0.044, 0.170, -0.082
1904, 9, , , 0.044, 0.170, -0.082
1904, 10, , , 0.044, 0.169, -0.082
1904, 11, , , 0.044, 0.169, -0.082
1904, 12, , , 0.044, 0.169, -0.082
1905, 1, , , 0.043, 0.169, -0.082
1905, 2, , , 0.043, 0.168, -0.082
1905, 3, , , 0.043, 0.168, -0.082
1905, 4, , , 0.043, 0.168, -0.082
1905, 5, , , 0.043, 0.168, -0.081
1905, 6, , , 0.043, 0.168, -0.081
1905, 7, , , 0.043, 0.167, -0.081
1905, 8, , , 0.043, 0.167, -0.081
1905, 9, , , 0.043, 0.167, -0.081
1905, 10, , , 0.043, 0.167, -0.081
1905, 11, , , 0.043, 0.166, -0.081
1905, 12, , , 0.043, 0.166, -0.081
1906, 1, , , 0.043, 0.166, -0.081
1906, 2, , , 0.043, 0.166, -0.081
1906, 3, , , 0.042, 0.166, -0.081
1906, 4, , , 0.042, 0.165, -0.081
1906, 5, , , 0.042, 0.165, -0.080
1906, 6, , , 0.042, 0.165, -0.080
1906, 7, , , 0.042, 0.165, -0.080
1906, 8, , , 0.042, 0.164, -0.080
1906, 9, , , 0.042, 0.164, -0.080
1906, 10, , , 0.042, 0.164, -0.080
1906, 11, , , 0.042, 0.164, -0.080
1906, 12, , , 0.042, 0.164, -0.080
1907, 1, , , 0.042, 0.163, -0.080
1907, 2, , , 0.042, 0.163, -0.080
1907, 3, , , 0.042, 0.163, -0.080
1907, 4, , , 0.042, 0.163, -0.080
1907, 5, , , 0.041, 0.162, -0.079
1907, 6, , , 0.041, 0.162, -0.079
1907, 7, , , 0.041, 0.162, -0.079
1907, 8, , , 0.041, 0.162, -0.079
1907, 9, , , 0.041, 0.162, -0.079
1907, 10, , , 0.041, 0.161, -0.079
1907, 11, , , 0.041, 0.161, -0.079
1907, 12, , , 0.041, 0.161, -0.079
1908, 1, , , 0.041, 0.161, -0.079
1908, 2, , , 0.041, 0.160, -0.079
1908, 3, , , 0.041, 0.160, -0.079
1908, 4, , , 0.041, 0.160, -0.079
1908, 5, , , 0.041, 0.160, -0.078
1908, 6, , , 0.041, 0.160, -0.078
1908, 7, , , 0.041, 0.159, -0.078
1908, 8, , , 0.040, 0.159, -0.078
1908, 9, , , 0.040, 0.159, -0.078
1908, 10, , , 0.040, 0.159, -0.078
1908, 11, , , 0.040, 0.158, -0.078
1908, 12, , , 0.040, 0.158, -0.078
1909, 1, , , 0.040, 0.158, -0.078
1909, 2, , , 0.040, 0.158, -0.078
1909, 3, , , 0.040, 0.158, -0.078
1909, 4, , , 0.040, 0.157, -0.078
1909, 5, , , 0.040, 0.157, -0.077
1909, 6, , , 0.040, 0.157, -0.077
1909, 7, , , 0.040, 0.157, -0.077
1909, 8, , , 0.040, 0.156, -0.077
1909, 9, , , 0.040, 0.156, -0.077
1909, 10, , , 0.039, 0.156, -0.077
1909, 11, , , 0.039, 0.156, -0.077
1909, 12, , , 0.039, 0.156, -0.077
1910, 1, , , 0.039, 0.155, -0.077
1910, 2, , , 0.039, 0.155, -0.077
1910, 3, , , 0.039, 0.155, -0.077
1910, 4, , , 0.039, 0.155, -0.077
1910, 5, , , 0.039, 0.154, -0.077
1910, 6, , , 0.039, 0.154, -0.076
1910, 7, , , 0.039, 0.154, -0.076
1910, 8, , , 0.039, 0.154, -0.076
1910, 9, , , 0.039, 0.154, -0.076
1910, 10, , , 0.039, 0.153, -0.076
1910, 11, , , 0.039, 0.153, -0.076
1910, 12, , , 0.038, 0.153, -0.076
1911, 1, , , 0.038, 0.153, -0.076
1911, 2, , , 0.038, 0.152, -0.076
1911, 3, , , 0.038, 0.152, -0.076
1911, 4, , , 0.038, 0.152, -0.076
1911, 5, , , 0.038, 0.152, -0.076
1911, 6, , , 0.038, 0.152, -0.075
1911, 7, , , 0.038, 0.151, -0.075
1911, 8, , , 0.038, 0.151, -0.075
1911, 9, , , 0.038, 0.151, -0.075
1911, 10, , , 0.038, 0.151, -0.075
1911, 11, , , 0.038, 0.150, -0.075
1911, 12, , , 0.038, 0.150, -0.075
1912, 1, , , 0.038, 0.150, -0.075
1912, 2, , , 0.037, 0.150, -0.075
1912, 3, , , 0.037, 0.150, -0.075
1912, 4, , , 0.037, 0.149, -0.075
1912, 5, , , 0.037, 0.149, -0.075
1912, 6, , , 0.037, 0.149, -0.074
1912, 7, , , 0.037, 0.149, -0.074
1912, 8, , , 0.037, 0.148, -0.074
1912, 9, , , 0.037, 0.148, -0.074
1912, 10, , , 0.037, 0.148, -0.074
1912, 11, , , 0.037, 0.148, -0.074
1912, 12, , , 0.037, 0.148, -0.074
1913, 1, , , 0.037, 0.147, -0.074
1913, 2, , , 0.037, 0.147, -0.074
1913, 3, , , 0.037, 0.147, -0.074
1913, 4, , , 0.037, 0.147, -0.074
1913, 5, , , 0.036, 0.146, -0.074
1913, 6, , , 0.036, 0.146, -0.073
1913, 7, , , 0.036, 0.146, -0.073
1913, 8, , , 0.036, 0.146, -0.073
1913, 9, , , 0.036, 0.146, -0.073
1913, 10, , , 0.036, 0.145, -0.073
1913, 11, , , 0.036, 0.145, -0.073
1913, 12, , , 0.036, 0.145, -0.073
1914, 1, , , 0.036, 0.145, -0.073
1914, 2, , , 0.036, 0.144, -0.073
1914, 3, , , 0.036, 0.144, -0.073
1914, 4, , , 0.036, 0.144, -0.073
1914, 5, , , 0.036, 0.144, -0.073
1914, 6, , , 0.036, 0.144, -0.072
1914, 7, , , 0.035, 0.143, -0.072
1914, 8, , , 0.035, 0.143, -0.072
1914, 9, , , 0.035, 0.143, -0.072
1914, 10, , , 0.035, 0.143, -0.072
1914, 11, , , 0.035, 0.142, -0.072
1914, 12, , , 0.035, 0.142, -0.072
1915, 1, , , 0.035, 0.142, -0.072
1915, 2, , , 0.035, 0.142, -0.072
1915, 3, , , 0.035, 0.142, -0.072
1915, 4, , , 0.035, 0.141, -0.072
1915, 5, , , 0.035, 0.141, -0.072
1915, 6, , , 0.035, 0.141, -0.072
1915, 7, , , 0.035, 0.141, -0.071
1915, 8, , , 0.035, 0.140, -0.071
1915, 9, , , 0.034, 0.140, -0.071
1915, 10, , , 0.034, 0.140, -0.071
1915, 11, , , 0.034, 0.140, -0.071
1915, 12, , , 0.034, 0.140, -0.071
1916, 1, , , 0.034, 0.139, -0.071
1916, 2, , , 0.034, 0.139, -0.071
1916, 3, , , 0.034, 0.139, -0.071
1916, 4, , , 0.034, 0.139, -0.071
1916, 5, , , 0.034, 0.138, -0.071
1916, 6, , , 0.034, 0.138, -0.071
1916, 7, , , 0.034, 0.138, -0.070
1916, 8, , , 0.034, 0.138, -0.070
1916, 9, , , 0.034, 0.138, -0.070
1916, 10, , , 0.034, 0.137, -0.070
1916, 11, , , 0.034, 0.137, -0.070
1916, 12, , , 0.033, 0.137, -0.070
1917, 1, , , 0.033, 0.137, -0.070
1917, 2, , , 0.033, 0.136, -0.070
1917, 3, , , 0.033, 0.136, -0.070
1917, 4, , , 0.033, 0.136, -0.070
1917, 5, , , 0.033, 0.136, -0.070
1917, 6, , , 0.033, 0.136, -0.070
1917, 7, , , 0.033, 0.135, -0.069
1917, 8, , , 0.033, 0.135, -0.069
1917, 9, , , 0.033, 0.135, -0.069
1917, 10, , , 0.033, 0.135, -0.069
1917, 11, , , 0.033, 0.134, -0.069
1917, 12, , , 0.033, 0.134, -0.069
1918, 1, , , 0.033, 0.134, -0.069
1918, 2, , , 0.032, 0.134, -0.069
1918, 3, , , 0.032, 0.134, -0.069
1918, 4, , , 0.032, 0.133, -0.069
1918, 5, , , 0.032, 0.133, -0.069
1918, 6, , , 0.032, 0.133, -0.069
1918, 7, , , 0.032, 0.133, -0.069
1918, 8, , , 0.032, 0.132, -0.068
1918, 9, , , 0.032, 0.132, -0.068
1918, 10, , , 0.032, 0.132, -0.068
1918, 11, , , 0.032, 0.132, -0.068
1918, 12, , , 0.032, 0.132, -0.068
1919, 1, , , 0.032, 0.131, -0.068
1919, 2, , , 0.032, 0.131, -0.068
1919, 3, , , 0.032, 0.131, -0.068
1919, 4, , , 0.031, 0.131, -0.068
1919, 5, , , 0.031, 0.130, -0.068
1919, 6, , , 0.031, 0.130, -0.068
1919, 7, , , 0.031, 0.130, -0.068
1919, 8, , , 0.031, 0.130, -0.067
1919, 9, , , 0.031, 0.130, -0.067
1919, 10, , , 0.031, 0.129, -0.067
1919, 11, , , 0.031, 0.129, -0.067
1919, 12, , , 0.031, 0.129, -0.067
1920, 1, , , 0.031, 0.129, -0.067
1920, 2, , , 0.031, 0.129, -0.067
1920, 3, , , 0.031, 0.128, -0.067
1920, 4, , , 0.031, 0.128, -0.067
1920, 5, , , 0.031, 0.128, -0.067
1920, 6, , , 0.030, 0.128, -0.067
1920, 7, , , 0.030, 0.127, -0.067
1920, 8, , , 0.030, 0.127, -0.066
1920, 9, , , 0.030, 0.127, -0.066
1920, 10, , , 0.030, 0.127, -0.066
1920, 11, , , 0.030, 0.127, -0.066
1920, 12, , , 0.030, 0.126, -0.066
1921, 1, , , 0.030, 0.126, -0.066
1921, 2, , , 0.030, 0.126, -0.066
1921, 3, , , 0.030, 0.126, -0.066
1921, 4, , , 0.030, 0.125, -0.066
1921, 5, , , 0.030, 0.125, -0.066
1921, 6, , , 0.030, 0.125, -0.066
1921, 7, , , 0.030, 0.125, -0.066
1921, 8, , , 0.030, 0.125, -0.066
1921, 9, , , 0.029, 0.124, -0.065
1921, 10, , , 0.029, 0.124, -0.065
1921, 11, , , 0.029, 0.124, -0.065
1921, 12, , , 0.029, 0.124, -0.065
1922, 1, , , 0.029, 0.123, -0.065
1922, 2, , , 0.029, 0.123, -0.065
1922, 3, , , 0.029, 0.123, -0.065
1922, 4, , , 0.029, 0.123, -0.065
1922, 5, , , 0.029, 0.123, -0.065
1922, 6, , , 0.029, 0.122, -0.065
1922, 7, , , 0.029, 0.122, -0.065
1922, 8, , , 0.029, 0.122, -0.065
1922, 9, , , 0.029, 0.122, -0.064
1922, 10, , , 0.029, 0.121, -0.064
1922, 11, , , 0.028, 0.121, -0.064
1922, 12, , , 0.028, 0.121, -0.064
1923, 1, , , 0.028, 0.121, -0.064
1923, 2, , , 0.028, 0.121, -0.064
1923, 3, , , 0.028, 0.120, -0.064
1923, 4, , , 0.028, 0.120, -0.064
1923, 5, , , 0.028, 0.120, -0.064
1923, 6, , , 0.028, 0.120, -0.064
1923, 7, , , 0.028, 0.119, -0.064
1923, 8, , , 0.028, 0.119, -0.064
1923, 9, , , 0.028, 0.119, -0.064
1923, 10, , , 0.028, 0.119, -0.063
1923, 11, , , 0.028, 0.119, -0.063
1923, 12, , , 0.028, 0.118, -0.063
1924, 1, , , 0.027, 0.118, -0.063
1924, 2, , , 0.027, 0.118, -0.063
1924, 3, , , 0.027, 0.118, -0.063
1924, 4, , , 0.027, 0.117, -0.063
1924, 5, , , 0.027, 0.117, -0.063
1924, 6, , , 0.027, 0.117, -0.063
1924, 7, , , 0.027, 0.117, -0.063
1924, 8, , , 0.027, 0.117, -0.063
1924, 9, , , 0.027, 0.116, -0.063
1924, 10, , , 0.027, 0.116, -0.062
1924, 11, , , 0.027, 0.116, -0.062
1924, 12, , , 0.027, 0.116, -0.062
1925, 1, , , 0.027, 0.116, -0.062
1925, 2, , , 0.027, 0.115, -0.062
1925, 3, , , 0.026, 0.115, -0.062
1925, 4, , , 0.026, 0.115, -0.062
1925, 5, , , 0.026, 0.115, -0.062
1925, 6, , , 0.026, 0.114, -0.062
1925, 7, , , 0.026, 0.114, -0.062
1925, 8, , , 0.026, 0.114, -0.062
1925, 9, , , 0.026, 0.114, -0.062
1925, 10, , , 0.026, 0.114, -0.062
1925, 11, , , 0.026, 0.113, -0.061
1925, 12, , , 0.026, 0.113, -0.061
1926, 1, , , 0.026, 0.113, -0.061
1926, 2, , , 0.026, 0.113, -0.061
1926, 3, , , 0.026, 0.112, -0.061
1926, 4, , , 0.026, 0.112, -0.061
1926, 5, , , 0.026, 0.112, -0.061
1926, 6, , , 0.025, 0.112, -0.061
1926, 7, , , 0.025, 0.112, -0.061
1926, 8, , , 0.025, 0.111, -0.061
1926, 9, , , 0.025, 0.111, -0.061
1926, 10, , , 0.025, 0.111, -0.061
1926, 11, , , 0.025, 0.111, -0.060
1926, 12, , , 0.025, 0.110, -0.060
1927, 1, , , 0.025, 0.110, -0.060
1927, 2, , , 0.025, 0.110, -0.060
1927, 3, , , 0.025, 0.110, -0.060
1927, 4, , , 0.025, 0.110, -0.060
1927, 5, , , 0.025, 0.109, -0.060
1927, 6, , , 0.025, 0.109, -0.060
1927, 7, , , 0.025, 0.109, -0.060
1927, 8, , , 0.024, 0.109, -0.060
1927, 9, , , 0.024, 0.108, -0.060
1927, 10, , , 0.024, 0.108, -0.060
1927, 11, , , 0.024, 0.108, -0.060
1927, 12, , , 0.024, 0.108, -0.059
1928, 1, , , 0.024, 0.108, -0.059
1928, 2, , , 0.024, 0.107, -0.059
1928, 3, , , 0.024, 0.107, -0.059
1928, 4, , , 0.024, 0.107, -0.059
1928, 5, , , 0.024, 0.107, -0.059
1928, 6, , , 0.024, 0.107, -0.059
1928, 7, , , 0.024, 0.106, -0.059
1928, 8, , , 0.024, 0.106, -0.059
1928, 9, , , 0.024, 0.106, -0.059
1928, 10, , , 0.023, 0.106, -0.059
1928, 11, , , 0.023, 0.105, -0.059
1928, 12, , , 0.023, 0.105, -0.059
1929, 1, , , 0.023, 0.105, -0.058
1929, 2, , , 0.023, 0.105, -0.058
1929, 3, , , 0.023, 0.105, -0.058
1929, 4, , , 0.023, 0.104, -0.058
1929, 5, , , 0.023, 0.104, -0.058
1929, 6, , , 0.023, 0.104, -0.058
1929, 7, , , 0.023, 0.104, -0.058
1929, 8, , , 0.023, 0.103, -0.058
1929, 9, , , 0.023, 0.103, -0.058
1929, 10, , , 0.023, 0.103, -0.058
1929, 11, , , 0.023, 0.103, -0.058
1929, 12, , , 0.023, 0.103, -0.058
1930, 1, , , 0.022, 0.102, -0.058
1930, 2, , , 0.022, 0.102, -0.057
1930, 3, , , 0.022, 0.102, -0.057
1930, 4, , , 0.022, 0.102, -0.057
1930, 5, , , 0.022, 0.101, -0.057
1930, 6, , , 0.022, 0.101, -0.057
1930, 7, , , 0.022, 0.101, -0.057
1930, 8, , , 0.022, 0.101, -0.057
1930, 9, , , 0.022, 0.101, -0.057
1930, 10, , , 0.022, 0.100, -0.057
1930, 11, , , 0.022, 0.100, -0.057
1930, 12, , , 0.022, 0.100, -0.057
1931, 1, , , 0.022, 0.100, -0.057
1931, 2, , , 0.022, 0.100, -0.056
1931, 3, , , 0.021, 0.099, -0.056
1931, 4, , , 0.021, 0.099, -0.056
1931, 5, , , 0.021, 0.099, -0.056
1931, 6, , , 0.021, 0.099, -0.056
1931, 7, , , 0.021, 0.098, -0.056
1931, 8, , , 0.021, 0.098, -0.056
1931, 9, , , 0.021, 0.098, -0.056
1931, 10, , , 0.021, 0.098, -0.056
1931, 11, , , 0.021, 0.098, -0.056
1931, 12, , , 0.021, 0.097, -0.056
1932, 1, , , 0.021, 0.097, -0.056
1932, 2, , , 0.021, 0.097, -0.056
1932, 3, , , 0.021, 0.097, -0.055
1932, 4, , , 0.021, 0.096, -0.055
1932, 5, , , 0.020, 0.096, -0.055
1932, 6, , , 0.020, 0.096, -0.055
1932, 7, , , 0.020, 0.096, -0.055
1932, 8, , , 0.020, 0.096, -0.055
1932, 9, , , 0.020, 0.095, -0.055
1932, 10, , , 0.020, 0.095, -0.055
1932, 11, , , 0.020, 0.095, -0.055
1932, 12, , , 0.020, 0.095, -0.055
1933, 1, , , 0.020, 0.095, -0.055
1933, 2, , , 0.020, 0.094, -0.055
1933, 3, , , 0.020, 0.094, -0.055
1933, 4, , , 0.020, 0.094, -0.054
1933, 5, , , 0.020, 0.094, -0.054
1933, 6, , , 0.020, 0.093, -0.054
1933, 7, , , 0.019, 0.093, -0.054
1933, 8, , , 0.019, 0.093, -0.054
1933, 9, , , 0.019, 0.093, -0.054
1933, 10, , , 0.019, 0.093, -0.054
1933, 11, , , 0.019, 0.092, -0.054
1933, 12, , , 0.019, 0.092, -0.054
1934, 1, , , 0.019, 0.092, -0.054
1934, 2, , , 0.019, 0.092, -0.054
1934, 3, , , 0.019, 0.091, -0.054
1934, 4, , , 0.019, 0.091, -0.054
1934, 5, , , 0.019, 0.091, -0.053
1934, 6, , , 0.019, 0.091, -0.053
1934, 7, , , 0.019, 0.091, -0.053
1934, 8, , , 0.019, 0.090, -0.053
1934, 9, , , 0.019, 0.090, -0.053
1934, 10, , , 0.018, 0.090, -0.053
1934, 11, , , 0.018, 0.090, -0.053
1934, 12, , , 0.018, 0.090, -0.053
1935, 1, , , 0.018, 0.089, -0.053
1935, 2, , , 0.018, 0.089, -0.053
1935, 3, , , 0.018, 0.089, -0.053
1935, 4, , , 0.018, 0.089, -0.053
1935, 5, , , 0.018, 0.088, -0.053
1935, 6, , , 0.018, 0.088, -0.052
1935, 7, , , 0.018, 0.088, -0.052
1935, 8, , , 0.018, 0.088, -0.052
1935, 9, , , 0.018, 0.088, -0.052
1935, 10, , , 0.018, 0.087, -0.052
1935, 11, , , 0.018, 0.087, -0.052
1935, 12, , , 0.017, 0.087, -0.052
1936, 1, , , 0.017, 0.087, -0.052
1936, 2, , , 0.017, 0.087, -0.052
1936, 3, , , 0.017, 0.086, -0.052
1936, 4, , , 0.017, 0.086, -0.052
1936, 5, , , 0.017, 0.086, -0.052
1936, 6, , , 0.017, 0.086, -0.052
1936, 7, , , 0.017, 0.085, -0.052
1936, 8, , , 0.017, 0.085, -0.051
1936, 9, , , 0.017, 0.085, -0.051
1936, 10, , , 0.017, 0.085, -0.051
1936, 11, , , 0.017, 0.085, -0.051
1936, 12, , , 0.017, 0.084, -0.051
1937, 1, , , 0.017, 0.084, -0.051
1937, 2, , , 0.016, 0.084, -0.051
1937, 3, , , 0.016, 0.084, -0.051
1937, 4, , , 0.016, 0.084, -0.051
1937, 5, , , 0.016, 0.083, -0.051
1937, 6, , , 0.016, 0.083, -0.051
1937, 7, , , 0.016, 0.083, -0.051
1937, 8, , , 0.016, 0.083, -0.051
1937, 9, , , 0.016, 0.082, -0.050
1937, 10, , , 0.016, 0.082, -0.050
1937, 11, , , 0.016, 0.082, -0.050
1937, 12, , , 0.016, 0.082, -0.050
1938, 1, , , 0.016, 0.082, -0.050
1938, 2, , , 0.016, 0.081, -0.050
1938, 3, , , 0.016, 0.081, -0.050
1938, 4, , , 0.015, 0.081, -0.050
1938, 5, , , 0.015, 0.081, -0.050
1938, 6, , , 0.015, 0.081, -0.050
1938, 7, , , 0.015, 0.080, -0.050
1938, 8, , , 0.015, 0.080, -0.050
1938, 9, , , 0.015, 0.080, -0.050
1938, 10, , , 0.015, 0.080, -0.050
1938, 11, , , 0.015, 0.079, -0.049
1938, 12, , , 0.015, 0.079, -0.049
1939, 1, , , 0.015, 0.079, -0.049
1939, 2, , , 0.015, 0.079, -0.049
1939, 3, , , 0.015, 0.079, -0.049
1939, 4, , , 0.015, 0.078, -0.049
1939, 5, , , 0.015, 0.078, -0.049
1939, 6, , , 0.015, 0.078, -0.049
1939, 7, , , 0.014, 0.078, -0.049
1939, 8, , , 0.014, 0.078, -0.049
1939, 9, , , 0.014, 0.077, -0.049
1939, 10, , , 0.014, 0.077, -0.049
1939, 11, , , 0.014, 0.077, -0.049
1939, 12, , , 0.014, 0.077, -0.048
1940, 1, , , 0.014, 0.076, -0.048
1940, 2, , , 0.014, 0.076, -0.048
1940, 3, , , 0.014, 0.076, -0.048
1940, 4, , , 0.014, 0.076, -0.048
1940, 5, , , 0.014, 0.076, -0.048
1940, 6, , , 0.014, 0.075, -0.048
1940, 7, , , 0.014, 0.075, -0.048
1940, 8, , , 0.014, 0.075, -0.048
1940, 9, , , 0.013, 0.075, -0.048
1940, 10, , , 0.013, 0.075, -0.048
1940, 11, , , 0.013, 0.074, -0.048
1940, 12, , , 0.013, 0.074, -0.048
1941, 1, , , 0.013, 0.074, -0.048
1941, 2, , , 0.013, 0.074, -0.047
1941, 3, , , 0.013, 0.073, -0.047
1941, 4, , , 0.013, 0.073, -0.047
1941, 5, , , 0.013, 0.073, -0.047
1941, 6, , , 0.013, 0.073, -0.047
1941, 7, , , 0.013, 0.073, -0.047
1941, 8, , , 0.013, 0.072, -0.047
1941, 9, , , 0.013, 0.072, -0.047
1941, 10, , , 0.013, 0.072, -0.047
1941, 11, , , 0.012, 0.072, -0.047
1941, 12, , , 0.012, 0.072, -0.047
1942, 1, , , 0.012, 0.071, -0.047
1942, 2, , , 0.012, 0.071, -0.047
1942, 3, , , 0.012, 0.071, -0.047
1942, 4, , , 0.012, 0.071, -0.046
1942, 5, , , 0.012, 0.071, -0.046
1942, 6, , , 0.012, 0.070, -0.046
1942, 7, , , 0.012, 0.070, -0.046
1942, 8, , , 0.012, 0.070, -0.046
1942, 9, , , 0.012, 0.070, -0.046
1942, 10, , , 0.012, 0.069, -0.046
1942, 11, , , 0.012, 0.069, -0.046
1942, 12, , , 0.012, 0.069, -0.046
1943, 1, , , 0.012, 0.069, -0.046
1943, 2, , , 0.011, 0.069, -0.046
1943, 3, , , 0.011, 0.068, -0.046
1943, 4, , , 0.011, 0.068, -0.046
1943, 5, , , 0.011, 0.068, -0.046
1943, 6, , , 0.011, 0.068, -0.045
1943, 7, , , 0.011, 0.068, -0.045
1943, 8, , , 0.011, 0.067, -0.045
1943, 9, , , 0.011, 0.067, -0.045
1943, 10, , , 0.011, 0.067, -0.045
1943, 11, , , 0.011, 0.067, -0.045
1943, 12, , , 0.011, 0.067, -0.045
1944, 1, , , 0.011, 0.066, -0.045
1944, 2, , , 0.011, 0.066, -0.045
1944, 3, , , 0.011, 0.066, -0.045
1944, 4, , , 0.010, 0.066, -0.045
1944, 5, , , 0.010, 0.065, -0.045
1944, 6, , , 0.010, 0.065, -0.045
1944, 7, , , 0.010, 0.065, -0.045
1944, 8, , , 0.010, 0.065, -0.044
1944, 9, , , 0.010, 0.065, -0.044
1944, 10, , , 0.010, 0.064, -0.044
1944, 11, , , 0.010, 0.064, -0.044
1944, 12, , , 0.010, 0.064, -0.044
1945, 1, , , 0.010, 0.064, -0.044
1945, 2, , , 0.010, 0.064, -0.044
1945, 3, , , 0.010, 0.063, -0.044
1945, 4, , , 0.010, 0.063, -0.044
1945, 5, , , 0.010, 0.063, -0.044
1945, 6, , , 0.009, 0.063, -0.044
1945, 7, , , 0.009, 0.063, -0.044
1945, 8, , , 0.009, 0.062, -0.044
1945, 9, , , 0.009, 0.062, -0.044
1945, 10, , , 0.009, 0.062, -0.044
1945, 11, , , 0.009, 0.062, -0.043
1945, 12, , , 0.009, 0.062, -0.043
1946, 1, , , 0.009, 0.061, -0.043
1946, 2, , , 0.009, 0.061, -0.043
1946, 3, , , 0.009, 0.061, -0.043
1946, 4, , , 0.009, 0.061, -0.043
1946, 5, , , 0.009, 0.060, -0.043
1946, 6, , , 0.009, 0.060, -0.043
1946, 7, , , 0.009, 0.060, -0.043
1946, 8, , , 0.008, 0.060, -0.043
1946, 9, , , 0.008, 0.060, -0.043
1946, 10, , , 0.008, 0.059, -0.043
1946, 11, , , 0.008, 0.059, -0.043
1946, 12, , , 0.008, 0.059, -0.043
1947, 1, , , 0.008, 0.059, -0.043
1947, 2, , , 0.008, 0.059, -0.042
1947, 3, , , 0.008, 0.058, -0.042
1947, 4, , , 0.008, 0.058, -0.042
1947, 5, , , 0.008, 0.058, -0.042
1947, 6, , , 0.008, 0.058, -0.042
1947, 7, , , 0.008, 0.058, -0.042
1947, 8, , , 0.008, 0.057, -0.042
1947, 9, , , 0.008, 0.057, -0.042
1947, 10, , , 0.008, 0.057, -0.042
1947, 11, , , 0.007, 0.057, -0.042
1947, 12, , , 0.007, 0.057, -0.042
1948, 1, -0.001, , 0.007, 0.056, -0.042
1948, 2, -0.018, , 0.007, 0.056, -0.042
1948, 3, -0.014, , 0.007, 0.056, -0.042
1948, 4, 0.055, , 0.007, 0.056, -0.042
1948, 5, 0.068, , 0.007, 0.056, -0.042
1948, 6, 0.059, , 0.007, 0.055, -0.041
1948, 7, -0.007, , 0.007, 0.055, -0.041
1948, 8, 0.049, , 0.007, 0.055, -0.041
1948, 9, 0.066, , 0.007, 0.055, -0.041
1948, 10, -0.090, , 0.007, 0.055, -0.041
1948, 11, -0.027, , 0.007, 0.054, -0.041
1948, 12, 0.037, , 0.007, 0.054, -0.041
1949, 1, -0.038, , 0.006, 0.054, -0.041
1949, 2, -0.030, , 0.006, 0.054, -0.041
1949, 3, -0.033, , 0.006, 0.054, -0.041
1949, 4, -0.027, , 0.006, 0.053, -0.041
1949, 5, -0.034, , 0.006, 0.053, -0.041
1949, 6, -0.008, , 0.006, 0.053, -0.041
1949, 7, 0.005, , 0.006, 0.053, -0.041
1949, 8, 0.052, , 0.006, 0.053, -0.041
1949, 9, 0.079, , 0.006, 0.052, -0.041
1949, 10, 0.064, , 0.006, 0.052, -0.040
1949, 11, 0.015, , 0.006, 0.052, -0.040
1949, 12, 0.126, , 0.006, 0.052, -0.040
1950, 1, 0.133, , 0.006, 0.052, -0.040
1950, 2, 0.113, , 0.006, 0.051, -0.040
1950, 3, 0.111, , 0.005, 0.051, -0.040
1950, 4, 0.092, , 0.005, 0.051, -0.040
1950, 5, 0.092, , 0.005, 0.051, -0.040
1950, 6, 0.031, , 0.005, 0.050, -0.040
1950, 7, 0.008, , 0.005, 0.050, -0.040
1950, 8, -0.052, , 0.005, 0.050, -0.040
1950, 9, -0.043, , 0.005, 0.050, -0.040
1950, 10, -0.068, , 0.005, 0.050, -0.040
1950, 11, -0.049, , 0.005, 0.049, -0.040
1950, 12, -0.051, , 0.005, 0.049, -0.040
1951, 1, -0.080, , 0.005, 0.049, -0.040
1951, 2, -0.100, , 0.005, 0.049, -0.039
1951, 3, -0.042, , 0.005, 0.049, -0.039
1951, 4, -0.012, , 0.005, 0.049, -0.039
1951, 5, 0.010, , 0.005, 0.048, -0.039
1951, 6, 0.007, , 0.004, 0.048, -0.039
1951, 7, -0.019, , 0.004, 0.048, -0.039
1951, 8, 0.003, , 0.004, 0.048, -0.039
1951, 9, 0.002, , 0.004, 0.048, -0.039
1951, 10, 0.020, , 0.004, 0.047, -0.039
1951, 11, -0.009, , 0.004, 0.047, -0.039
1951, 12, -0.020, , 0.004, 0.047, -0.039
1952, 1, 0.002, , 0.004, 0.047, -0.039
1952, 2, 0.004, , 0.004, 0.047, -0.039
1952, 3, 0.028, , 0.004, 0.046, -0.039
1952, 4, -0.000, , 0.004, 0.046, -0.039
1952, 5, -0.024, , 0.004, 0.046, -0.039
1952, 6, -0.014, , 0.004, 0.046, -0.039
1952, 7, -0.031, , 0.004, 0.046, -0.039
1952, 8, 0.003, , 0.003, 0.045, -0.038
1952, 9, -0.049, , 0.003, 0.045, -0.038
1952, 10, 0.020, , 0.003, 0.045, -0.038
1952, 11, 0.028, , 0.003, 0.045, -0.038
1952, 12, 0.025, , 0.003, 0.045, -0.038
1953, 1, 0.039, , 0.003, 0.044, -0.038
1953, 2, 0.046, , 0.003, 0.044, -0.038
1953, 3, 0.044, , 0.003, 0.044, -0.038
1953, 4, 0.046, , 0.003, 0.044, -0.038
1953, 5, 0.022, , 0.003, 0.044, -0.038
1953, 6, 0.053, , 0.003, 0.043, -0.038
1953, 7, 0.081, , 0.003, 0.043, -0.038
1953, 8, 0.085, , 0.003, 0.043, -0.038
1953, 9, 0.079, , 0.003, 0.043, -0.038
1953, 10, 0.088, , 0.002, 0.043, -0.038
1953, 11, 0.140, , 0.002, 0.042, -0.038
1953, 12, 0.123, , 0.002, 0.042, -0.038
1954, 1, 0.100, , 0.002, 0.042, -0.038
1954, 2, 0.129, , 0.002, 0.042, -0.037
1954, 3, 0.114, , 0.002, 0.042, -0.037
1954, 4, 0.128, , 0.002, 0.041, -0.037
1954, 5, 0.064, , 0.002, 0.041, -0.037
1954, 6, 0.040, , 0.002, 0.041, -0.037
1954, 7, -0.004, , 0.002, 0.041, -0.037
1954, 8, 0.030, , 0.002, 0.041, -0.037
1954, 9, -0.004, , 0.002, 0.041, -0.037
1954, 10, -0.006, , 0.002, 0.040, -0.037
1954, 11, 0.003, , 0.002, 0.040, -0.037
1954, 12, 0.004, , 0.001, 0.040, -0.037
1955, 1, -0.031, , 0.001, 0.040, -0.037
1955, 2, 0.043, , 0.001, 0.040, -0.037
1955, 3, 0.028, , 0.001, 0.039, -0.037
1955, 4, 0.016, , 0.001, 0.039, -0.037
1955, 5, 0.010, , 0.001, 0.039, -0.037
1955, 6, -0.014, , 0.001, 0.039, -0.037
1955, 7, -0.019, , 0.001, 0.039, -0.037
1955, 8, 0.009, , 0.001, 0.038, -0.037
1955, 9, 0.045, , 0.001, 0.038, -0.037
1955, 10, 0.018, , 0.001, 0.038, -0.037
1955, 11, 0.043, , 0.001, 0.038, -0.036
1955, 12, 0.062, , 0.001, 0.038, -0.036
1956, 1, 0.036, , 0.001, 0.038, -0.036
1956, 2, 0.046, , 0.001, 0.037, -0.036
1956, 3, 0.019, , 0.000, 0.037, -0.036
1956, 4, 0.031, , 0.000, 0.037, -0.036
1956, 5, -0.000, , 0.000, 0.037, -0.036
1956, 6, -0.063, , 0.000, 0.037, -0.036
1956, 7, -0.098, , 0.000, 0.036, -0.036
1956, 8, -0.079, , 0.000, 0.036, -0.036
1956, 9, -0.120, , 0.000, 0.036, -0.036
1956, 10, -0.098, , -0.000, 0.036, -0.036
1956, 11, -0.067, , -0.000, 0.036, -0.036
1956, 12, -0.048, , -0.000, 0.036, -0.036
1957, 1, 0.042, , -0.000, 0.035, -0.036
1957, 2, 0.052, , -0.000, 0.035, -0.036
1957, 3, 0.028, , -0.000, 0.035, -0.036
1957, 4, 0.016, , -0.000, 0.035, -0.036
1957, 5, -0.028, , -0.001, 0.035, -0.036
1957, 6, -0.030, , -0.001, 0.034, -0.036
1957, 7, 0.017, , -0.001, 0.034, -0.036
1957, 8, 0.033, , -0.001, 0.034, -0.036
1957, 9, 0.042, , -0.001, 0.034, -0.036
1957, 10, 0.048, , -0.001, 0.034, -0.035
1957, 11, 0.015, , -0.001, 0.034, -0.035
1957, 12, -0.005, , -0.001, 0.033, -0.035
1958, 1, -0.053, , -0.001, 0.033, -0.035
1958, 2, -0.051, , -0.001, 0.033, -0.035
1958, 3, -0.087, , -0.001, 0.033, -0.035
1958, 4, -0.079, , -0.001, 0.033, -0.035
1958, 5, -0.094, , -0.001, 0.032, -0.035
1958, 6, -0.118, , -0.001, 0.032, -0.035
1958, 7, -0.068, , -0.002, 0.032, -0.035
1958, 8, -0.006, , -0.002, 0.032, -0.035
1958, 9, -0.056, , -0.002, 0.032, -0.035
1958, 10, -0.040, , -0.002, 0.032, -0.035
1958, 11, -0.042, , -0.002, 0.031, -0.035
1958, 12, -0.112, , -0.002, 0.031, -0.035
1959, 1, -0.184, , -0.002, 0.031, -0.035
1959, 2, -0.106, , -0.002, 0.031, -0.035
1959, 3, -0.078, , -0.002, 0.031, -0.035
1959, 4, -0.015, , -0.002, 0.031, -0.035
1959, 5, -0.010, , -0.002, 0.030, -0.035
1959, 6, -0.014, , -0.002, 0.030, -0.035
1959, 7, -0.013, , -0.002, 0.030, -0.035
1959, 8, -0.006, , -0.002, 0.030, -0.035
1959, 9, 0.024, , -0.003, 0.030, -0.035
1959, 10, 0.012, , -0.003, 0.030, -0.035
1959, 11, -0.024, , -0.003, 0.029, -0.035
1959, 12, -0.027, , -0.003, 0.029, -0.035
1960, 1, -0.044, , -0.003, 0.029, -0.035
1960, 2, 0.007, , -0.003, 0.029, -0.035
1960, 3, -0.036, , -0.003, 0.029, -0.035
1960, 4, 0.003, , -0.003, 0.029, -0.035
1960, 5, 0.006, , -0.003, 0.028, -0.035
1960, 6, 0.019, , -0.003, 0.028, -0.034
1960, 7, -0.016, , -0.003, 0.028, -0.034
1960, 8, 0.009, , -0.003, 0.028, -0.034
1960, 9, -0.037, , -0.003, 0.028, -0.034
1960, 10, 0.002, , -0.003, 0.028, -0.034
1960, 11, 0.018, , -0.003, 0.027, -0.034
1960, 12, -0.005, , -0.004, 0.027, -0.034
1961, 1, -0.013, , -0.004, 0.027, -0.034
1961, 2, -0.012, , -0.004, 0.027, -0.034
1961, 3, 0.022, , -0.004, 0.027, -0.034
1961, 4, -0.009, , -0.004, 0.027, -0.034
1961, 5, 0.030, , -0.004, 0.026, -0.034
1961, 6, 0.059, , -0.004, 0.026, -0.034
1961, 7, 0.026, , -0.004, 0.026, -0.034
1961, 8, -0.009, , -0.004, 0.026, -0.034
1961, 9, 0.033, , -0.004, 0.026, -0.034
1961, 10, 0.054, , -0.004, 0.026, -0.034
1961, 11, 0.009, , -0.004, 0.025, -0.034
1961, 12, 0.025, , -0.004, 0.025, -0.034
1962, 1, 0.078, , -0.004, 0.025, -0.034
1962, 2, 0.028, , -0.005, 0.025, -0.034
1962, 3, 0.050, , -0.005, 0.025, -0.034
1962, 4, 0.104, , -0.005, 0.025, -0.034
1962, 5, 0.080, , -0.005, 0.025, -0.034
1962, 6, 0.016, , -0.005, 0.024, -0.034
1962, 7, -0.034, , -0.005, 0.024, -0.034
1962, 8, -0.006, , -0.005, 0.024, -0.034
1962, 9, -0.037, , -0.005, 0.024, -0.034
1962, 10, -0.010, , -0.005, 0.024, -0.034
1962, 11, 0.012, , -0.005, 0.024, -0.034
1962, 12, 0.007, , -0.005, 0.024, -0.034
1963, 1, 0.011, , -0.005, 0.023, -0.034
1963, 2, -0.033, , -0.005, 0.023, -0.034
1963, 3, 0.068, , -0.005, 0.023, -0.034
1963, 4, 0.076, , -0.006, 0.023, -0.034
1963, 5, 0.052, , -0.006, 0.023, -0.034
1963, 6, -0.020, , -0.006, 0.023, -0.034
1963, 7, -0.111, , -0.006, 0.022, -0.034
1963, 8, -0.073, , -0.006, 0.022, -0.034
1963, 9, -0.046, , -0.006, 0.022, -0.034
1963, 10, -0.116, , -0.006, 0.022, -0.034
1963, 11, -0.103, , -0.006, 0.022, -0.034
1963, 12, -0.118, , -0.006, 0.022, -0.034
1964, 1, -0.059, , -0.006, 0.022, -0.034
1964, 2, -0.048, , -0.006, 0.021, -0.034
1964, 3, -0.069, , -0.006, 0.021, -0.034
1964, 4, -0.064, , -0.006, 0.021, -0.034
1964, 5, -0.048, , -0.006, 0.021, -0.034
1964, 6, -0.027, , -0.006, 0.021, -0.034
1964, 7, -0.010, , -0.007, 0.021, -0.034
1964, 8, -0.000, , -0.007, 0.021, -0.034
1964, 9, -0.001, , -0.007, 0.021, -0.034
1964, 10, -0.034, , -0.007, 0.020, -0.034
1964, 11, 0.012, , -0.007, 0.020, -0.034
1964, 12, 0.019, , -0.007, 0.020, -0.034
1965, 1, 0.011, , -0.007, 0.020, -0.034
1965, 2, 0.065, , -0.007, 0.020, -0.034
1965, 3, 0.019, , -0.007, 0.020, -0.034
1965, 4, -0.003, , -0.007, 0.020, -0.034
1965, 5, -0.022, , -0.007, 0.019, -0.034
1965, 6, -0.057, , -0.007, 0.019, -0.034
1965, 7, -0.010, , -0.007, 0.019, -0.034
1965, 8, 0.009, , -0.007, 0.019, -0.034
1965, 9, 0.008, , -0.008, 0.019, -0.034
1965, 10, -0.020, , -0.008, 0.019, -0.034
1965, 11, -0.064, , -0.008, 0.019, -0.034
1965, 12, -0.051, , -0.008, 0.019, -0.034
1966, 1, -0.047, , -0.008, 0.019, -0.034
1966, 2, -0.045, , -0.008, 0.018, -0.034
1966, 3, -0.051, , -0.008, 0.018, -0.034
1966, 4, -0.055, , -0.008, 0.018, -0.034
1966, 5, -0.028, , -0.008, 0.018, -0.034
1966, 6, -0.039, , -0.008, 0.018, -0.034
1966, 7, -0.041, , -0.008, 0.018, -0.034
1966, 8, -0.015, , -0.008, 0.018, -0.034
1966, 9, 0.024, , -0.008, 0.018, -0.034
1966, 10, 0.042, , -0.008, 0.017, -0.034
1966, 11, -0.036, , -0.009, 0.017, -0.034
1966, 12, -0.002, , -0.009, 0.017, -0.034
1967, 1, -0.038, , -0.009, 0.017, -0.034
1967, 2, -0.060, , -0.009, 0.017, -0.034
1967, 3, -0.084, , -0.009, 0.017, -0.035
1967, 4, -0.082, , -0.009, 0.017, -0.035
1967, 5, -0.080, , -0.009, 0.017, -0.035
1967, 6, -0.118, , -0.009, 0.017, -0.035
1967, 7, -0.080, , -0.009, 0.016, -0.035
1967, 8, -0.083, , -0.009, 0.016, -0.035
1967, 9, -0.120, , -0.009, 0.016, -0.035
1967, 10, -0.050, , -0.009, 0.016, -0.035
1967, 11, -0.128, , -0.009, 0.016, -0.035
1967, 12, -0.185, , -0.009, 0.016, -0.035
1968, 1, -0.050, , -0.010, 0.016, -0.035
1968, 2, -0.015, , -0.010, 0.016, -0.035
1968, 3, -0.008, , -0.010, 0.016, -0.035
1968, 4, -0.055, , -0.010, 0.016, -0.035
1968, 5, -0.042, , -0.010, 0.015, -0.035
1968, 6, -0.063, , -0.010, 0.015, -0.035
1968, 7, -0.059, , -0.010, 0.015, -0.035
1968, 8, -0.086, , -0.010, 0.015, -0.035
1968, 9, -0.074, , -0.010, 0.015, -0.035
1968, 10, -0.110, , -0.010, 0.015, -0.035
1968, 11, -0.146, , -0.010, 0.015, -0.035
1968, 12, -0.219, , -0.010, 0.015, -0.035
1969, 1, -0.163, , -0.010, 0.015, -0.035
1969, 2, -0.124, , -0.010, 0.015, -0.035
1969, 3, -0.060, , -0.010, 0.015, -0.036
1969, 4, -0.094, , -0.011, 0.014, -0.036
1969, 5, -0.116, , -0.011, 0.014, -0.036
1969, 6, -0.094, , -0.011, 0.014, -0.036
1969, 7, -0.028, , -0.011, 0.014, -0.036
1969, 8, -0.019, , -0.011, 0.014, -0.036
1969, 9, -0.007, , -0.011, 0.014, -0.036
1969, 10, -0.020, , -0.011, 0.014, -0.036
1969, 11, 0.061, , -0.011, 0.014, -0.036
1969, 12, 0.037, , -0.011, 0.014, -0.036
1970, 1, -0.013, , -0.011, 0.014, -0.036
1970, 2, 0.022, , -0.011, 0.014, -0.036
1970, 3, 0.034, , -0.011, 0.014, -0.036
1970, 4, -0.012, , -0.011, 0.013, -0.036
1970, 5, 0.034, , -0.011, 0.013, -0.036
1970, 6, 0.089, , -0.012, 0.013, -0.036
1970, 7, 0.078, , -0.012, 0.013, -0.036
1970, 8, 0.064, , -0.012, 0.013, -0.037
1970, 9, 0.115, , -0.012, 0.013, -0.037
1970, 10, 0.130, , -0.012, 0.013, -0.037
1970, 11, 0.122, , -0.012, 0.013, -0.037
1970, 12, 0.184, , -0.012, 0.013, -0.037
1971, 1, 0.139, , -0.012, 0.013, -0.037
1971, 2, 0.107, , -0.012, 0.013, -0.037
1971, 3, 0.062, , -0.012, 0.013, -0.037
1971, 4, 0.055, , -0.012, 0.013, -0.037
1971, 5, 0.030, , -0.012, 0.013, -0.037
1971, 6, 0.062, , -0.012, 0.013, -0.037
1971, 7, 0.091, , -0.012, 0.012, -0.037
1971, 8, 0.070, , -0.013, 0.012, -0.037
1971, 9, 0.088, , -0.013, 0.012, -0.038
1971, 10, 0.094, , -0.013, 0.012, -0.038
1971, 11, 0.095, , -0.013, 0.012, -0.038
1971, 12, 0.147, , -0.013, 0.012, -0.038
1972, 1, 0.072, , -0.013, 0.012, -0.038
1972, 2, 0.043, , -0.013, 0.012, -0.038
1972, 3, -0.014, , -0.013, 0.012, -0.038
1972, 4, -0.061, , -0.013, 0.012, -0.038
1972, 5, -0.076, , -0.013, 0.012, -0.038
1972, 6, -0.118, , -0.013, 0.012, -0.038
1972, 7, -0.135, , -0.013, 0.012, -0.038
1972, 8, -0.207, , -0.013, 0.012, -0.039
1972, 9, -0.299, , -0.013, 0.012, -0.039
1972, 10, -0.430, , -0.014, 0.012, -0.039
1972, 11, -0.280, , -0.014, 0.012, -0.039
1972, 12, -0.213, , -0.014, 0.012, -0.039
1973, 1, -0.169, , -0.014, 0.012, -0.039
1973, 2, -0.201, , -0.014, 0.012, -0.039
1973, 3, -0.200, , -0.014, 0.011, -0.039
1973, 4, -0.091, , -0.014, 0.011, -0.039
1973, 5, -0.048, , -0.014, 0.011, -0.039
1973, 6, 0.010, , -0.014, 0.011, -0.039
1973, 7, 0.023, , -0.014, 0.011, -0.040
1973, 8, 0.049, , -0.014, 0.011, -0.040
1973, 9, 0.076, , -0.014, 0.011, -0.040
1973, 10, 0.118, , -0.014, 0.011, -0.040
1973, 11, 0.125, , -0.014, 0.011, -0.040
1973, 12, 0.101, , -0.014, 0.011, -0.040
1974, 1, 0.106, , -0.015, 0.011, -0.040
1974, 2, 0.095, , -0.015, 0.011, -0.040
1974, 3, 0.031, , -0.015, 0.011, -0.040
1974, 4, 0.012, , -0.015, 0.011, -0.041
1974, 5, -0.022, , -0.015, 0.011, -0.041
1974, 6, -0.081, , -0.015, 0.011, -0.041
1974, 7, -0.095, , -0.015, 0.011, -0.041
1974, 8, -0.113, , -0.015, 0.011, -0.041
1974, 9, -0.110, , -0.015, 0.011, -0.041
1974, 10, -0.016, , -0.015, 0.011, -0.041
1974, 11, -0.094, , -0.015, 0.011, -0.041
1974, 12, -0.081, , -0.015, 0.011, -0.041
1975, 1, -0.019, , -0.015, 0.011, -0.042
1975, 2, 0.007, , -0.015, 0.011, -0.042
1975, 3, 0.019, , -0.016, 0.011, -0.042
1975, 4, -0.003, , -0.016, 0.011, -0.042
1975, 5, 0.028, , -0.016, 0.011, -0.042
1975, 6, 0.068, , -0.016, 0.011, -0.042
1975, 7, 0.075, , -0.016, 0.011, -0.042
1975, 8, , , -0.016, 0.011, -0.042
1975, 9, , , -0.016, 0.011, -0.043
1975, 10, 0.100, , -0.016, 0.011, -0.043
1975, 11, , , -0.016, 0.011, -0.043
1975, 12, , , -0.016, 0.011, -0.043
1976, 1, , , -0.016, 0.011, -0.043
1976, 2, , , -0.016, 0.011, -0.043
1976, 3, , , -0.016, 0.011, -0.043
1976, 4, 0.055, , -0.016, 0.011, -0.043
1976, 5, , , -0.017, 0.011, -0.044
1976, 6, , , -0.017, 0.011, -0.044
1976, 7, , , -0.017, 0.011, -0.044
1976, 8, , , -0.017, 0.011, -0.044
1976, 9, , , -0.017, 0.011, -0.044
1976, 10, , , -0.017, 0.011, -0.044
1976, 11, , , -0.017, 0.011, -0.044
1976, 12, 0.022, , -0.017, 0.011, -0.045
1977, 1, 0.033, , -0.017, 0.011, -0.045
1977, 2, 0.043, , -0.017, 0.011, -0.045
1977, 3, 0.050, , -0.017, 0.011, -0.045
1977, 4, 0.043, , -0.017, 0.011, -0.045
1977, 5, 0.012, , -0.017, 0.011, -0.045
1977, 6, -0.002, , -0.017, 0.011, -0.045
1977, 7, -0.022, , -0.017, 0.011, -0.046
1977, 8, -0.003, , -0.018, 0.011, -0.046
1977, 9, 0.063, , -0.018, 0.011, -0.046
1977, 10, 0.032, , -0.018, 0.011, -0.046
1977, 11, -0.061, , -0.018, 0.011, -0.046
1977, 12, -0.045, , -0.018, 0.011, -0.046
1978, 1, -0.041, , -0.018, 0.011, -0.046
1978, 2, -0.024, , -0.018, 0.011, -0.047
1978, 3, -0.066, , -0.018, 0.011, -0.047
1978, 4, -0.052, , -0.018, 0.011, -0.047
1978, 5, -0.004, , -0.018, 0.011, -0.047
1978, 6, -0.036, , -0.018, 0.011, -0.047
1978, 7, 0.017, , -0.018, 0.011, -0.047
1978, 8, 0.039, , -0.018, 0.011, -0.047
1978, 9, 0.024, , -0.018, 0.011, -0.048
1978, 10, 0.058, , -0.019, 0.011, -0.048
1978, 11, 0.049, , -0.019, 0.011, -0.048
1978, 12, -0.023, , -0.019, 0.011, -0.048
1979, 1, -0.047, , -0.019, 0.011, -0.048
1979, 2, -0.118, , -0.019, 0.011, -0.048
1979, 3, -0.075, , -0.019, 0.011, -0.048
1979, 4, -0.052, , -0.019, 0.011, -0.049
1979, 5, -0.052, , -0.019, 0.011, -0.049
1979, 6, -0.030, , -0.019, 0.011, -0.049
1979, 7, 0.030, , -0.019, 0.011, -0.049
1979, 8, -0.006, , -0.019, 0.011, -0.049
1979, 9, -0.037, , -0.019, 0.011, -0.049
1979, 10, -0.022, , -0.019, 0.011, -0.050
1979, 11, 0.015, , -0.019, 0.011, -0.050
1979, 12, -0.023, , -0.020, 0.011, -0.050
1980, 1, -0.044, , -0.020, 0.011, -0.050
1980, 2, -0.045, , -0.020, 0.011, -0.050
1980, 3, -0.026, , -0.020, 0.011, -0.050
1980, 4, 0.025, , -0.020, 0.011, -0.051
1980, 5, -0.003, , -0.020, 0.011, -0.051
1980, 6, -0.005, , -0.020, 0.011, -0.051
1980, 7, -0.007, , -0.020, 0.011, -0.051
1980, 8, 0.024, , -0.020, 0.011, -0.051
1980, 9, -0.004, , -0.020, 0.011, -0.051
1980, 10, -0.006, , -0.020, 0.011, -0.052
1980, 11, 0.028, , -0.020, 0.011, -0.052
1980, 12, -0.030, , -0.020, 0.011, -0.052
1981, 1, -0.007, , -0.020, 0.011, -0.052
1981, 2, -0.018, , -0.021, 0.011, -0.052
1981, 3, 0.007, , -0.021, 0.011, -0.052
1981, 4, -0.030, , -0.021, 0.011, -0.053
1981, 5, -0.016, , -0.021, 0.011, -0.053
1981, 6, -0.002, , -0.021, 0.011, -0.053
1981, 7, 0.066, , -0.021, 0.011, -0.053
1981, 8, 0.085, , -0.021, 0.011, -0.053
1981, 9, 0.060, , -0.021, 0.011, -0.053
1981, 10, 0.130, , -0.021, 0.011, -0.054
1981, 11, 0.107, , -0.021, 0.011, -0.054
1981, 12, 0.037, , -0.021, 0.011, -0.054
1982, 1, 0.087, , -0.021, 0.011, -0.054
1982, 2, 0.065, , -0.021, 0.012, -0.054
1982, 3, 0.038, , -0.021, 0.012, -0.054
1982, 4, 0.019, , -0.021, 0.012, -0.055
1982, 5, 0.002, , -0.022, 0.012, -0.055
1982, 6, -0.075, , -0.022, 0.012, -0.055
1982, 7, -0.068, , -0.022, 0.012, -0.055
1982, 8, -0.137, , -0.022, 0.012, -0.055
1982, 9, -0.165, , -0.022, 0.012, -0.055
1982, 10, -0.160, , -0.022, 0.012, -0.056
1982, 11, -0.216, , -0.022, 0.012, -0.056
1982, 12, -0.243, , -0.022, 0.012, -0.056
1983, 1, -0.224, , -0.022, 0.012, -0.056
1983, 2, -0.268, , -0.022, 0.012, -0.056
1983, 3, -0.185, , -0.022, 0.012, -0.056
1983, 4, -0.180, , -0.022, 0.012, -0.057
1983, 5, -0.176, , -0.022, 0.012, -0.057
1983, 6, -0.139, , -0.022, 0.012, -0.057
1983, 7, -0.083, , -0.023, 0.012, -0.057
1983, 8, -0.101, , -0.023, 0.012, -0.057
1983, 9, -0.035, , -0.023, 0.012, -0.058
1983, 10, 0.012, , -0.023, 0.012, -0.058
1983, 11, 0.046, , -0.023, 0.012, -0.058
1983, 12, 0.019, , -0.023, 0.012, -0.058
1984, 1, 0.045, , -0.023, 0.012, -0.058
1984, 2, 0.043, , -0.023, 0.012, -0.058
1984, 3, 0.059, , -0.023, 0.012, -0.059
1984, 4, 0.092, , -0.023, 0.012, -0.059
1984, 5, 0.106, , -0.023, 0.013, -0.059
1984, 6, 0.117, , -0.023, 0.013, -0.059
1984, 7, 0.100, , -0.023, 0.013, -0.059
1984, 8, 0.106, , -0.023, 0.013, -0.060
1984, 9, 0.127, , -0.024, 0.013, -0.060
1984, 10, 0.108, , -0.024, 0.013, -0.060
1984, 11, 0.046, , -0.024, 0.013, -0.060
1984, 12, 0.114, , -0.024, 0.013, -0.060
1985, 1, 0.063, , -0.024, 0.013, -0.060
1985, 2, 0.098, , -0.024, 0.013, -0.061
1985, 3, 0.077, , -0.024, 0.013, -0.061
1985, 4, 0.104, , -0.024, 0.013, -0.061
1985, 5, -0.006, , -0.024, 0.013, -0.061
1985, 6, -0.042, , -0.024, 0.013, -0.061
1985, 7, -0.038, , -0.024, 0.013, -0.062
1985, 8, -0.025, , -0.024, 0.013, -0.062
1985, 9, -0.022, , -0.024, 0.013, -0.062
1985, 10, -0.004, , -0.024, 0.013, -0.062
1985, 11, -0.009, , -0.025, 0.013, -0.062
1985, 12, 0.056, , -0.025, 0.013, -0.063
1986, 1, 0.081, , -0.025, 0.013, -0.063
1986, 2, 0.034, , -0.025, 0.013, -0.063
1986, 3, -0.042, , -0.025, 0.014, -0.063
1986, 4, -0.035, , -0.025, 0.014, -0.063
1986, 5, -0.018, , -0.025, 0.014, -0.063
1986, 6, 0.013, , -0.025, 0.014, -0.064
1986, 7, -0.047, , -0.025, 0.014, -0.064
1986, 8, -0.079, , -0.025, 0.014, -0.064
1986, 9, -0.103, , -0.025, 0.014, -0.064
1986, 10, -0.112, , -0.025, 0.014, -0.064
1986, 11, -0.131, , -0.025, 0.014, -0.065
1986, 12, -0.084, , -0.025, 0.014, -0.065
1987, 1, -0.126, , -0.025, 0.014, -0.065
1987, 2, -0.164, , -0.026, 0.014, -0.065
1987, 3, -0.154, , -0.026, 0.014, -0.065
1987, 4, -0.149, , -0.026, 0.014, -0.066
1987, 5, -0.078, , -0.026, 0.014, -0.066
1987, 6, -0.014, , -0.026, 0.014, -0.066
1987, 7, -0.041, , -0.026, 0.014, -0.066
1987, 8, -0.070, , -0.026, 0.014, -0.066
1987, 9, 0.015, , -0.026, 0.014, -0.067
1987, 10, -0.058, , -0.026, 0.014, -0.067
1987, 11, -0.061, , -0.026, 0.015, -0.067
1987, 12, -0.106, , -0.026, 0.015, -0.067
1988, 1, -0.084, , -0.026, 0.015, -0.067
1988, 2, -0.051, , -0.026, 0.015, -0.067
1988, 3, -0.014, , -0.026, 0.015, -0.068
1988, 4, -0.003, , -0.027, 0.015, -0.068
1988, 5, -0.000, , -0.027, 0.015, -0.068
1988, 6, 0.016, , -0.027, 0.015, -0.068
1988, 7, -0.001, , -0.027, 0.015, -0.068
1988, 8, 0.003, , -0.027, 0.015, -0.069
1988, 9, 0.094, , -0.027, 0.015, -0.069
1988, 10, 0.140, , -0.027, 0.015, -0.069
1988, 11, 0.131, , -0.027, 0.015, -0.069
1988, 12, 0.181, , -0.027, 0.015, -0.069
1989, 1, 0.191, , -0.027, 0.015, -0.070
1989, 2, 0.138, , -0.027, 0.015, -0.070
1989, 3, 0.111, , -0.027, 0.015, -0.070
1989, 4, 0.076, , -0.027, 0.015, -0.070
1989, 5, -0.006, , -0.027, 0.016, -0.070
1989, 6, -0.057, , -0.028, 0.016, -0.071
1989, 7, -0.047, , -0.028, 0.016, -0.071
1989, 8, -0.025, , -0.028, 0.016, -0.071
1989, 9, -0.056, , -0.028, 0.016, -0.071
1989, 10, -0.056, , -0.028, 0.016, -0.071
1989, 11, -0.103, , -0.028, 0.016, -0.072
1989, 12, -0.014, , -0.028, 0.016, -0.072
1990, 1, -0.159, , -0.028, 0.016, -0.072
1990, 2, -0.091, , -0.028, 0.016, -0.072
1990, 3, -0.054, , -0.028, 0.016, -0.072
1990, 4, -0.100, , -0.028, 0.016, -0.073
1990, 5, -0.092, , -0.028, 0.016, -0.073
1990, 6, -0.091, , -0.028, 0.016, -0.073
1990, 7, -0.126, , -0.028, 0.016, -0.073
1990, 8, -0.079, , -0.028, 0.016, -0.073
1990, 9, -0.080, , -0.029, 0.016, -0.074
1990, 10, -0.098, , -0.029, 0.017, -0.074
1990, 11, -0.021, , -0.029, 0.017, -0.074
1990, 12, -0.084, , -0.029, 0.017, -0.074
1991, 1, -0.095, , -0.029, 0.017, -0.074
1991, 2, -0.100, , -0.029, 0.017, -0.075
1991, 3, -0.078, , -0.029, 0.017, -0.075
1991, 4, -0.143, , -0.029, 0.017, -0.075
1991, 5, -0.222, , -0.029, 0.017, -0.075
1991, 6, -0.109, , -0.029, 0.017, -0.075
1991, 7, -0.031, , -0.029, 0.017, -0.076
1991, 8, -0.006, , -0.029, 0.017, -0.076
1991, 9, -0.065, , -0.029, 0.017, -0.076
1991, 10, -0.044, , -0.029, 0.017, -0.076
1991, 11, -0.030, , -0.030, 0.017, -0.076
1991, 12, -0.136, , -0.030, 0.017, -0.077
1992, 1, -0.132, , -0.030, 0.017, -0.077
1992, 2, -0.118, , -0.030, 0.018, -0.077
1992, 3, -0.045, , -0.030, 0.018, -0.077
1992, 4, -0.027, , -0.030, 0.018, -0.077
1992, 5, -0.074, , -0.030, 0.018, -0.078
1992, 6, -0.084, , -0.030, 0.018, -0.078
1992, 7, -0.123, , -0.030, 0.018, -0.078
1992, 8, -0.064, , -0.030, 0.018, -0.078
1992, 9, -0.101, , -0.030, 0.018, -0.078
1992, 10, -0.064, , -0.030, 0.018, -0.079
1992, 11, -0.094, , -0.030, 0.018, -0.079
1992, 12, -0.121, , -0.030, 0.018, -0.079
1993, 1, -0.059, , -0.031, 0.018, -0.079
1993, 2, -0.101, , -0.031, 0.018, -0.079
1993, 3, -0.109, , -0.031, 0.018, -0.080
1993, 4, -0.096, , -0.031, 0.018, -0.080
1993, 5, -0.008, , -0.031, 0.018, -0.080
1993, 6, 0.024, , -0.031, 0.019, -0.080
1993, 7, 0.020, , -0.031, 0.019, -0.080
1993, 8, 0.060, , 0.028, 0.108, -0.052
1993, 9, 0.055, , 0.029, 0.108, -0.051
1993, 10, 0.034, , 0.029, 0.108, -0.050
1993, 11, 0.031, , 0.029, 0.108, -0.049
1993, 12, 0.058, , 0.030, 0.108, -0.048
1994, 1, 0.048, , 0.030, 0.108, -0.047
1994, 2, 0.047, , 0.031, 0.108, -0.047
1994, 3, 0.045, , 0.031, 0.108, -0.046
1994, 4, 0.034, , 0.031, 0.108, -0.045
1994, 5, 0.040, , 0.032, 0.108, -0.044
1994, 6, 0.050, , 0.032, 0.107, -0.043
1994, 7, 0.086, , 0.032, 0.107, -0.043
1994, 8, 0.044, , 0.033, 0.107, -0.042
1994, 9, 0.063, , 0.033, 0.107, -0.041
1994, 10, 0.024, , 0.034, 0.107, -0.040
1994, 11, -0.084, , 0.034, 0.107, -0.039
1994, 12, -0.011, , 0.034, 0.107, -0.039
1995, 1, -0.046, , 0.035, 0.107, -0.038
1995, 2, -0.125, , 0.035, 0.107, -0.037
1995, 3, -0.129, , 0.035, 0.107, -0.036
1995, 4, -0.094, , 0.036, 0.107, -0.035
1995, 5, -0.066, , 0.036, 0.107, -0.035
1995, 6, 0.015, , 0.037, 0.107, -0.034
1995, 7, 0.053, , 0.037, 0.107, -0.033
1995, 8, 0.047, , 0.037, 0.107, -0.032
1995, 9, 0.046, , 0.038, 0.107, -0.031
1995, 10, 0.076, , 0.038, 0.107, -0.031
1995, 11, 0.089, , 0.038, 0.107, -0.030
1995, 12, 0.102, , 0.039, 0.107, -0.029
1996, 1, 0.100, , 0.039, 0.107, -0.028
1996, 2, 0.138, , 0.040, 0.107, -0.027
1996, 3, 0.113, , 0.040, 0.107, -0.027
1996, 4, 0.098, , 0.040, 0.107, -0.026
1996, 5, 0.092, , 0.041, 0.107, -0.025
1996, 6, 0.096, , 0.041, 0.107, -0.024
1996, 7, 0.118, , 0.042, 0.107, -0.024
1996, 8, 0.102, , 0.042, 0.107, -0.023
1996, 9, 0.098, , 0.042, 0.106, -0.022
1996, 10, 0.076, , 0.043, 0.106, -0.021
1996, 11, 0.058, , 0.043, 0.106, -0.020
1996, 12, -0.051, , 0.043, 0.106, -0.020
1997, 1, -0.038, , 0.044, 0.106, -0.019
1997, 2, 0.006, , 0.044, 0.106, -0.018
1997, 3, 0.027, , 0.045, 0.106, -0.017
1997, 4, -0.004, , 0.045, 0.106, -0.017
1997, 5, -0.088, , 0.045, 0.106, -0.016
1997, 6, -0.141, , 0.046, 0.106, -0.015
1997, 7, -0.145, , 0.046, 0.106, -0.014
1997, 8, -0.143, , 0.046, 0.106, -0.013
1997, 9, -0.188, , 0.047, 0.106, -0.013
1997, 10, -0.138, , 0.047, 0.106, -0.012
1997, 11, -0.161, , 0.048, 0.106, -0.011
1997, 12, , , 0.048, 0.106, -0.010
1998, 1, , , 0.048, 0.106, -0.010
1998, 2, , , 0.049, 0.106, -0.009
1998, 3, , , 0.049, 0.106, -0.008
1998, 4, , , 0.049, 0.106, -0.007
1998, 5, , , 0.050, 0.106, -0.007
1998, 6, , , 0.050, 0.106, -0.006
1998, 7, , , 0.051, 0.107, -0.005
1998, 8, , , 0.051, 0.107, -0.005
1998, 9, , , 0.051, 0.107, -0.004
1998, 10, , , 0.052, 0.107, -0.003
1998, 11, , , 0.052, 0.107, -0.002
1998, 12, , , 0.053, 0.107, -0.002
1999, 1, , , 0.053, 0.107, -0.001
1999, 2, 0.177, , 0.053, 0.107, -0.000
1999, 3, 0.164, , 0.054, 0.107, 0.001
1999, 4, 0.176, , 0.054, 0.107, 0.001
1999, 5, 0.144, , 0.054, 0.107, 0.002
1999, 6, 0.113, , 0.055, 0.107, 0.003
1999, 7, 0.092, , 0.055, 0.107, 0.003
1999, 8, 0.105, , 0.056, 0.107, 0.004
1999, 9, 0.103, , 0.056, 0.107, 0.005
1999, 10, 0.134, , 0.056, 0.107, 0.005
1999, 11, 0.138, , 0.057, 0.107, 0.006
1999, 12, 0.155, , 0.057, 0.107, 0.007
2000, 1, 0.139, , 0.057, 0.107, 0.008
2000, 2, 0.107, , 0.058, 0.107, 0.008
2000, 3, 0.109, , 0.058, 0.107, 0.009
2000, 4, 0.093, , 0.059, 0.108, 0.010
2000, 5, 0.158, , 0.059, 0.108, 0.010
2000, 6, 0.119, , 0.059, 0.108, 0.011
2000, 7, 0.159, , 0.060, 0.108, 0.012
2000, 8, 0.146, , 0.060, 0.108, 0.012
2000, 9, 0.130, , 0.060, 0.108, 0.013
2000, 10, 0.148, , 0.061, 0.108, 0.014
2000, 11, 0.131, , 0.061, 0.108, 0.014
2000, 12, 0.140, , 0.062, 0.108, 0.015
2001, 1, 0.143, , 0.062, 0.108, 0.016
2001, 2, 0.140, , 0.062, 0.109, 0.016
2001, 3, 0.098, , 0.063, 0.109, 0.017
2001, 4, 0.107, , 0.063, 0.109, 0.017
2001, 5, 0.106, , 0.064, 0.109, 0.018
2001, 6, 0.143, , 0.064, 0.109, 0.019
2001, 7, 0.081, , 0.064, 0.109, 0.019
2001, 8, 0.090, , 0.065, 0.109, 0.020
2001, 9, 0.060, , 0.065, 0.110, 0.021
2001, 10, 0.064, , 0.065, 0.110, 0.021
2001, 11, 0.125, , 0.066, 0.110, 0.022
2001, 12, 0.096, , 0.066, 0.110, 0.022
2002, 1, 0.062, , 0.067, 0.110, 0.023
2002, 2, 0.064, , 0.067, 0.110, 0.024
2002, 3, 0.087, , 0.067, 0.110, 0.024
2002, 4, 0.093, , 0.068, 0.111, 0.025
2002, 5, 0.094, , 0.068, 0.111, 0.025
2002, 6, 0.135, , 0.068, 0.111, 0.026
2002, 7, 0.115, , 0.069, 0.111, 0.026
2002, 8, 0.088, , 0.069, 0.111, 0.027
2002, 9, -0.001, , 0.070, 0.112, 0.028
2002, 10, -0.034, , 0.070, 0.112, 0.028
2002, 11, -0.035, , 0.070, 0.112, 0.029
2002, 12, -0.138, , 0.071, 0.112, 0.029
2003, 1, -0.005, , 0.071, 0.113, 0.030
2003, 2, 0.009, , 0.071, 0.113, 0.030
2003, 3, -0.066, , 0.072, 0.113, 0.031
2003, 4, -0.092, , 0.072, 0.113, 0.031
2003, 5, 0.092, , 0.073, 0.114, 0.032
2003, 6, 0.031, , 0.073, 0.114, 0.032
2003, 7, 0.054, , 0.073, 0.114, 0.033
2003, 8, 0.136, , 0.074, 0.114, 0.033
2003, 9, 0.126, , 0.074, 0.115, 0.034
2003, 10, 0.116, , 0.075, 0.115, 0.034
2003, 11, 0.097, , 0.075, 0.115, 0.035
2003, 12, 0.091, , 0.075, 0.115, 0.035
2004, 1, 0.076, , 0.076, 0.116, 0.036
2004, 2, 0.084, , 0.076, 0.116, 0.036
2004, 3, 0.124, , 0.076, 0.116, 0.036
2004, 4, 0.137, , 0.077, 0.117, 0.037
2004, 5, 0.132, , 0.077, 0.117, 0.037
2004, 6, , , 0.078, 0.117, 0.038
2004, 7, , , 0.078, 0.118, 0.038
2004, 8, , , 0.078, 0.118, 0.039
2004, 9, , , 0.079, 0.118, 0.039
2004, 10, 0.030, , 0.079, 0.119, 0.039
2004, 11, 0.023, , 0.079, 0.119, 0.040
2004, 12, -0.014, , 0.080, 0.119, 0.040
2005, 1, -0.031, , 0.080, 0.120, 0.041
2005, 2, -0.097, , 0.081, 0.120, 0.041
2005, 3, 0.011, , 0.081, 0.121, 0.041
2005, 4, 0.115, , 0.081, 0.121, 0.042
2005, 5, 0.136, , 0.082, 0.121, 0.042
2005, 6, 0.137, , 0.082, 0.122, 0.042
2005, 7, 0.131, , 0.082, 0.122, 0.043
2005, 8, 0.098, , 0.083, 0.123, 0.043
2005, 9, 0.079, , 0.083, 0.123, 0.043
2005, 10, 0.144, , 0.084, 0.124, 0.044
2005, 11, 0.142, , 0.084, 0.124, 0.044
2005, 12, 0.160, , 0.084, 0.124, 0.044
2006, 1, 0.148, , 0.085, 0.125, 0.045
2006, 2, 0.138, , 0.085, 0.125, 0.045
2006, 3, 0.180, , 0.086, 0.126, 0.045
2006, 4, 0.180, , 0.086, 0.126, 0.045
2006, 5, 0.192, , 0.086, 0.127, 0.046
2006, 6, 0.164, , 0.087, 0.127, 0.046
2006, 7, 0.148, , 0.087, 0.128, 0.046
2006, 8, 0.094, , 0.087, 0.128, 0.047
2006, 9, 0.136, , 0.088, 0.129, 0.047
2006, 10, 0.110, , 0.088, 0.129, 0.047
2006, 11, 0.089, , 0.089, 0.130, 0.047
2006, 12, 0.123, , 0.089, 0.130, 0.048
2007, 1, 0.070, , 0.089, 0.131, 0.048
2007, 2, 0.088, , 0.090, 0.131, 0.048
2007, 3, 0.023, , 0.090, 0.132, 0.048
2007, 4, 0.034, , 0.090, 0.132, 0.048
2007, 5, 0.084, , 0.091, 0.133, 0.049
2007, 6, 0.125, , 0.091, 0.134, 0.049
2007, 7, 0.155, , 0.092, 0.134, 0.049
2007, 8, 0.155, , 0.092, 0.135, 0.049
2007, 9, 0.128, , 0.092, 0.135, 0.049
2007, 10, 0.164, , 0.093, 0.136, 0.050
2007, 11, 0.194, , 0.093, 0.136, 0.050
2007, 12, 0.228, , 0.093, 0.137, 0.050
2008, 1, 0.200, , 0.094, 0.138, 0.050
2008, 2, 0.227, , 0.094, 0.138, 0.050
2008, 3, 0.228, , 0.095, 0.139, 0.050
2008, 4, 0.217, , 0.095, 0.139, 0.051
2008, 5, 0.200, , 0.095, 0.140, 0.051
2008, 6, 0.200, , 0.096, 0.141, 0.051
2008, 7, 0.155, , 0.096, 0.141, 0.051
2008, 8, 0.187, , 0.097, 0.142, 0.051
2008, 9, 0.192, , 0.097, 0.142, 0.051
2008, 10, 0.214, , 0.097, 0.143, 0.051
2008, 11, 0.237, , 0.098, 0.144, 0.052
2008, 12, 0.249, , 0.098, 0.144, 0.052
2009, 1, 0.243, , 0.098, 0.145, 0.052
2009, 2, 0.242, , 0.099, 0.146, 0.052
2009, 3, 0.200, , 0.099, 0.146, 0.052
2009, 4, 0.167, , 0.100, 0.147, 0.052
2009, 5, 0.138, , 0.100, 0.148, 0.052
2009, 6, 0.116, , 0.100, 0.148, 0.052
2009, 7, 0.126, , 0.101, 0.149, 0.052
2009, 8, 0.086, , 0.101, 0.150, 0.053
2009, 9, 0.084, , 0.101, 0.150, 0.053
2009, 10, 0.066, , 0.102, 0.151, 0.053
2009, 11, 0.061, , 0.102, 0.152, 0.053
2009, 12, 0.087, , 0.103, 0.152, 0.053
2010, 1, 0.078, , 0.103, 0.153, 0.053
2010, 2, 0.074, , 0.103, 0.154, 0.053
2010, 3, 0.083, , 0.104, 0.154, 0.053
2010, 4, 0.041, , 0.104, 0.155, 0.053
2010, 5, 0.066, , 0.104, 0.156, 0.053
2010, 6, 0.064, , 0.105, 0.156, 0.053
2010, 7, 0.085, , 0.105, 0.157, 0.053
2010, 8, 0.111, , 0.106, 0.158, 0.053
2010, 9, 0.148, , 0.106, 0.159, 0.053
2010, 10, 0.188, , 0.106, 0.159, 0.053
2010, 11, 0.166, , 0.107, 0.160, 0.053
2010, 12, 0.219, , 0.107, 0.161, 0.054
2011, 1, 0.192, , 0.108, 0.161, 0.054
2011, 2, , , 0.108, 0.162, 0.054
2011, 3, 0.123, , 0.108, 0.163, 0.054
2011, 4, , , 0.109, 0.164, 0.054
2011, 5, , , 0.109, 0.164, 0.054
2011, 6, , , 0.109, 0.165, 0.054
2011, 7, , , 0.110, 0.166, 0.054
2011, 8, 0.129, , 0.110, 0.167, 0.054
2011, 9, 0.122, , 0.111, 0.167, 0.054
2011, 10, 0.174, , 0.111, 0.168, 0.054
2011, 11, 0.151, , 0.111, 0.169, 0.054
2011, 12, 0.142, , 0.112, 0.170, 0.054
2012, 1, 0.197, , 0.112, 0.170, 0.054
2012, 2, 0.230, , 0.112, 0.171, 0.054
2012, 3, 0.245, , 0.113, 0.172, 0.054
2012, 4, 0.190, , 0.113, 0.173, 0.054
2012, 5, 0.186, , 0.114, 0.173, 0.054
2012, 6, 0.145, , 0.114, 0.174, 0.054
2012, 7, 0.151, , 0.114, 0.175, 0.054
2012, 8, 0.145, , 0.115, 0.176, 0.054
2012, 9, 0.187, , 0.115, 0.176, 0.054
2012, 10, 0.096, , 0.115, 0.177, 0.054
2012, 11, 0.176, , 0.116, 0.178, 0.054
2012, 12, 0.215, , 0.116, 0.179, 0.054
2013, 1, 0.210, , 0.117, 0.179, 0.054
2013, 2, 0.203, , 0.117, 0.180, 0.054
2013, 3, 0.166, , 0.117, 0.181, 0.054
2013, 4, 0.168, , 0.118, 0.182, 0.054
2013, 5, 0.164, , 0.118, 0.183, 0.054
2013, 6, 0.183, , 0.119, 0.183, 0.054
2013, 7, 0.193, , 0.119, 0.184, 0.054
2013, 8, 0.209, , 0.119, 0.185, 0.054
2013, 9, 0.188, , 0.120, 0.186, 0.054
2013, 10, 0.142, , 0.120, 0.186, 0.054
2013, 11, 0.175, , 0.120, 0.187, 0.054
2013, 12, 0.169, , 0.121, 0.188, 0.054
2014, 1, 0.174, , 0.121, 0.189, 0.054
2014, 2, 0.166, , 0.122, 0.190, 0.053
2014, 3, 0.089, , 0.122, 0.190, 0.053
2014, 4, 0.141, , 0.122, 0.191, 0.053
2014, 5, 0.084, , 0.123, 0.192, 0.053
2014, 6, 0.157, , 0.123, 0.193, 0.053
2014, 7, 0.095, , 0.123, 0.194, 0.053
2014, 8, 0.018, , 0.124, 0.194, 0.053
2014, 9, 0.052, , 0.124, 0.195, 0.053
2014, 10, -0.002, , 0.125, 0.196, 0.053
2014, 11, 0.033, , 0.125, 0.197, 0.053
2014, 12, 0.096, , 0.125, 0.198, 0.053
2015, 1, 0.097, , 0.126, 0.198, 0.053
2015, 2, 0.059, , 0.126, 0.199, 0.053
2015, 3, 0.022, , 0.126, 0.200, 0.053
2015, 4, -0.050, , 0.127, 0.201, 0.053
2015, 5, 0.010, , 0.127, 0.202, 0.053
2015, 6, 0.040, , 0.128, 0.202, 0.053
2015, 7, 0.030, , 0.128, 0.203, 0.053
2015, 8, -0.114, , 0.128, 0.204, 0.053
2015, 9, -0.058, , 0.129, 0.205, 0.053
2015, 10, -0.134, , 0.129, 0.206, 0.053
2015, 11, -0.045, , 0.130, 0.207, 0.053
2015, 12, -0.089, , 0.130, 0.207, 0.053
2016, 1, -0.096, , 0.130, 0.208, 0.052
2016, 2, -0.040, , 0.131, 0.209, 0.052
2016, 3, -0.059, , 0.131, 0.210, 0.052
2016, 4, -0.068, , 0.131, 0.211, 0.052
2016, 5, 0.004, , 0.132, 0.211, 0.052
2016, 6, 0.040, , 0.132, 0.212, 0.052
2016, 7, 0.023, , 0.133, 0.213, 0.052
2016, 8, 0.077, , 0.133, 0.214, 0.052
2016, 9, 0.070, , 0.133, 0.215, 0.052
2016, 10, 0.130, , 0.134, 0.215, 0.052
2016, 11, 0.118, , 0.134, 0.216, 0.052
2016, 12, 0.105, , 0.134, 0.217, 0.052
2017, 1, , , 0.135, 0.218, 0.052
2017, 2, , , 0.135, 0.219, 0.052
2017, 3, , , 0.136, 0.220, 0.052
2017, 4, , , 0.136, 0.220, 0.052
2017, 5, , , 0.136, 0.221, 0.051
2017, 6, , , 0.137, 0.222, 0.051
2017, 7, , , 0.137, 0.223, 0.051
2017, 8, , , 0.137, 0.224, 0.051
2017, 9, , , 0.138, 0.225, 0.051
2017, 10, , , 0.138, 0.225, 0.051
2017, 11, , , 0.139, 0.226, 0.051
2017, 12, , , 0.139, 0.227, 0.051
2018, 1, , , 0.139, 0.228, 0.051
2018, 2, , , 0.140, 0.229, 0.051
2018, 3, , , 0.140, 0.230, 0.051
2018, 4, , , 0.141, 0.230, 0.051
2018, 5, , , 0.141, 0.231, 0.051
2018, 6, , , 0.141, 0.232, 0.051
2018, 7, , , 0.142, 0.233, 0.050
2018, 8, , , 0.142, 0.234, 0.050
2018, 9, , , 0.142, 0.235, 0.050
2018, 10, , , 0.143, 0.235, 0.050
2018, 11, , , 0.143, 0.236, 0.050
2018, 12, , , 0.144, 0.237, 0.050
2019, 1, , , 0.144, 0.238, 0.050
2019, 2, , , 0.144, 0.239, 0.050
2019, 3, , , 0.145, 0.240, 0.050
2019, 4, , , 0.145, 0.240, 0.050
2019, 5, , , 0.145, 0.241, 0.050
2019, 6, , , 0.146, 0.242, 0.050
2019, 7, , , 0.146, 0.243, 0.049
2019, 8, , , 0.147, 0.244, 0.049
2019, 9, , , 0.147, 0.245, 0.049
2019, 10, , , 0.147, 0.245, 0.049
2019, 11, , , 0.148, 0.246, 0.049
2019, 12, , , 0.148, 0.247, 0.049
2020, 1, , , 0.149, 0.248, 0.049
2020, 2, , , 0.149, 0.249, 0.049
2020, 3, , , 0.149, 0.250, 0.049
2020, 4, , , 0.150, 0.251, 0.049
2020, 5, , , 0.150, 0.251, 0.049
2020, 6, , , 0.150, 0.252, 0.049
2020, 7, , , 0.151, 0.253, 0.048
2020, 8, , , 0.151, 0.254, 0.048
2020, 9, , , 0.152, 0.255, 0.048
2020, 10, , , 0.152, 0.256, 0.048
2020, 11, , , 0.152, 0.256, 0.048
2020, 12, , , 0.153, 0.257, 0.048
