Year, Month, Monthly_MSL, Unverified, Linear_Trend, High_Conf., Low_Conf.
1900, 1, , , -0.389, -0.321, -0.457
1900, 2, , , -0.389, -0.321, -0.457
1900, 3, , , -0.389, -0.321, -0.456
1900, 4, , , -0.389, -0.321, -0.456
1900, 5, , , -0.388, -0.321, -0.456
1900, 6, , , -0.388, -0.321, -0.456
1900, 7, , , -0.388, -0.321, -0.455
1900, 8, , , -0.388, -0.320, -0.455
1900, 9, , , -0.388, -0.320, -0.455
1900, 10, , , -0.387, -0.320, -0.455
1900, 11, , , -0.387, -0.320, -0.454
1900, 12, , , -0.387, -0.320, -0.454
1901, 1, , , -0.387, -0.320, -0.454
1901, 2, , , -0.387, -0.320, -0.454
1901, 3, , , -0.387, -0.320, -0.453
1901, 4, , , -0.386, -0.320, -0.453
1901, 5, , , -0.386, -0.319, -0.453
1901, 6, , , -0.386, -0.319, -0.453
1901, 7, , , -0.386, -0.319, -0.452
1901, 8, , , -0.386, -0.319, -0.452
1901, 9, , , -0.385, -0.319, -0.452
1901, 10, , , -0.385, -0.319, -0.452
1901, 11, , , -0.385, -0.319, -0.451
1901, 12, , , -0.385, -0.319, -0.451
1902, 1, , , -0.385, -0.318, -0.451
1902, 2, , , -0.384, -0.318, -0.451
1902, 3, , , -0.384, -0.318, -0.450
1902, 4, , , -0.384, -0.318, -0.450
1902, 5, , , -0.384, -0.318, -0.450
1902, 6, , , -0.384, -0.318, -0.450
1902, 7, , , -0.384, -0.318, -0.449
1902, 8, , , -0.383, -0.318, -0.449
1902, 9, , , -0.383, -0.318, -0.449
1902, 10, , , -0.383, -0.317, -0.449
1902, 11, , , -0.383, -0.317, -0.448
1902, 12, , , -0.383, -0.317, -0.448
1903, 1, , , -0.382, -0.317, -0.448
1903, 2, , , -0.382, -0.317, -0.448
1903, 3, , , -0.382, -0.317, -0.447
1903, 4, , , -0.382, -0.317, -0.447
1903, 5, , , -0.382, -0.317, -0.447
1903, 6, , , -0.382, -0.316, -0.447
1903, 7, , , -0.381, -0.316, -0.446
1903, 8, , , -0.381, -0.316, -0.446
1903, 9, , , -0.381, -0.316, -0.446
1903, 10, , , -0.381, -0.316, -0.446
1903, 11, , , -0.381, -0.316, -0.445
1903, 12, , , -0.380, -0.316, -0.445
1904, 1, , , -0.380, -0.316, -0.445
1904, 2, , , -0.380, -0.316, -0.445
1904, 3, , , -0.380, -0.315, -0.444
1904, 4, , , -0.380, -0.315, -0.444
1904, 5, , , -0.380, -0.315, -0.444
1904, 6, , , -0.379, -0.315, -0.444
1904, 7, , , -0.379, -0.315, -0.443
1904, 8, , , -0.379, -0.315, -0.443
1904, 9, , , -0.379, -0.315, -0.443
1904, 10, , , -0.379, -0.315, -0.443
1904, 11, , , -0.378, -0.315, -0.442
1904, 12, , , -0.378, -0.314, -0.442
1905, 1, , , -0.378, -0.314, -0.442
1905, 2, , , -0.378, -0.314, -0.442
1905, 3, , , -0.378, -0.314, -0.441
1905, 4, , , -0.378, -0.314, -0.441
1905, 5, , , -0.377, -0.314, -0.441
1905, 6, , , -0.377, -0.314, -0.441
1905, 7, , , -0.377, -0.314, -0.440
1905, 8, , , -0.377, -0.313, -0.440
1905, 9, , , -0.377, -0.313, -0.440
1905, 10, , , -0.376, -0.313, -0.440
1905, 11, , , -0.376, -0.313, -0.439
1905, 12, , , -0.376, -0.313, -0.439
1906, 1, , , -0.376, -0.313, -0.439
1906, 2, , , -0.376, -0.313, -0.439
1906, 3, , , -0.375, -0.313, -0.438
1906, 4, , , -0.375, -0.313, -0.438
1906, 5, , , -0.375, -0.312, -0.438
1906, 6, , , -0.375, -0.312, -0.438
1906, 7, , , -0.375, -0.312, -0.437
1906, 8, , , -0.375, -0.312, -0.437
1906, 9, , , -0.374, -0.312, -0.437
1906, 10, , , -0.374, -0.312, -0.437
1906, 11, , , -0.374, -0.312, -0.436
1906, 12, , , -0.374, -0.312, -0.436
1907, 1, , , -0.374, -0.311, -0.436
1907, 2, , , -0.373, -0.311, -0.436
1907, 3, , , -0.373, -0.311, -0.435
1907, 4, , , -0.373, -0.311, -0.435
1907, 5, , , -0.373, -0.311, -0.435
1907, 6, , , -0.373, -0.311, -0.435
1907, 7, , , -0.373, -0.311, -0.434
1907, 8, , , -0.372, -0.311, -0.434
1907, 9, , , -0.372, -0.311, -0.434
1907, 10, , , -0.372, -0.310, -0.434
1907, 11, , , -0.372, -0.310, -0.433
1907, 12, , , -0.372, -0.310, -0.433
1908, 1, , , -0.371, -0.310, -0.433
1908, 2, , , -0.371, -0.310, -0.433
1908, 3, , , -0.371, -0.310, -0.432
1908, 4, , , -0.371, -0.310, -0.432
1908, 5, , , -0.371, -0.310, -0.432
1908, 6, , , -0.371, -0.309, -0.432
1908, 7, , , -0.370, -0.309, -0.431
1908, 8, , , -0.370, -0.309, -0.431
1908, 9, , , -0.370, -0.309, -0.431
1908, 10, , , -0.370, -0.309, -0.431
1908, 11, , , -0.370, -0.309, -0.430
1908, 12, , , -0.369, -0.309, -0.430
1909, 1, , , -0.369, -0.309, -0.430
1909, 2, , , -0.369, -0.309, -0.430
1909, 3, , , -0.369, -0.308, -0.429
1909, 4, , , -0.369, -0.308, -0.429
1909, 5, , , -0.368, -0.308, -0.429
1909, 6, , , -0.368, -0.308, -0.429
1909, 7, , , -0.368, -0.308, -0.428
1909, 8, , , -0.368, -0.308, -0.428
1909, 9, , , -0.368, -0.308, -0.428
1909, 10, , , -0.368, -0.308, -0.428
1909, 11, , , -0.367, -0.308, -0.427
1909, 12, , , -0.367, -0.307, -0.427
1910, 1, , , -0.367, -0.307, -0.427
1910, 2, , , -0.367, -0.307, -0.427
1910, 3, , , -0.367, -0.307, -0.426
1910, 4, , , -0.366, -0.307, -0.426
1910, 5, , , -0.366, -0.307, -0.426
1910, 6, , , -0.366, -0.307, -0.426
1910, 7, , , -0.366, -0.307, -0.425
1910, 8, , , -0.366, -0.306, -0.425
1910, 9, , , -0.366, -0.306, -0.425
1910, 10, , , -0.365, -0.306, -0.425
1910, 11, , , -0.365, -0.306, -0.424
1910, 12, , , -0.365, -0.306, -0.424
1911, 1, , , -0.365, -0.306, -0.424
1911, 2, , , -0.365, -0.306, -0.424
1911, 3, , , -0.364, -0.306, -0.423
1911, 4, , , -0.364, -0.306, -0.423
1911, 5, , , -0.364, -0.305, -0.423
1911, 6, , , -0.364, -0.305, -0.423
1911, 7, , , -0.364, -0.305, -0.422
1911, 8, , , -0.364, -0.305, -0.422
1911, 9, , , -0.363, -0.305, -0.422
1911, 10, , , -0.363, -0.305, -0.422
1911, 11, , , -0.363, -0.305, -0.421
1911, 12, , , -0.363, -0.305, -0.421
1912, 1, , , -0.363, -0.304, -0.421
1912, 2, , , -0.362, -0.304, -0.421
1912, 3, , , -0.362, -0.304, -0.420
1912, 4, , , -0.362, -0.304, -0.420
1912, 5, , , -0.362, -0.304, -0.420
1912, 6, , , -0.362, -0.304, -0.419
1912, 7, , , -0.362, -0.304, -0.419
1912, 8, , , -0.361, -0.304, -0.419
1912, 9, , , -0.361, -0.304, -0.419
1912, 10, , , -0.361, -0.303, -0.418
1912, 11, , , -0.361, -0.303, -0.418
1912, 12, , , -0.361, -0.303, -0.418
1913, 1, , , -0.360, -0.303, -0.418
1913, 2, , , -0.360, -0.303, -0.417
1913, 3, , , -0.360, -0.303, -0.417
1913, 4, , , -0.360, -0.303, -0.417
1913, 5, , , -0.360, -0.303, -0.417
1913, 6, , , -0.359, -0.302, -0.416
1913, 7, , , -0.359, -0.302, -0.416
1913, 8, , , -0.359, -0.302, -0.416
1913, 9, , , -0.359, -0.302, -0.416
1913, 10, , , -0.359, -0.302, -0.415
1913, 11, , , -0.359, -0.302, -0.415
1913, 12, , , -0.358, -0.302, -0.415
1914, 1, , , -0.358, -0.302, -0.415
1914, 2, , , -0.358, -0.302, -0.414
1914, 3, , , -0.358, -0.301, -0.414
1914, 4, , , -0.358, -0.301, -0.414
1914, 5, , , -0.357, -0.301, -0.414
1914, 6, , , -0.357, -0.301, -0.413
1914, 7, , , -0.357, -0.301, -0.413
1914, 8, , , -0.357, -0.301, -0.413
1914, 9, , , -0.357, -0.301, -0.413
1914, 10, , , -0.357, -0.301, -0.412
1914, 11, , , -0.356, -0.300, -0.412
1914, 12, , , -0.356, -0.300, -0.412
1915, 1, , , -0.356, -0.300, -0.412
1915, 2, , , -0.356, -0.300, -0.411
1915, 3, , , -0.356, -0.300, -0.411
1915, 4, , , -0.355, -0.300, -0.411
1915, 5, , , -0.355, -0.300, -0.411
1915, 6, , , -0.355, -0.300, -0.410
1915, 7, , , -0.355, -0.300, -0.410
1915, 8, , , -0.355, -0.299, -0.410
1915, 9, , , -0.355, -0.299, -0.410
1915, 10, , , -0.354, -0.299, -0.409
1915, 11, , , -0.354, -0.299, -0.409
1915, 12, , , -0.354, -0.299, -0.409
1916, 1, , , -0.354, -0.299, -0.409
1916, 2, , , -0.354, -0.299, -0.408
1916, 3, , , -0.353, -0.299, -0.408
1916, 4, , , -0.353, -0.298, -0.408
1916, 5, , , -0.353, -0.298, -0.408
1916, 6, , , -0.353, -0.298, -0.407
1916, 7, , , -0.353, -0.298, -0.407
1916, 8, , , -0.352, -0.298, -0.407
1916, 9, , , -0.352, -0.298, -0.407
1916, 10, , , -0.352, -0.298, -0.406
1916, 11, , , -0.352, -0.298, -0.406
1916, 12, , , -0.352, -0.298, -0.406
1917, 1, , , -0.352, -0.297, -0.406
1917, 2, , , -0.351, -0.297, -0.405
1917, 3, , , -0.351, -0.297, -0.405
1917, 4, , , -0.351, -0.297, -0.405
1917, 5, , , -0.351, -0.297, -0.405
1917, 6, , , -0.351, -0.297, -0.404
1917, 7, , , -0.350, -0.297, -0.404
1917, 8, , , -0.350, -0.297, -0.404
1917, 9, , , -0.350, -0.297, -0.404
1917, 10, , , -0.350, -0.296, -0.403
1917, 11, , , -0.350, -0.296, -0.403
1917, 12, , , -0.350, -0.296, -0.403
1918, 1, , , -0.349, -0.296, -0.403
1918, 2, , , -0.349, -0.296, -0.402
1918, 3, , , -0.349, -0.296, -0.402
1918, 4, , , -0.349, -0.296, -0.402
1918, 5, , , -0.349, -0.296, -0.402
1918, 6, , , -0.348, -0.295, -0.401
1918, 7, , , -0.348, -0.295, -0.401
1918, 8, , , -0.348, -0.295, -0.401
1918, 9, , , -0.348, -0.295, -0.401
1918, 10, , , -0.348, -0.295, -0.400
1918, 11, , , -0.348, -0.295, -0.400
1918, 12, , , -0.347, -0.295, -0.400
1919, 1, , , -0.347, -0.295, -0.400
1919, 2, , , -0.347, -0.295, -0.399
1919, 3, , , -0.347, -0.294, -0.399
1919, 4, , , -0.347, -0.294, -0.399
1919, 5, , , -0.346, -0.294, -0.399
1919, 6, , , -0.346, -0.294, -0.398
1919, 7, , , -0.346, -0.294, -0.398
1919, 8, , , -0.346, -0.294, -0.398
1919, 9, , , -0.346, -0.294, -0.398
1919, 10, , , -0.346, -0.294, -0.397
1919, 11, , , -0.345, -0.293, -0.397
1919, 12, , , -0.345, -0.293, -0.397
1920, 1, , , -0.345, -0.293, -0.397
1920, 2, , , -0.345, -0.293, -0.396
1920, 3, , , -0.345, -0.293, -0.396
1920, 4, , , -0.344, -0.293, -0.396
1920, 5, , , -0.344, -0.293, -0.396
1920, 6, , , -0.344, -0.293, -0.395
1920, 7, , , -0.344, -0.293, -0.395
1920, 8, , , -0.344, -0.292, -0.395
1920, 9, , , -0.343, -0.292, -0.395
1920, 10, , , -0.343, -0.292, -0.394
1920, 11, , , -0.343, -0.292, -0.394
1920, 12, , , -0.343, -0.292, -0.394
1921, 1, , , -0.343, -0.292, -0.394
1921, 2, , , -0.343, -0.292, -0.393
1921, 3, , , -0.342, -0.292, -0.393
1921, 4, , , -0.342, -0.291, -0.393
1921, 5, , , -0.342, -0.291, -0.393
1921, 6, , , -0.342, -0.291, -0.392
1921, 7, , , -0.342, -0.291, -0.392
1921, 8, , , -0.341, -0.291, -0.392
1921, 9, , , -0.341, -0.291, -0.392
1921, 10, , , -0.341, -0.291, -0.391
1921, 11, , , -0.341, -0.291, -0.391
1921, 12, , , -0.341, -0.291, -0.391
1922, 1, , , -0.341, -0.290, -0.391
1922, 2, , , -0.340, -0.290, -0.390
1922, 3, , , -0.340, -0.290, -0.390
1922, 4, , , -0.340, -0.290, -0.390
1922, 5, , , -0.340, -0.290, -0.390
1922, 6, , , -0.340, -0.290, -0.389
1922, 7, , , -0.339, -0.290, -0.389
1922, 8, , , -0.339, -0.290, -0.389
1922, 9, , , -0.339, -0.289, -0.389
1922, 10, , , -0.339, -0.289, -0.388
1922, 11, , , -0.339, -0.289, -0.388
1922, 12, , , -0.339, -0.289, -0.388
1923, 1, , , -0.338, -0.289, -0.388
1923, 2, , , -0.338, -0.289, -0.387
1923, 3, , , -0.338, -0.289, -0.387
1923, 4, , , -0.338, -0.289, -0.387
1923, 5, , , -0.338, -0.289, -0.387
1923, 6, , , -0.337, -0.288, -0.386
1923, 7, , , -0.337, -0.288, -0.386
1923, 8, , , -0.337, -0.288, -0.386
1923, 9, , , -0.337, -0.288, -0.386
1923, 10, , , -0.337, -0.288, -0.385
1923, 11, , , -0.336, -0.288, -0.385
1923, 12, , , -0.336, -0.288, -0.385
1924, 1, , , -0.336, -0.288, -0.385
1924, 2, , , -0.336, -0.287, -0.384
1924, 3, , , -0.336, -0.287, -0.384
1924, 4, , , -0.336, -0.287, -0.384
1924, 5, , , -0.335, -0.287, -0.384
1924, 6, , , -0.335, -0.287, -0.383
1924, 7, , , -0.335, -0.287, -0.383
1924, 8, , , -0.335, -0.287, -0.383
1924, 9, , , -0.335, -0.287, -0.383
1924, 10, , , -0.334, -0.287, -0.382
1924, 11, , , -0.334, -0.286, -0.382
1924, 12, , , -0.334, -0.286, -0.382
1925, 1, , , -0.334, -0.286, -0.382
1925, 2, , , -0.334, -0.286, -0.381
1925, 3, , , -0.334, -0.286, -0.381
1925, 4, , , -0.333, -0.286, -0.381
1925, 5, , , -0.333, -0.286, -0.381
1925, 6, , , -0.333, -0.286, -0.380
1925, 7, , , -0.333, -0.285, -0.380
1925, 8, , , -0.333, -0.285, -0.380
1925, 9, , , -0.332, -0.285, -0.380
1925, 10, , , -0.332, -0.285, -0.379
1925, 11, , , -0.332, -0.285, -0.379
1925, 12, , , -0.332, -0.285, -0.379
1926, 1, , , -0.332, -0.285, -0.379
1926, 2, , , -0.332, -0.285, -0.378
1926, 3, , , -0.331, -0.284, -0.378
1926, 4, , , -0.331, -0.284, -0.378
1926, 5, , , -0.331, -0.284, -0.378
1926, 6, , , -0.331, -0.284, -0.377
1926, 7, , , -0.331, -0.284, -0.377
1926, 8, , , -0.330, -0.284, -0.377
1926, 9, , , -0.330, -0.284, -0.377
1926, 10, , , -0.330, -0.284, -0.376
1926, 11, , , -0.330, -0.284, -0.376
1926, 12, , , -0.330, -0.283, -0.376
1927, 1, , , -0.330, -0.283, -0.376
1927, 2, , , -0.329, -0.283, -0.375
1927, 3, , , -0.329, -0.283, -0.375
1927, 4, , , -0.329, -0.283, -0.375
1927, 5, , , -0.329, -0.283, -0.375
1927, 6, , , -0.329, -0.283, -0.374
1927, 7, , , -0.328, -0.283, -0.374
1927, 8, , , -0.328, -0.282, -0.374
1927, 9, , , -0.328, -0.282, -0.374
1927, 10, , , -0.328, -0.282, -0.373
1927, 11, , , -0.328, -0.282, -0.373
1927, 12, , , -0.327, -0.282, -0.373
1928, 1, , , -0.327, -0.282, -0.373
1928, 2, , , -0.327, -0.282, -0.372
1928, 3, , , -0.327, -0.282, -0.372
1928, 4, , , -0.327, -0.282, -0.372
1928, 5, , , -0.327, -0.281, -0.372
1928, 6, , , -0.326, -0.281, -0.371
1928, 7, , , -0.326, -0.281, -0.371
1928, 8, , , -0.326, -0.281, -0.371
1928, 9, , , -0.326, -0.281, -0.371
1928, 10, , , -0.326, -0.281, -0.370
1928, 11, , , -0.325, -0.281, -0.370
1928, 12, , , -0.325, -0.281, -0.370
1929, 1, , , -0.325, -0.280, -0.370
1929, 2, , , -0.325, -0.280, -0.369
1929, 3, , , -0.325, -0.280, -0.369
1929, 4, , , -0.325, -0.280, -0.369
1929, 5, , , -0.324, -0.280, -0.369
1929, 6, , , -0.324, -0.280, -0.368
1929, 7, , , -0.324, -0.280, -0.368
1929, 8, , , -0.324, -0.280, -0.368
1929, 9, , , -0.324, -0.280, -0.368
1929, 10, , , -0.323, -0.279, -0.367
1929, 11, , , -0.323, -0.279, -0.367
1929, 12, , , -0.323, -0.279, -0.367
1930, 1, , , -0.323, -0.279, -0.367
1930, 2, , , -0.323, -0.279, -0.366
1930, 3, , , -0.323, -0.279, -0.366
1930, 4, , , -0.322, -0.279, -0.366
1930, 5, , , -0.322, -0.279, -0.366
1930, 6, , , -0.322, -0.278, -0.365
1930, 7, , , -0.322, -0.278, -0.365
1930, 8, , , -0.322, -0.278, -0.365
1930, 9, , , -0.321, -0.278, -0.365
1930, 10, , , -0.321, -0.278, -0.364
1930, 11, , , -0.321, -0.278, -0.364
1930, 12, , , -0.321, -0.278, -0.364
1931, 1, , , -0.321, -0.278, -0.364
1931, 2, , , -0.320, -0.278, -0.363
1931, 3, , , -0.320, -0.277, -0.363
1931, 4, , , -0.320, -0.277, -0.363
1931, 5, , , -0.320, -0.277, -0.363
1931, 6, , , -0.320, -0.277, -0.362
1931, 7, , , -0.320, -0.277, -0.362
1931, 8, , , -0.319, -0.277, -0.362
1931, 9, , , -0.319, -0.277, -0.362
1931, 10, , , -0.319, -0.277, -0.361
1931, 11, , , -0.319, -0.276, -0.361
1931, 12, , , -0.319, -0.276, -0.361
1932, 1, , , -0.318, -0.276, -0.361
1932, 2, , , -0.318, -0.276, -0.361
1932, 3, , , -0.318, -0.276, -0.360
1932, 4, , , -0.318, -0.276, -0.360
1932, 5, , , -0.318, -0.276, -0.360
1932, 6, , , -0.318, -0.276, -0.360
1932, 7, , , -0.317, -0.275, -0.359
1932, 8, , , -0.317, -0.275, -0.359
1932, 9, , , -0.317, -0.275, -0.359
1932, 10, , , -0.317, -0.275, -0.359
1932, 11, , , -0.317, -0.275, -0.358
1932, 12, , , -0.316, -0.275, -0.358
1933, 1, , , -0.316, -0.275, -0.358
1933, 2, , , -0.316, -0.275, -0.358
1933, 3, , , -0.316, -0.275, -0.357
1933, 4, , , -0.316, -0.274, -0.357
1933, 5, , , -0.316, -0.274, -0.357
1933, 6, , , -0.315, -0.274, -0.357
1933, 7, , , -0.315, -0.274, -0.356
1933, 8, , , -0.315, -0.274, -0.356
1933, 9, , , -0.315, -0.274, -0.356
1933, 10, , , -0.315, -0.274, -0.356
1933, 11, , , -0.314, -0.274, -0.355
1933, 12, , , -0.314, -0.273, -0.355
1934, 1, , , -0.314, -0.273, -0.355
1934, 2, , , -0.314, -0.273, -0.355
1934, 3, , , -0.314, -0.273, -0.354
1934, 4, , , -0.314, -0.273, -0.354
1934, 5, , , -0.313, -0.273, -0.354
1934, 6, , , -0.313, -0.273, -0.354
1934, 7, , , -0.313, -0.273, -0.353
1934, 8, , , -0.313, -0.272, -0.353
1934, 9, , , -0.313, -0.272, -0.353
1934, 10, , , -0.312, -0.272, -0.353
1934, 11, , , -0.312, -0.272, -0.352
1934, 12, , , -0.312, -0.272, -0.352
1935, 1, , , -0.312, -0.272, -0.352
1935, 2, , , -0.312, -0.272, -0.352
1935, 3, , , -0.311, -0.272, -0.351
1935, 4, , , -0.311, -0.272, -0.351
1935, 5, , , -0.311, -0.271, -0.351
1935, 6, , , -0.311, -0.271, -0.351
1935, 7, , , -0.311, -0.271, -0.350
1935, 8, , , -0.311, -0.271, -0.350
1935, 9, , , -0.310, -0.271, -0.350
1935, 10, , , -0.310, -0.271, -0.350
1935, 11, , , -0.310, -0.271, -0.349
1935, 12, , , -0.310, -0.271, -0.349
1936, 1, , , -0.310, -0.270, -0.349
1936, 2, , , -0.309, -0.270, -0.349
1936, 3, , , -0.309, -0.270, -0.348
1936, 4, , , -0.309, -0.270, -0.348
1936, 5, , , -0.309, -0.270, -0.348
1936, 6, , , -0.309, -0.270, -0.348
1936, 7, , , -0.309, -0.270, -0.347
1936, 8, , , -0.308, -0.270, -0.347
1936, 9, , , -0.308, -0.270, -0.347
1936, 10, , , -0.308, -0.269, -0.347
1936, 11, , , -0.308, -0.269, -0.346
1936, 12, , , -0.308, -0.269, -0.346
1937, 1, , , -0.307, -0.269, -0.346
1937, 2, , , -0.307, -0.269, -0.346
1937, 3, , , -0.307, -0.269, -0.345
1937, 4, , , -0.307, -0.269, -0.345
1937, 5, , , -0.307, -0.269, -0.345
1937, 6, , , -0.307, -0.268, -0.345
1937, 7, , , -0.306, -0.268, -0.344
1937, 8, , , -0.306, -0.268, -0.344
1937, 9, , , -0.306, -0.268, -0.344
1937, 10, , , -0.306, -0.268, -0.344
1937, 11, , , -0.306, -0.268, -0.343
1937, 12, , , -0.305, -0.268, -0.343
1938, 1, , , -0.305, -0.268, -0.343
1938, 2, , , -0.305, -0.267, -0.343
1938, 3, , , -0.305, -0.267, -0.342
1938, 4, , , -0.305, -0.267, -0.342
1938, 5, , , -0.304, -0.267, -0.342
1938, 6, , , -0.304, -0.267, -0.342
1938, 7, , , -0.304, -0.267, -0.341
1938, 8, , , -0.304, -0.267, -0.341
1938, 9, , , -0.304, -0.267, -0.341
1938, 10, , , -0.304, -0.266, -0.341
1938, 11, , , -0.303, -0.266, -0.340
1938, 12, , , -0.303, -0.266, -0.340
1939, 1, , , -0.303, -0.266, -0.340
1939, 2, , , -0.303, -0.266, -0.340
1939, 3, , , -0.303, -0.266, -0.339
1939, 4, , , -0.302, -0.266, -0.339
1939, 5, , , -0.302, -0.266, -0.339
1939, 6, , , -0.302, -0.266, -0.339
1939, 7, , , -0.302, -0.265, -0.338
1939, 8, , , -0.302, -0.265, -0.338
1939, 9, , , -0.302, -0.265, -0.338
1939, 10, , , -0.301, -0.265, -0.338
1939, 11, , , -0.301, -0.265, -0.337
1939, 12, , , -0.301, -0.265, -0.337
1940, 1, , , -0.301, -0.265, -0.337
1940, 2, , , -0.301, -0.265, -0.337
1940, 3, , , -0.300, -0.264, -0.336
1940, 4, , , -0.300, -0.264, -0.336
1940, 5, , , -0.300, -0.264, -0.336
1940, 6, , , -0.300, -0.264, -0.336
1940, 7, , , -0.300, -0.264, -0.335
1940, 8, , , -0.300, -0.264, -0.335
1940, 9, , , -0.299, -0.264, -0.335
1940, 10, , , -0.299, -0.264, -0.335
1940, 11, , , -0.299, -0.263, -0.334
1940, 12, , , -0.299, -0.263, -0.334
1941, 1, , , -0.299, -0.263, -0.334
1941, 2, , , -0.298, -0.263, -0.334
1941, 3, , , -0.298, -0.263, -0.333
1941, 4, , , -0.298, -0.263, -0.333
1941, 5, , , -0.298, -0.263, -0.333
1941, 6, , , -0.298, -0.263, -0.333
1941, 7, , , -0.298, -0.263, -0.332
1941, 8, , , -0.297, -0.262, -0.332
1941, 9, , , -0.297, -0.262, -0.332
1941, 10, , , -0.297, -0.262, -0.332
1941, 11, , , -0.297, -0.262, -0.332
1941, 12, , , -0.297, -0.262, -0.331
1942, 1, , , -0.296, -0.262, -0.331
1942, 2, , , -0.296, -0.262, -0.331
1942, 3, , , -0.296, -0.262, -0.331
1942, 4, , , -0.296, -0.261, -0.330
1942, 5, , , -0.296, -0.261, -0.330
1942, 6, , , -0.295, -0.261, -0.330
1942, 7, , , -0.295, -0.261, -0.330
1942, 8, , , -0.295, -0.261, -0.329
1942, 9, , , -0.295, -0.261, -0.329
1942, 10, , , -0.295, -0.261, -0.329
1942, 11, , , -0.295, -0.261, -0.329
1942, 12, , , -0.294, -0.260, -0.328
1943, 1, , , -0.294, -0.260, -0.328
1943, 2, , , -0.294, -0.260, -0.328
1943, 3, , , -0.294, -0.260, -0.328
1943, 4, , , -0.294, -0.260, -0.327
1943, 5, , , -0.293, -0.260, -0.327
1943, 6, , , -0.293, -0.260, -0.327
1943, 7, , , -0.293, -0.260, -0.327
1943, 8, , , -0.293, -0.259, -0.326
1943, 9, , , -0.293, -0.259, -0.326
1943, 10, , , -0.293, -0.259, -0.326
1943, 11, , , -0.292, -0.259, -0.326
1943, 12, , , -0.292, -0.259, -0.325
1944, 1, , , -0.292, -0.259, -0.325
1944, 2, , , -0.292, -0.259, -0.325
1944, 3, , , -0.292, -0.259, -0.325
1944, 4, , , -0.291, -0.258, -0.324
1944, 5, , , -0.291, -0.258, -0.324
1944, 6, , , -0.291, -0.258, -0.324
1944, 7, , , -0.291, -0.258, -0.324
1944, 8, , , -0.291, -0.258, -0.323
1944, 9, , , -0.291, -0.258, -0.323
1944, 10, , , -0.290, -0.258, -0.323
1944, 11, , , -0.290, -0.258, -0.323
1944, 12, , , -0.290, -0.258, -0.322
1945, 1, , , -0.290, -0.257, -0.322
1945, 2, , , -0.290, -0.257, -0.322
1945, 3, , , -0.289, -0.257, -0.322
1945, 4, , , -0.289, -0.257, -0.321
1945, 5, , , -0.289, -0.257, -0.321
1945, 6, , , -0.289, -0.257, -0.321
1945, 7, , , -0.289, -0.257, -0.321
1945, 8, , , -0.288, -0.257, -0.320
1945, 9, , , -0.288, -0.256, -0.320
1945, 10, , , -0.288, -0.256, -0.320
1945, 11, , , -0.288, -0.256, -0.320
1945, 12, , , -0.288, -0.256, -0.319
1946, 1, , , -0.288, -0.256, -0.319
1946, 2, , , -0.287, -0.256, -0.319
1946, 3, , , -0.287, -0.256, -0.319
1946, 4, , , -0.287, -0.256, -0.318
1946, 5, , , -0.287, -0.255, -0.318
1946, 6, , , -0.287, -0.255, -0.318
1946, 7, , , -0.286, -0.255, -0.318
1946, 8, , , -0.286, -0.255, -0.318
1946, 9, , , -0.286, -0.255, -0.317
1946, 10, , , -0.286, -0.255, -0.317
1946, 11, , , -0.286, -0.255, -0.317
1946, 12, , , -0.286, -0.255, -0.317
1947, 1, , , -0.285, -0.254, -0.316
1947, 2, , , -0.285, -0.254, -0.316
1947, 3, , , -0.285, -0.254, -0.316
1947, 4, , , -0.285, -0.254, -0.316
1947, 5, , , -0.285, -0.254, -0.315
1947, 6, , , -0.284, -0.254, -0.315
1947, 7, , , -0.284, -0.254, -0.315
1947, 8, , , -0.284, -0.254, -0.315
1947, 9, , , -0.284, -0.253, -0.314
1947, 10, , , -0.284, -0.253, -0.314
1947, 11, , , -0.284, -0.253, -0.314
1947, 12, , , -0.283, -0.253, -0.314
1948, 1, , , -0.283, -0.253, -0.313
1948, 2, , , -0.283, -0.253, -0.313
1948, 3, , , -0.283, -0.253, -0.313
1948, 4, , , -0.283, -0.253, -0.313
1948, 5, , , -0.282, -0.252, -0.312
1948, 6, , , -0.282, -0.252, -0.312
1948, 7, , , -0.282, -0.252, -0.312
1948, 8, , , -0.282, -0.252, -0.312
1948, 9, , , -0.282, -0.252, -0.311
1948, 10, -0.335, , -0.282, -0.252, -0.311
1948, 11, -0.387, , -0.281, -0.252, -0.311
1948, 12, -0.381, , -0.281, -0.252, -0.311
1949, 1, -0.378, , -0.281, -0.251, -0.310
1949, 2, -0.306, , -0.281, -0.251, -0.310
1949, 3, -0.298, , -0.281, -0.251, -0.310
1949, 4, -0.296, , -0.280, -0.251, -0.310
1949, 5, -0.213, , -0.280, -0.251, -0.309
1949, 6, -0.298, , -0.280, -0.251, -0.309
1949, 7, -0.314, , -0.280, -0.251, -0.309
1949, 8, -0.326, , -0.280, -0.251, -0.309
1949, 9, -0.322, , -0.279, -0.250, -0.308
1949, 10, -0.296, , -0.279, -0.250, -0.308
1949, 11, -0.299, , -0.279, -0.250, -0.308
1949, 12, -0.232, , -0.279, -0.250, -0.308
1950, 1, -0.217, , -0.279, -0.250, -0.307
1950, 2, -0.236, , -0.279, -0.250, -0.307
1950, 3, -0.215, , -0.278, -0.250, -0.307
1950, 4, -0.219, , -0.278, -0.250, -0.307
1950, 5, -0.226, , -0.278, -0.250, -0.307
1950, 6, -0.267, , -0.278, -0.249, -0.306
1950, 7, -0.310, , -0.278, -0.249, -0.306
1950, 8, -0.308, , -0.277, -0.249, -0.306
1950, 9, -0.279, , -0.277, -0.249, -0.306
1950, 10, -0.250, , -0.277, -0.249, -0.305
1950, 11, -0.232, , -0.277, -0.249, -0.305
1950, 12, -0.201, , -0.277, -0.249, -0.305
1951, 1, -0.232, , -0.277, -0.249, -0.305
1951, 2, -0.163, , -0.276, -0.248, -0.304
1951, 3, -0.151, , -0.276, -0.248, -0.304
1951, 4, -0.198, , -0.276, -0.248, -0.304
1951, 5, -0.256, , -0.276, -0.248, -0.304
1951, 6, -0.289, , -0.276, -0.248, -0.303
1951, 7, -0.292, , -0.275, -0.248, -0.303
1951, 8, -0.296, , -0.275, -0.248, -0.303
1951, 9, -0.288, , -0.275, -0.247, -0.303
1951, 10, -0.290, , -0.275, -0.247, -0.302
1951, 11, -0.296, , -0.275, -0.247, -0.302
1951, 12, -0.326, , -0.275, -0.247, -0.302
1952, 1, -0.305, , -0.274, -0.247, -0.302
1952, 2, -0.312, , -0.274, -0.247, -0.301
1952, 3, -0.295, , -0.274, -0.247, -0.301
1952, 4, -0.329, , -0.274, -0.247, -0.301
1952, 5, -0.329, , -0.274, -0.246, -0.301
1952, 6, -0.246, , -0.273, -0.246, -0.300
1952, 7, -0.228, , -0.273, -0.246, -0.300
1952, 8, -0.222, , -0.273, -0.246, -0.300
1952, 9, -0.243, , -0.273, -0.246, -0.300
1952, 10, -0.241, , -0.273, -0.246, -0.299
1952, 11, -0.262, , -0.272, -0.246, -0.299
1952, 12, -0.290, , -0.272, -0.246, -0.299
1953, 1, -0.342, , -0.272, -0.245, -0.299
1953, 2, -0.352, , -0.272, -0.245, -0.299
1953, 3, -0.307, , -0.272, -0.245, -0.298
1953, 4, -0.299, , -0.272, -0.245, -0.298
1953, 5, -0.268, , -0.271, -0.245, -0.298
1953, 6, -0.298, , -0.271, -0.245, -0.298
1953, 7, -0.294, , -0.271, -0.245, -0.297
1953, 8, -0.289, , -0.271, -0.245, -0.297
1953, 9, -0.349, , -0.271, -0.244, -0.297
1953, 10, -0.335, , -0.270, -0.244, -0.297
1953, 11, -0.387, , -0.270, -0.244, -0.296
1953, 12, -0.360, , -0.270, -0.244, -0.296
1954, 1, -0.329, , -0.270, -0.244, -0.296
1954, 2, -0.343, , -0.270, -0.244, -0.296
1954, 3, -0.310, , -0.270, -0.244, -0.295
1954, 4, -0.271, , -0.269, -0.244, -0.295
1954, 5, -0.271, , -0.269, -0.243, -0.295
1954, 6, -0.194, , -0.269, -0.243, -0.295
1954, 7, -0.246, , -0.269, -0.243, -0.294
1954, 8, -0.232, , -0.269, -0.243, -0.294
1954, 9, -0.249, , -0.268, -0.243, -0.294
1954, 10, -0.216, , -0.268, -0.243, -0.294
1954, 11, -0.235, , -0.268, -0.243, -0.293
1954, 12, -0.177, , -0.268, -0.243, -0.293
1955, 1, -0.140, , -0.268, -0.242, -0.293
1955, 2, -0.151, , -0.268, -0.242, -0.293
1955, 3, -0.155, , -0.267, -0.242, -0.293
1955, 4, -0.149, , -0.267, -0.242, -0.292
1955, 5, -0.195, , -0.267, -0.242, -0.292
1955, 6, -0.203, , -0.267, -0.242, -0.292
1955, 7, -0.244, , -0.267, -0.242, -0.292
1955, 8, -0.201, , -0.266, -0.242, -0.291
1955, 9, -0.227, , -0.266, -0.241, -0.291
1955, 10, -0.226, , -0.266, -0.241, -0.291
1955, 11, -0.226, , -0.266, -0.241, -0.291
1955, 12, -0.223, , -0.266, -0.241, -0.290
1956, 1, -0.192, , -0.266, -0.241, -0.290
1956, 2, , , -0.265, -0.241, -0.290
1956, 3, , , -0.265, -0.241, -0.290
1956, 4, , , -0.265, -0.241, -0.289
1956, 5, , , -0.265, -0.240, -0.289
1956, 6, , , -0.265, -0.240, -0.289
1956, 7, , , -0.264, -0.240, -0.289
1956, 8, , , -0.264, -0.240, -0.288
1956, 9, , , -0.264, -0.240, -0.288
1956, 10, , , -0.264, -0.240, -0.288
1956, 11, , , -0.264, -0.240, -0.288
1956, 12, , , -0.263, -0.239, -0.287
1957, 1, -0.207, , -0.263, -0.239, -0.287
1957, 2, -0.211, , -0.263, -0.239, -0.287
1957, 3, -0.246, , -0.263, -0.239, -0.287
1957, 4, -0.183, , -0.263, -0.239, -0.287
1957, 5, -0.226, , -0.263, -0.239, -0.286
1957, 6, -0.255, , -0.262, -0.239, -0.286
1957, 7, -0.252, , -0.262, -0.239, -0.286
1957, 8, -0.253, , -0.262, -0.238, -0.286
1957, 9, -0.240, , -0.262, -0.238, -0.285
1957, 10, -0.302, , -0.262, -0.238, -0.285
1957, 11, -0.271, , -0.261, -0.238, -0.285
1957, 12, -0.296, , -0.261, -0.238, -0.285
1958, 1, -0.329, , -0.261, -0.238, -0.284
1958, 2, -0.336, , -0.261, -0.238, -0.284
1958, 3, -0.353, , -0.261, -0.238, -0.284
1958, 4, -0.414, , -0.261, -0.237, -0.284
1958, 5, -0.344, , -0.260, -0.237, -0.283
1958, 6, -0.353, , -0.260, -0.237, -0.283
1958, 7, -0.298, , -0.260, -0.237, -0.283
1958, 8, -0.280, , -0.260, -0.237, -0.283
1958, 9, -0.279, , -0.260, -0.237, -0.282
1958, 10, -0.253, , -0.259, -0.237, -0.282
1958, 11, -0.247, , -0.259, -0.236, -0.282
1958, 12, -0.265, , -0.259, -0.236, -0.282
1959, 1, -0.238, , -0.259, -0.236, -0.282
1959, 2, -0.297, , -0.259, -0.236, -0.281
1959, 3, -0.334, , -0.259, -0.236, -0.281
1959, 4, -0.195, , -0.258, -0.236, -0.281
1959, 5, -0.201, , -0.258, -0.236, -0.281
1959, 6, -0.249, , -0.258, -0.236, -0.280
1959, 7, -0.270, , -0.258, -0.235, -0.280
1959, 8, -0.238, , -0.258, -0.235, -0.280
1959, 9, -0.288, , -0.257, -0.235, -0.280
1959, 10, -0.277, , -0.257, -0.235, -0.279
1959, 11, -0.311, , -0.257, -0.235, -0.279
1959, 12, -0.256, , -0.257, -0.235, -0.279
1960, 1, -0.214, , -0.257, -0.235, -0.279
1960, 2, -0.202, , -0.256, -0.235, -0.278
1960, 3, -0.188, , -0.256, -0.234, -0.278
1960, 4, -0.158, , -0.256, -0.234, -0.278
1960, 5, -0.177, , -0.256, -0.234, -0.278
1960, 6, -0.197, , -0.256, -0.234, -0.278
1960, 7, -0.240, , -0.256, -0.234, -0.277
1960, 8, -0.207, , -0.255, -0.234, -0.277
1960, 9, -0.072, , -0.255, -0.234, -0.277
1960, 10, -0.222, , -0.255, -0.233, -0.277
1960, 11, -0.244, , -0.255, -0.233, -0.276
1960, 12, -0.235, , -0.255, -0.233, -0.276
1961, 1, -0.238, , -0.254, -0.233, -0.276
1961, 2, -0.236, , -0.254, -0.233, -0.276
1961, 3, -0.240, , -0.254, -0.233, -0.275
1961, 4, -0.280, , -0.254, -0.233, -0.275
1961, 5, -0.250, , -0.254, -0.233, -0.275
1961, 6, -0.188, , -0.254, -0.232, -0.275
1961, 7, -0.200, , -0.253, -0.232, -0.274
1961, 8, -0.161, , -0.253, -0.232, -0.274
1961, 9, -0.154, , -0.253, -0.232, -0.274
1961, 10, -0.219, , -0.253, -0.232, -0.274
1961, 11, -0.277, , -0.253, -0.232, -0.274
1961, 12, -0.284, , -0.252, -0.232, -0.273
1962, 1, -0.259, , -0.252, -0.231, -0.273
1962, 2, -0.269, , -0.252, -0.231, -0.273
1962, 3, -0.292, , -0.252, -0.231, -0.273
1962, 4, -0.216, , -0.252, -0.231, -0.272
1962, 5, -0.165, , -0.252, -0.231, -0.272
1962, 6, -0.188, , -0.251, -0.231, -0.272
1962, 7, -0.222, , -0.251, -0.231, -0.272
1962, 8, -0.219, , -0.251, -0.230, -0.271
1962, 9, -0.218, , -0.251, -0.230, -0.271
1962, 10, -0.210, , -0.251, -0.230, -0.271
1962, 11, -0.232, , -0.250, -0.230, -0.271
1962, 12, -0.253, , -0.250, -0.230, -0.271
1963, 1, -0.287, , -0.250, -0.230, -0.270
1963, 2, -0.279, , -0.250, -0.230, -0.270
1963, 3, -0.258, , -0.250, -0.230, -0.270
1963, 4, -0.161, , -0.250, -0.229, -0.270
1963, 5, -0.183, , -0.249, -0.229, -0.269
1963, 6, -0.209, , -0.249, -0.229, -0.269
1963, 7, -0.240, , -0.249, -0.229, -0.269
1963, 8, -0.210, , -0.249, -0.229, -0.269
1963, 9, -0.240, , -0.249, -0.229, -0.268
1963, 10, -0.232, , -0.248, -0.229, -0.268
1963, 11, -0.244, , -0.248, -0.228, -0.268
1963, 12, -0.274, , -0.248, -0.228, -0.268
1964, 1, -0.308, , -0.248, -0.228, -0.268
1964, 2, -0.321, , -0.248, -0.228, -0.267
1964, 3, -0.301, , -0.247, -0.228, -0.267
1964, 4, -0.311, , -0.247, -0.228, -0.267
1964, 5, -0.268, , -0.247, -0.228, -0.267
1964, 6, -0.234, , -0.247, -0.227, -0.266
1964, 7, -0.194, , -0.247, -0.227, -0.266
1964, 8, -0.177, , -0.247, -0.227, -0.266
1964, 9, -0.188, , -0.246, -0.227, -0.266
1964, 10, -0.171, , -0.246, -0.227, -0.265
1964, 11, -0.162, , -0.246, -0.227, -0.265
1964, 12, -0.213, , -0.246, -0.227, -0.265
1965, 1, -0.226, , -0.246, -0.226, -0.265
1965, 2, -0.202, , -0.245, -0.226, -0.265
1965, 3, -0.194, , -0.245, -0.226, -0.264
1965, 4, -0.213, , -0.245, -0.226, -0.264
1965, 5, -0.216, , -0.245, -0.226, -0.264
1965, 6, -0.221, , -0.245, -0.226, -0.264
1965, 7, -0.210, , -0.245, -0.226, -0.263
1965, 8, -0.213, , -0.244, -0.225, -0.263
1965, 9, -0.200, , -0.244, -0.225, -0.263
1965, 10, -0.235, , -0.244, -0.225, -0.263
1965, 11, -0.274, , -0.244, -0.225, -0.263
1965, 12, -0.326, , -0.244, -0.225, -0.262
1966, 1, -0.308, , -0.243, -0.225, -0.262
1966, 2, -0.419, , -0.243, -0.225, -0.262
1966, 3, -0.331, , -0.243, -0.225, -0.262
1966, 4, -0.299, , -0.243, -0.224, -0.261
1966, 5, -0.311, , -0.243, -0.224, -0.261
1966, 6, -0.264, , -0.243, -0.224, -0.261
1966, 7, -0.250, , -0.242, -0.224, -0.261
1966, 8, -0.259, , -0.242, -0.224, -0.260
1966, 9, -0.279, , -0.242, -0.224, -0.260
1966, 10, -0.280, , -0.242, -0.224, -0.260
1966, 11, -0.256, , -0.242, -0.223, -0.260
1966, 12, -0.326, , -0.241, -0.223, -0.260
1967, 1, -0.314, , -0.241, -0.223, -0.259
1967, 2, -0.254, , -0.241, -0.223, -0.259
1967, 3, -0.249, , -0.241, -0.223, -0.259
1967, 4, -0.158, , -0.241, -0.223, -0.259
1967, 5, -0.143, , -0.240, -0.223, -0.258
1967, 6, -0.176, , -0.240, -0.222, -0.258
1967, 7, -0.198, , -0.240, -0.222, -0.258
1967, 8, -0.274, , -0.240, -0.222, -0.258
1967, 9, -0.246, , -0.240, -0.222, -0.258
1967, 10, -0.229, , -0.240, -0.222, -0.257
1967, 11, -0.232, , -0.239, -0.222, -0.257
1967, 12, -0.220, , -0.239, -0.221, -0.257
1968, 1, -0.192, , -0.239, -0.221, -0.257
1968, 2, -0.224, , -0.239, -0.221, -0.256
1968, 3, -0.270, , -0.239, -0.221, -0.256
1968, 4, -0.277, , -0.238, -0.221, -0.256
1968, 5, -0.244, , -0.238, -0.221, -0.256
1968, 6, -0.237, , -0.238, -0.221, -0.256
1968, 7, -0.218, , -0.238, -0.220, -0.255
1968, 8, -0.210, , -0.238, -0.220, -0.255
1968, 9, -0.249, , -0.238, -0.220, -0.255
1968, 10, -0.192, , -0.237, -0.220, -0.255
1968, 11, -0.216, , -0.237, -0.220, -0.254
1968, 12, -0.262, , -0.237, -0.220, -0.254
1969, 1, -0.201, , -0.237, -0.220, -0.254
1969, 2, -0.196, , -0.237, -0.219, -0.254
1969, 3, -0.194, , -0.236, -0.219, -0.254
1969, 4, -0.238, , -0.236, -0.219, -0.253
1969, 5, -0.262, , -0.236, -0.219, -0.253
1969, 6, -0.273, , -0.236, -0.219, -0.253
1969, 7, -0.292, , -0.236, -0.219, -0.253
1969, 8, -0.274, , -0.236, -0.219, -0.253
1969, 9, -0.258, , -0.235, -0.218, -0.252
1969, 10, -0.256, , -0.235, -0.218, -0.252
1969, 11, -0.290, , -0.235, -0.218, -0.252
1969, 12, -0.299, , -0.235, -0.218, -0.252
1970, 1, -0.281, , -0.235, -0.218, -0.251
1970, 2, -0.236, , -0.234, -0.218, -0.251
1970, 3, -0.292, , -0.234, -0.217, -0.251
1970, 4, -0.265, , -0.234, -0.217, -0.251
1970, 5, -0.201, , -0.234, -0.217, -0.251
1970, 6, -0.185, , -0.234, -0.217, -0.250
1970, 7, -0.166, , -0.234, -0.217, -0.250
1970, 8, -0.204, , -0.233, -0.217, -0.250
1970, 9, -0.288, , -0.233, -0.217, -0.250
1970, 10, -0.290, , -0.233, -0.216, -0.249
1970, 11, -0.274, , -0.233, -0.216, -0.249
1970, 12, -0.186, , -0.233, -0.216, -0.249
1971, 1, -0.140, , -0.232, -0.216, -0.249
1971, 2, -0.114, , -0.232, -0.216, -0.249
1971, 3, -0.115, , -0.232, -0.216, -0.248
1971, 4, -0.097, , -0.232, -0.215, -0.248
1971, 5, -0.098, , -0.232, -0.215, -0.248
1971, 6, -0.151, , -0.231, -0.215, -0.248
1971, 7, -0.166, , -0.231, -0.215, -0.248
1971, 8, -0.225, , -0.231, -0.215, -0.247
1971, 9, -0.218, , -0.231, -0.215, -0.247
1971, 10, -0.201, , -0.231, -0.215, -0.247
1971, 11, -0.213, , -0.231, -0.214, -0.247
1971, 12, -0.256, , -0.230, -0.214, -0.246
1972, 1, -0.214, , -0.230, -0.214, -0.246
1972, 2, -0.239, , -0.230, -0.214, -0.246
1972, 3, -0.215, , -0.230, -0.214, -0.246
1972, 4, -0.210, , -0.230, -0.214, -0.246
1972, 5, -0.226, , -0.229, -0.213, -0.245
1972, 6, -0.237, , -0.229, -0.213, -0.245
1972, 7, -0.224, , -0.229, -0.213, -0.245
1972, 8, -0.228, , -0.229, -0.213, -0.245
1972, 9, -0.246, , -0.229, -0.213, -0.245
1972, 10, -0.232, , -0.229, -0.213, -0.244
1972, 11, -0.256, , -0.228, -0.213, -0.244
1972, 12, -0.207, , -0.228, -0.212, -0.244
1973, 1, -0.226, , -0.228, -0.212, -0.244
1973, 2, -0.263, , -0.228, -0.212, -0.244
1973, 3, -0.273, , -0.228, -0.212, -0.243
1973, 4, -0.274, , -0.227, -0.212, -0.243
1973, 5, -0.317, , -0.227, -0.212, -0.243
1973, 6, -0.307, , -0.227, -0.211, -0.243
1973, 7, -0.304, , -0.227, -0.211, -0.243
1973, 8, -0.311, , -0.227, -0.211, -0.242
1973, 9, -0.258, , -0.227, -0.211, -0.242
1973, 10, -0.302, , -0.226, -0.211, -0.242
1973, 11, -0.305, , -0.226, -0.211, -0.242
1973, 12, -0.207, , -0.226, -0.210, -0.241
1974, 1, -0.186, , -0.226, -0.210, -0.241
1974, 2, -0.196, , -0.226, -0.210, -0.241
1974, 3, -0.209, , -0.225, -0.210, -0.241
1974, 4, -0.134, , -0.225, -0.210, -0.241
1974, 5, -0.113, , -0.225, -0.210, -0.240
1974, 6, -0.157, , -0.225, -0.209, -0.240
1974, 7, -0.174, , -0.225, -0.209, -0.240
1974, 8, -0.152, , -0.224, -0.209, -0.240
1974, 9, -0.179, , -0.224, -0.209, -0.240
1974, 10, -0.241, , -0.224, -0.209, -0.239
1974, 11, -0.149, , -0.224, -0.209, -0.239
1974, 12, -0.162, , -0.224, -0.208, -0.239
1975, 1, -0.232, , -0.224, -0.208, -0.239
1975, 2, -0.233, , -0.223, -0.208, -0.239
1975, 3, -0.219, , -0.223, -0.208, -0.238
1975, 4, -0.204, , -0.223, -0.208, -0.238
1975, 5, -0.241, , -0.223, -0.208, -0.238
1975, 6, -0.246, , -0.223, -0.207, -0.238
1975, 7, -0.258, , -0.222, -0.207, -0.238
1975, 8, -0.247, , -0.222, -0.207, -0.237
1975, 9, -0.215, , -0.222, -0.207, -0.237
1975, 10, -0.183, , -0.222, -0.207, -0.237
1975, 11, -0.174, , -0.222, -0.207, -0.237
1975, 12, -0.198, , -0.222, -0.206, -0.237
1976, 1, -0.174, , -0.221, -0.206, -0.236
1976, 2, -0.169, , -0.221, -0.206, -0.236
1976, 3, -0.167, , -0.221, -0.206, -0.236
1976, 4, -0.177, , -0.221, -0.206, -0.236
1976, 5, -0.189, , -0.221, -0.206, -0.236
1976, 6, , , -0.220, -0.205, -0.235
1976, 7, -0.174, , -0.220, -0.205, -0.235
1976, 8, , , -0.220, -0.205, -0.235
1976, 9, -0.261, , -0.220, -0.205, -0.235
1976, 10, -0.244, , -0.220, -0.205, -0.235
1976, 11, -0.213, , -0.220, -0.205, -0.234
1976, 12, -0.177, , -0.219, -0.204, -0.234
1977, 1, -0.217, , -0.219, -0.204, -0.234
1977, 2, -0.227, , -0.219, -0.204, -0.234
1977, 3, -0.228, , -0.219, -0.204, -0.234
1977, 4, -0.259, , -0.219, -0.204, -0.234
1977, 5, -0.241, , -0.218, -0.204, -0.233
1977, 6, -0.261, , -0.218, -0.203, -0.233
1977, 7, -0.286, , -0.218, -0.203, -0.233
1977, 8, -0.286, , -0.218, -0.203, -0.233
1977, 9, -0.310, , -0.218, -0.203, -0.233
1977, 10, -0.299, , -0.218, -0.203, -0.232
1977, 11, -0.250, , -0.217, -0.202, -0.232
1977, 12, -0.290, , -0.217, -0.202, -0.232
1978, 1, -0.308, , -0.217, -0.202, -0.232
1978, 2, -0.315, , -0.217, -0.202, -0.232
1978, 3, -0.343, , -0.217, -0.202, -0.231
1978, 4, -0.374, , -0.216, -0.202, -0.231
1978, 5, , , -0.216, -0.201, -0.231
1978, 6, , , -0.216, -0.201, -0.231
1978, 7, , , -0.216, -0.201, -0.231
1978, 8, , , -0.216, -0.201, -0.230
1978, 9, , , -0.215, -0.201, -0.230
1978, 10, , , -0.215, -0.200, -0.230
1978, 11, -0.240, , -0.215, -0.200, -0.230
1978, 12, , , -0.215, -0.200, -0.230
1979, 1, -0.241, , -0.215, -0.200, -0.230
1979, 2, , , -0.215, -0.200, -0.229
1979, 3, -0.212, , -0.214, -0.200, -0.229
1979, 4, -0.219, , -0.214, -0.199, -0.229
1979, 5, -0.214, , -0.214, -0.199, -0.229
1979, 6, -0.173, , -0.214, -0.199, -0.229
1979, 7, -0.179, , -0.214, -0.199, -0.228
1979, 8, -0.180, , -0.213, -0.199, -0.228
1979, 9, -0.230, , -0.213, -0.198, -0.228
1979, 10, -0.189, , -0.213, -0.198, -0.228
1979, 11, -0.186, , -0.213, -0.198, -0.228
1979, 12, -0.232, , -0.213, -0.198, -0.227
1980, 1, -0.220, , -0.213, -0.198, -0.227
1980, 2, -0.291, , -0.212, -0.198, -0.227
1980, 3, -0.215, , -0.212, -0.197, -0.227
1980, 4, -0.213, , -0.212, -0.197, -0.227
1980, 5, -0.299, , -0.212, -0.197, -0.227
1980, 6, -0.264, , -0.212, -0.197, -0.226
1980, 7, -0.240, , -0.211, -0.197, -0.226
1980, 8, -0.164, , -0.211, -0.196, -0.226
1980, 9, -0.154, , -0.211, -0.196, -0.226
1980, 10, -0.122, , -0.211, -0.196, -0.226
1980, 11, -0.143, , -0.211, -0.196, -0.226
1980, 12, -0.121, , -0.211, -0.196, -0.225
1981, 1, -0.177, , -0.210, -0.196, -0.225
1981, 2, -0.218, , -0.210, -0.195, -0.225
1981, 3, -0.264, , -0.210, -0.195, -0.225
1981, 4, -0.225, , -0.210, -0.195, -0.225
1981, 5, , , -0.210, -0.195, -0.224
1981, 6, -0.273, , -0.209, -0.195, -0.224
1981, 7, , , -0.209, -0.194, -0.224
1981, 8, , , -0.209, -0.194, -0.224
1981, 9, , , -0.209, -0.194, -0.224
1981, 10, , , -0.209, -0.194, -0.224
1981, 11, -0.162, , -0.208, -0.194, -0.223
1981, 12, -0.165, , -0.208, -0.193, -0.223
1982, 1, -0.183, , -0.208, -0.193, -0.223
1982, 2, -0.151, , -0.208, -0.193, -0.223
1982, 3, -0.109, , -0.208, -0.193, -0.223
1982, 4, -0.094, , -0.208, -0.193, -0.222
1982, 5, -0.140, , -0.207, -0.192, -0.222
1982, 6, -0.144, , -0.207, -0.192, -0.222
1982, 7, -0.164, , -0.207, -0.192, -0.222
1982, 8, -0.192, , -0.207, -0.192, -0.222
1982, 9, -0.227, , -0.207, -0.192, -0.222
1982, 10, -0.216, , -0.206, -0.191, -0.221
1982, 11, -0.256, , -0.206, -0.191, -0.221
1982, 12, -0.259, , -0.206, -0.191, -0.221
1983, 1, -0.265, , -0.206, -0.191, -0.221
1983, 2, -0.294, , -0.206, -0.191, -0.221
1983, 3, -0.362, , -0.206, -0.190, -0.221
1983, 4, -0.411, , -0.205, -0.190, -0.220
1983, 5, -0.469, , -0.205, -0.190, -0.220
1983, 6, -0.453, , -0.205, -0.190, -0.220
1983, 7, -0.392, , -0.205, -0.190, -0.220
1983, 8, -0.375, , -0.205, -0.190, -0.220
1983, 9, -0.337, , -0.204, -0.189, -0.220
1983, 10, -0.335, , -0.204, -0.189, -0.219
1983, 11, -0.274, , -0.204, -0.189, -0.219
1983, 12, -0.244, , -0.204, -0.189, -0.219
1984, 1, -0.268, , -0.204, -0.189, -0.219
1984, 2, -0.218, , -0.204, -0.188, -0.219
1984, 3, -0.239, , -0.203, -0.188, -0.219
1984, 4, -0.225, , -0.203, -0.188, -0.218
1984, 5, -0.134, , -0.203, -0.188, -0.218
1984, 6, -0.176, , -0.203, -0.187, -0.218
1984, 7, -0.224, , -0.203, -0.187, -0.218
1984, 8, -0.244, , -0.202, -0.187, -0.218
1984, 9, -0.188, , -0.202, -0.187, -0.218
1984, 10, -0.207, , -0.202, -0.187, -0.217
1984, 11, -0.223, , -0.202, -0.186, -0.217
1984, 12, -0.198, , -0.202, -0.186, -0.217
1985, 1, -0.220, , -0.202, -0.186, -0.217
1985, 2, -0.151, , -0.201, -0.186, -0.217
1985, 3, -0.063, , -0.201, -0.186, -0.217
1985, 4, -0.070, , -0.201, -0.185, -0.216
1985, 5, -0.113, , -0.201, -0.185, -0.216
1985, 6, , , -0.201, -0.185, -0.216
1985, 7, -0.146, , -0.200, -0.185, -0.216
1985, 8, -0.180, , -0.200, -0.185, -0.216
1985, 9, -0.188, , -0.200, -0.184, -0.216
1985, 10, -0.186, , -0.200, -0.184, -0.215
1985, 11, -0.247, , -0.200, -0.184, -0.215
1985, 12, -0.204, , -0.199, -0.184, -0.215
1986, 1, -0.192, , -0.199, -0.184, -0.215
1986, 2, -0.172, , -0.199, -0.183, -0.215
1986, 3, -0.203, , -0.199, -0.183, -0.215
1986, 4, -0.219, , -0.199, -0.183, -0.214
1986, 5, -0.174, , -0.199, -0.183, -0.214
1986, 6, -0.121, , -0.198, -0.183, -0.214
1986, 7, -0.124, , -0.198, -0.182, -0.214
1986, 8, -0.174, , -0.198, -0.182, -0.214
1986, 9, -0.157, , -0.198, -0.182, -0.214
1986, 10, -0.219, , -0.198, -0.182, -0.214
1986, 11, -0.183, , -0.197, -0.182, -0.213
1986, 12, -0.183, , -0.197, -0.181, -0.213
1987, 1, -0.238, , -0.197, -0.181, -0.213
1987, 2, -0.208, , -0.197, -0.181, -0.213
1987, 3, -0.270, , -0.197, -0.181, -0.213
1987, 4, -0.338, , -0.197, -0.180, -0.213
1987, 5, -0.396, , -0.196, -0.180, -0.212
1987, 6, -0.289, , -0.196, -0.180, -0.212
1987, 7, -0.228, , -0.196, -0.180, -0.212
1987, 8, -0.247, , -0.196, -0.180, -0.212
1987, 9, -0.234, , -0.196, -0.179, -0.212
1987, 10, -0.222, , -0.195, -0.179, -0.212
1987, 11, -0.232, , -0.195, -0.179, -0.212
1987, 12, -0.207, , -0.195, -0.179, -0.211
1988, 1, -0.217, , -0.195, -0.179, -0.211
1988, 2, -0.230, , -0.195, -0.178, -0.211
1988, 3, -0.286, , -0.195, -0.178, -0.211
1988, 4, -0.268, , -0.194, -0.178, -0.211
1988, 5, -0.311, , -0.194, -0.178, -0.211
1988, 6, -0.331, , -0.194, -0.177, -0.210
1988, 7, -0.282, , -0.194, -0.177, -0.210
1988, 8, -0.198, , -0.194, -0.177, -0.210
1988, 9, -0.191, , -0.193, -0.177, -0.210
1988, 10, -0.186, , -0.193, -0.177, -0.210
1988, 11, -0.183, , -0.193, -0.176, -0.210
1988, 12, -0.143, , -0.193, -0.176, -0.210
1989, 1, -0.212, , -0.193, -0.176, -0.209
1989, 2, -0.147, , -0.192, -0.176, -0.209
1989, 3, -0.127, , -0.192, -0.176, -0.209
1989, 4, -0.158, , -0.192, -0.175, -0.209
1989, 5, -0.149, , -0.192, -0.175, -0.209
1989, 6, -0.218, , -0.192, -0.175, -0.209
1989, 7, -0.224, , -0.192, -0.175, -0.208
1989, 8, -0.259, , -0.191, -0.174, -0.208
1989, 9, -0.240, , -0.191, -0.174, -0.208
1989, 10, -0.219, , -0.191, -0.174, -0.208
1989, 11, -0.213, , -0.191, -0.174, -0.208
1989, 12, -0.247, , -0.191, -0.174, -0.208
1990, 1, -0.229, , -0.190, -0.173, -0.208
1990, 2, -0.193, , -0.190, -0.173, -0.207
1990, 3, -0.200, , -0.190, -0.173, -0.207
1990, 4, -0.241, , -0.190, -0.173, -0.207
1990, 5, -0.259, , -0.190, -0.173, -0.207
1990, 6, -0.164, , -0.190, -0.172, -0.207
1990, 7, -0.164, , -0.189, -0.172, -0.207
1990, 8, -0.192, , -0.189, -0.172, -0.207
1990, 9, -0.182, , -0.189, -0.172, -0.206
1990, 10, -0.149, , -0.189, -0.171, -0.206
1990, 11, -0.134, , -0.189, -0.171, -0.206
1990, 12, -0.195, , -0.188, -0.171, -0.206
1991, 1, -0.171, , -0.188, -0.171, -0.206
1991, 2, -0.132, , -0.188, -0.171, -0.206
1991, 3, -0.127, , -0.188, -0.170, -0.205
1991, 4, -0.168, , -0.188, -0.170, -0.205
1991, 5, -0.152, , -0.188, -0.170, -0.205
1991, 6, -0.157, , -0.187, -0.170, -0.205
1991, 7, -0.204, , -0.187, -0.169, -0.205
1991, 8, -0.155, , -0.187, -0.169, -0.205
1991, 9, -0.157, , -0.187, -0.169, -0.205
1991, 10, -0.189, , -0.187, -0.169, -0.204
1991, 11, -0.168, , -0.186, -0.169, -0.204
1991, 12, -0.256, , -0.186, -0.168, -0.204
1992, 1, -0.214, , -0.186, -0.168, -0.204
1992, 2, -0.239, , -0.186, -0.168, -0.204
1992, 3, -0.264, , -0.186, -0.168, -0.204
1992, 4, -0.305, , -0.185, -0.167, -0.204
1992, 5, -0.293, , -0.185, -0.167, -0.203
1992, 6, -0.279, , -0.185, -0.167, -0.203
1992, 7, -0.234, , -0.185, -0.167, -0.203
1992, 8, -0.250, , -0.185, -0.167, -0.203
1992, 9, -0.221, , -0.185, -0.166, -0.203
1992, 10, -0.149, , -0.184, -0.166, -0.203
1992, 11, -0.171, , -0.184, -0.166, -0.203
1992, 12, -0.122, , -0.184, -0.166, -0.202
1993, 1, -0.177, , -0.184, -0.165, -0.202
1993, 2, -0.217, , -0.184, -0.165, -0.202
1993, 3, -0.182, , -0.183, -0.165, -0.202
1993, 4, -0.233, , -0.183, -0.165, -0.202
1993, 5, -0.212, , -0.183, -0.164, -0.202
1993, 6, -0.230, , -0.183, -0.164, -0.202
1993, 7, -0.230, , -0.183, -0.164, -0.201
1993, 8, -0.211, , -0.183, -0.164, -0.201
1993, 9, -0.233, , -0.182, -0.164, -0.201
1993, 10, -0.174, , -0.182, -0.163, -0.201
1993, 11, -0.174, , -0.182, -0.163, -0.201
1993, 12, -0.186, , -0.182, -0.163, -0.201
1994, 1, -0.149, , -0.182, -0.163, -0.201
1994, 2, -0.175, , -0.181, -0.162, -0.200
1994, 3, -0.166, , -0.181, -0.162, -0.200
1994, 4, -0.207, , -0.181, -0.162, -0.200
1994, 5, -0.241, , -0.181, -0.162, -0.200
1994, 6, -0.216, , -0.181, -0.162, -0.200
1994, 7, -0.161, , -0.181, -0.161, -0.200
1994, 8, -0.220, , -0.180, -0.161, -0.200
1994, 9, -0.206, , -0.180, -0.161, -0.199
1994, 10, -0.207, , -0.180, -0.161, -0.199
1994, 11, -0.247, , -0.180, -0.160, -0.199
1994, 12, -0.192, , -0.180, -0.160, -0.199
1995, 1, -0.229, , -0.179, -0.160, -0.199
1995, 2, -0.208, , -0.179, -0.160, -0.199
1995, 3, -0.215, , -0.179, -0.159, -0.199
1995, 4, -0.228, , -0.179, -0.159, -0.199
1995, 5, -0.232, , -0.179, -0.159, -0.198
1995, 6, -0.212, , -0.179, -0.159, -0.198
1995, 7, -0.133, , -0.178, -0.159, -0.198
1995, 8, -0.122, , -0.178, -0.158, -0.198
1995, 9, -0.133, , -0.178, -0.158, -0.198
1995, 10, -0.156, , -0.178, -0.158, -0.198
1995, 11, -0.137, , -0.178, -0.158, -0.198
1995, 12, -0.153, , -0.177, -0.157, -0.197
1996, 1, -0.177, , -0.177, -0.157, -0.197
1996, 2, -0.153, , -0.177, -0.157, -0.197
1996, 3, -0.133, , -0.177, -0.157, -0.197
1996, 4, -0.121, , -0.177, -0.156, -0.197
1996, 5, -0.080, , -0.176, -0.156, -0.197
1996, 6, -0.093, , -0.176, -0.156, -0.197
1996, 7, -0.092, , -0.176, -0.156, -0.196
1996, 8, -0.089, , -0.176, -0.156, -0.196
1996, 9, -0.095, , -0.176, -0.155, -0.196
1996, 10, -0.147, , -0.176, -0.155, -0.196
1996, 11, -0.155, , -0.175, -0.155, -0.196
1996, 12, -0.143, , -0.175, -0.155, -0.196
1997, 1, -0.180, , -0.175, -0.154, -0.196
1997, 2, -0.168, , -0.175, -0.154, -0.196
1997, 3, -0.122, , -0.175, -0.154, -0.195
1997, 4, -0.181, , -0.174, -0.154, -0.195
1997, 5, -0.220, , -0.174, -0.153, -0.195
1997, 6, -0.213, , -0.174, -0.153, -0.195
1997, 7, -0.164, , -0.174, -0.153, -0.195
1997, 8, -0.160, , -0.174, -0.153, -0.195
1997, 9, -0.165, , -0.174, -0.153, -0.195
1997, 10, -0.146, , -0.173, -0.152, -0.194
1997, 11, -0.174, , -0.173, -0.152, -0.194
1997, 12, -0.207, , -0.173, -0.152, -0.194
1998, 1, -0.257, , -0.173, -0.152, -0.194
1998, 2, -0.418, , -0.173, -0.151, -0.194
1998, 3, -0.442, , -0.172, -0.151, -0.194
1998, 4, -0.443, , -0.172, -0.151, -0.194
1998, 5, -0.469, , -0.172, -0.151, -0.193
1998, 6, -0.407, , -0.172, -0.150, -0.193
1998, 7, -0.426, , -0.172, -0.150, -0.193
1998, 8, -0.399, , -0.172, -0.150, -0.193
1998, 9, -0.378, , -0.171, -0.150, -0.193
1998, 10, -0.363, , -0.171, -0.149, -0.193
1998, 11, -0.286, , -0.171, -0.149, -0.193
1998, 12, -0.247, , -0.171, -0.149, -0.193
1999, 1, -0.171, , -0.171, -0.149, -0.192
1999, 2, -0.111, , -0.170, -0.149, -0.192
1999, 3, -0.071, , -0.170, -0.148, -0.192
1999, 4, -0.116, , -0.170, -0.148, -0.192
1999, 5, -0.103, , -0.170, -0.148, -0.192
1999, 6, -0.098, , -0.170, -0.148, -0.192
1999, 7, -0.136, , -0.169, -0.147, -0.192
1999, 8, -0.193, , -0.169, -0.147, -0.191
1999, 9, -0.135, , -0.169, -0.147, -0.191
1999, 10, -0.173, , -0.169, -0.147, -0.191
1999, 11, -0.176, , -0.169, -0.146, -0.191
1999, 12, -0.149, , -0.169, -0.146, -0.191
2000, 1, -0.152, , -0.168, -0.146, -0.191
2000, 2, -0.150, , -0.168, -0.146, -0.191
2000, 3, -0.115, , -0.168, -0.145, -0.191
2000, 4, -0.111, , -0.168, -0.145, -0.190
2000, 5, -0.127, , -0.168, -0.145, -0.190
2000, 6, -0.170, , -0.167, -0.145, -0.190
2000, 7, -0.160, , -0.167, -0.145, -0.190
2000, 8, -0.197, , -0.167, -0.144, -0.190
2000, 9, -0.183, , -0.167, -0.144, -0.190
2000, 10, -0.159, , -0.167, -0.144, -0.190
2000, 11, -0.140, , -0.167, -0.144, -0.190
2000, 12, -0.118, , -0.166, -0.143, -0.189
2001, 1, -0.096, , -0.166, -0.143, -0.189
2001, 2, -0.084, , -0.166, -0.143, -0.189
2001, 3, -0.082, , -0.166, -0.143, -0.189
2001, 4, -0.096, , -0.166, -0.142, -0.189
2001, 5, -0.089, , -0.165, -0.142, -0.189
2001, 6, -0.132, , -0.165, -0.142, -0.189
2001, 7, -0.168, , -0.165, -0.142, -0.188
2001, 8, -0.159, , -0.165, -0.141, -0.188
2001, 9, -0.144, , -0.165, -0.141, -0.188
2001, 10, -0.175, , -0.165, -0.141, -0.188
2001, 11, -0.156, , -0.164, -0.141, -0.188
2001, 12, -0.176, , -0.164, -0.141, -0.188
2002, 1, -0.197, , -0.164, -0.140, -0.188
2002, 2, -0.135, , -0.164, -0.140, -0.188
2002, 3, -0.134, , -0.164, -0.140, -0.187
2002, 4, -0.160, , -0.163, -0.140, -0.187
2002, 5, -0.187, , -0.163, -0.139, -0.187
2002, 6, -0.163, , -0.163, -0.139, -0.187
2002, 7, -0.106, , -0.163, -0.139, -0.187
2002, 8, -0.113, , -0.163, -0.139, -0.187
2002, 9, -0.155, , -0.163, -0.138, -0.187
2002, 10, -0.174, , -0.162, -0.138, -0.187
2002, 11, -0.129, , -0.162, -0.138, -0.186
2002, 12, -0.112, , -0.162, -0.138, -0.186
2003, 1, -0.118, , -0.162, -0.137, -0.186
2003, 2, -0.125, , -0.162, -0.137, -0.186
2003, 3, -0.155, , -0.161, -0.137, -0.186
2003, 4, -0.168, , -0.161, -0.137, -0.186
2003, 5, -0.100, , -0.161, -0.136, -0.186
2003, 6, -0.156, , -0.161, -0.136, -0.185
2003, 7, -0.166, , -0.161, -0.136, -0.185
2003, 8, -0.134, , -0.160, -0.136, -0.185
2003, 9, -0.148, , -0.160, -0.135, -0.185
2003, 10, -0.137, , -0.160, -0.135, -0.185
2003, 11, -0.125, , -0.160, -0.135, -0.185
2003, 12, -0.109, , -0.160, -0.135, -0.185
2004, 1, -0.108, , -0.160, -0.135, -0.185
2004, 2, -0.094, , -0.159, -0.134, -0.184
2004, 3, -0.100, , -0.159, -0.134, -0.184
2004, 4, -0.151, , -0.159, -0.134, -0.184
2004, 5, -0.144, , -0.159, -0.134, -0.184
2004, 6, -0.083, , -0.159, -0.133, -0.184
2004, 7, -0.102, , -0.158, -0.133, -0.184
2004, 8, -0.096, , -0.158, -0.133, -0.184
2004, 9, -0.085, , -0.158, -0.133, -0.184
2004, 10, -0.081, , -0.158, -0.132, -0.183
2004, 11, -0.092, , -0.158, -0.132, -0.183
2004, 12, -0.140, , -0.158, -0.132, -0.183
2005, 1, -0.133, , -0.157, -0.132, -0.183
2005, 2, -0.143, , -0.157, -0.131, -0.183
2005, 3, -0.301, , -0.157, -0.131, -0.183
2005, 4, -0.259, , -0.157, -0.131, -0.183
2005, 5, -0.163, , -0.157, -0.131, -0.183
2005, 6, -0.157, , -0.156, -0.130, -0.182
2005, 7, -0.178, , -0.156, -0.130, -0.182
2005, 8, -0.123, , -0.156, -0.130, -0.182
2005, 9, -0.101, , -0.156, -0.130, -0.182
2005, 10, -0.093, , -0.156, -0.129, -0.182
2005, 11, -0.048, , -0.156, -0.129, -0.182
2005, 12, -0.107, , -0.155, -0.129, -0.182
2006, 1, -0.101, , -0.155, -0.129, -0.182
2006, 2, -0.045, , -0.155, -0.129, -0.181
2006, 3, -0.045, , -0.155, -0.128, -0.181
2006, 4, -0.048, , -0.155, -0.128, -0.181
2006, 5, -0.082, , -0.154, -0.128, -0.181
2006, 6, -0.083, , -0.154, -0.128, -0.181
2006, 7, -0.090, , -0.154, -0.127, -0.181
2006, 8, -0.126, , -0.154, -0.127, -0.181
2006, 9, -0.145, , -0.154, -0.127, -0.181
2006, 10, -0.119, , -0.153, -0.127, -0.180
2006, 11, -0.166, , -0.153, -0.126, -0.180
2006, 12, -0.144, , -0.153, -0.126, -0.180
2007, 1, -0.122, , -0.153, -0.126, -0.180
2007, 2, -0.204, , -0.153, -0.126, -0.180
2007, 3, -0.180, , -0.153, -0.125, -0.180
2007, 4, -0.137, , -0.152, -0.125, -0.180
2007, 5, -0.098, , -0.152, -0.125, -0.180
2007, 6, -0.078, , -0.152, -0.125, -0.179
2007, 7, -0.084, , -0.152, -0.124, -0.179
2007, 8, -0.087, , -0.152, -0.124, -0.179
2007, 9, -0.116, , -0.151, -0.124, -0.179
2007, 10, -0.104, , -0.151, -0.124, -0.179
2007, 11, -0.092, , -0.151, -0.123, -0.179
2007, 12, -0.160, , -0.151, -0.123, -0.179
2008, 1, -0.138, , -0.151, -0.123, -0.179
2008, 2, -0.189, , -0.151, -0.123, -0.178
2008, 3, -0.146, , -0.150, -0.122, -0.178
2008, 4, -0.067, , -0.150, -0.122, -0.178
2008, 5, -0.064, , -0.150, -0.122, -0.178
2008, 6, -0.069, , -0.150, -0.122, -0.178
2008, 7, -0.132, , -0.150, -0.121, -0.178
2008, 8, -0.133, , -0.149, -0.121, -0.178
2008, 9, -0.169, , -0.149, -0.121, -0.178
2008, 10, -0.173, , -0.149, -0.121, -0.177
2008, 11, -0.154, , -0.149, -0.121, -0.177
2008, 12, -0.117, , -0.149, -0.120, -0.177
2009, 1, -0.100, , -0.149, -0.120, -0.177
2009, 2, -0.090, , -0.148, -0.120, -0.177
2009, 3, -0.078, , -0.148, -0.120, -0.177
2009, 4, -0.096, , -0.148, -0.119, -0.177
2009, 5, -0.116, , -0.148, -0.119, -0.177
2009, 6, -0.159, , -0.148, -0.119, -0.176
2009, 7, -0.112, , -0.147, -0.119, -0.176
2009, 8, -0.125, , -0.147, -0.118, -0.176
2009, 9, -0.134, , -0.147, -0.118, -0.176
2009, 10, -0.172, , -0.147, -0.118, -0.176
2009, 11, -0.171, , -0.147, -0.118, -0.176
2009, 12, -0.156, , -0.147, -0.117, -0.176
2010, 1, -0.096, , -0.146, -0.117, -0.176
2010, 2, -0.171, , -0.146, -0.117, -0.175
2010, 3, -0.192, , -0.146, -0.117, -0.175
2010, 4, -0.162, , -0.146, -0.116, -0.175
2010, 5, -0.153, , -0.146, -0.116, -0.175
2010, 6, -0.092, , -0.145, -0.116, -0.175
2010, 7, -0.054, , -0.145, -0.116, -0.175
2010, 8, -0.083, , -0.145, -0.115, -0.175
2010, 9, -0.082, , -0.145, -0.115, -0.175
2010, 10, -0.040, , -0.145, -0.115, -0.174
2010, 11, -0.065, , -0.144, -0.115, -0.174
2010, 12, 0.002, , -0.144, -0.114, -0.174
2011, 1, 0.044, , -0.144, -0.114, -0.174
2011, 2, 0.053, , -0.144, -0.114, -0.174
2011, 3, 0.047, , -0.144, -0.114, -0.174
2011, 4, 0.043, , -0.144, -0.113, -0.174
2011, 5, 0.019, , -0.143, -0.113, -0.174
2011, 6, -0.004, , -0.143, -0.113, -0.173
2011, 7, -0.006, , -0.143, -0.113, -0.173
2011, 8, 0.006, , -0.143, -0.112, -0.173
2011, 9, 0.013, , -0.143, -0.112, -0.173
2011, 10, -0.003, , -0.142, -0.112, -0.173
2011, 11, -0.001, , -0.142, -0.112, -0.173
2011, 12, 0.006, , -0.142, -0.112, -0.173
2012, 1, 0.031, , -0.142, -0.111, -0.173
2012, 2, 0.038, , -0.142, -0.111, -0.172
2012, 3, 0.017, , -0.142, -0.111, -0.172
2012, 4, 0.044, , -0.141, -0.111, -0.172
2012, 5, 0.025, , -0.141, -0.110, -0.172
2012, 6, -0.053, , -0.141, -0.110, -0.172
2012, 7, -0.028, , -0.141, -0.110, -0.172
2012, 8, -0.053, , -0.141, -0.110, -0.172
2012, 9, -0.028, , -0.140, -0.109, -0.172
2012, 10, 0.010, , -0.140, -0.109, -0.171
2012, 11, -0.012, , -0.140, -0.109, -0.171
2012, 12, -0.030, , -0.140, -0.109, -0.171
2013, 1, -0.020, , -0.140, -0.108, -0.171
2013, 2, -0.056, , -0.140, -0.108, -0.171
2013, 3, -0.071, , -0.139, -0.108, -0.171
2013, 4, -0.062, , -0.139, -0.108, -0.171
2013, 5, -0.059, , -0.139, -0.107, -0.171
2013, 6, 0.019, , -0.139, -0.107, -0.170
2013, 7, -0.004, , -0.139, -0.107, -0.170
2013, 8, -0.022, , -0.138, -0.107, -0.170
2013, 9, 0.011, , -0.138, -0.106, -0.170
2013, 10, 0.015, , -0.138, -0.106, -0.170
2013, 11, 0.015, , -0.138, -0.106, -0.170
2013, 12, -0.002, , -0.138, -0.106, -0.170
2014, 1, 0.003, , -0.137, -0.105, -0.170
2014, 2, 0.047, , -0.137, -0.105, -0.169
2014, 3, -0.024, , -0.137, -0.105, -0.169
2014, 4, -0.081, , -0.137, -0.105, -0.169
2014, 5, -0.094, , -0.137, -0.104, -0.169
2014, 6, -0.077, , -0.137, -0.104, -0.169
2014, 7, 0.014, , -0.136, -0.104, -0.169
2014, 8, 0.006, , -0.136, -0.104, -0.169
2014, 9, 0.038, , -0.136, -0.103, -0.169
2014, 10, 0.071, , -0.136, -0.103, -0.169
2014, 11, 0.027, , -0.136, -0.103, -0.168
2014, 12, 0.011, , -0.135, -0.103, -0.168
2015, 1, 0.040, , -0.135, -0.102, -0.168
2015, 2, 0.024, , -0.135, -0.102, -0.168
2015, 3, 0.028, , -0.135, -0.102, -0.168
2015, 4, 0.048, , -0.135, -0.102, -0.168
2015, 5, 0.044, , -0.135, -0.101, -0.168
2015, 6, 0.031, , -0.134, -0.101, -0.168
2015, 7, 0.044, , -0.134, -0.101, -0.167
2015, 8, 0.056, , -0.134, -0.101, -0.167
2015, 9, 0.031, , -0.134, -0.100, -0.167
2015, 10, 0.040, , -0.134, -0.100, -0.167
2015, 11, 0.026, , -0.133, -0.100, -0.167
2015, 12, 0.013, , -0.133, -0.100, -0.167
2016, 1, -0.040, , -0.133, -0.099, -0.167
2016, 2, -0.058, , -0.133, -0.099, -0.167
2016, 3, -0.078, , -0.133, -0.099, -0.166
2016, 4, -0.037, , -0.133, -0.099, -0.166
2016, 5, -0.108, , -0.132, -0.098, -0.166
2016, 6, -0.074, , -0.132, -0.098, -0.166
2016, 7, -0.058, , -0.132, -0.098, -0.166
2016, 8, -0.039, , -0.132, -0.098, -0.166
2016, 9, 0.002, , -0.132, -0.098, -0.166
2016, 10, 0.097, , -0.131, -0.097, -0.166
2016, 11, 0.079, , -0.131, -0.097, -0.165
2016, 12, 0.131, , -0.131, -0.097, -0.165
2017, 1, , , -0.131, -0.097, -0.165
2017, 2, , , -0.131, -0.096, -0.165
2017, 3, , , -0.131, -0.096, -0.165
2017, 4, , , -0.130, -0.096, -0.165
2017, 5, , , -0.130, -0.096, -0.165
2017, 6, , , -0.130, -0.095, -0.165
2017, 7, , , -0.130, -0.095, -0.164
2017, 8, , , -0.130, -0.095, -0.164
2017, 9, , , -0.129, -0.095, -0.164
2017, 10, , , -0.129, -0.094, -0.164
2017, 11, , , -0.129, -0.094, -0.164
2017, 12, , , -0.129, -0.094, -0.164
2018, 1, , , -0.129, -0.094, -0.164
2018, 2, , , -0.128, -0.093, -0.164
2018, 3, , , -0.128, -0.093, -0.164
2018, 4, , , -0.128, -0.093, -0.163
2018, 5, , , -0.128, -0.093, -0.163
2018, 6, , , -0.128, -0.092, -0.163
2018, 7, , , -0.128, -0.092, -0.163
2018, 8, , , -0.127, -0.092, -0.163
2018, 9, , , -0.127, -0.092, -0.163
2018, 10, , , -0.127, -0.091, -0.163
2018, 11, , , -0.127, -0.091, -0.163
2018, 12, , , -0.127, -0.091, -0.162
2019, 1, , , -0.126, -0.091, -0.162
2019, 2, , , -0.126, -0.090, -0.162
2019, 3, , , -0.126, -0.090, -0.162
2019, 4, , , -0.126, -0.090, -0.162
2019, 5, , , -0.126, -0.090, -0.162
2019, 6, , , -0.126, -0.089, -0.162
2019, 7, , , -0.125, -0.089, -0.162
2019, 8, , , -0.125, -0.089, -0.161
2019, 9, , , -0.125, -0.089, -0.161
2019, 10, , , -0.125, -0.088, -0.161
2019, 11, , , -0.125, -0.088, -0.161
2019, 12, , , -0.124, -0.088, -0.161
2020, 1, , , -0.124, -0.088, -0.161
2020, 2, , , -0.124, -0.087, -0.161
2020, 3, , , -0.124, -0.087, -0.161
2020, 4, , , -0.124, -0.087, -0.161
2020, 5, , , -0.124, -0.087, -0.160
2020, 6, , , -0.123, -0.086, -0.160
2020, 7, , , -0.123, -0.086, -0.160
2020, 8, , , -0.123, -0.086, -0.160
2020, 9, , , -0.123, -0.086, -0.160
2020, 10, , , -0.123, -0.085, -0.160
2020, 11, , , -0.122, -0.085, -0.160
2020, 12, , , -0.122, -0.085, -0.160
