Year, Month, Monthly_MSL, Unverified, Linear_Trend, High_Conf., Low_Conf.
1900, 1, , , -0.415, -0.363, -0.468
1900, 2, , , -0.415, -0.363, -0.467
1900, 3, , , -0.415, -0.362, -0.467
1900, 4, , , -0.414, -0.362, -0.467
1900, 5, , , -0.414, -0.362, -0.466
1900, 6, , , -0.414, -0.361, -0.466
1900, 7, , , -0.413, -0.361, -0.465
1900, 8, , , -0.413, -0.361, -0.465
1900, 9, , , -0.412, -0.360, -0.464
1900, 10, , , -0.412, -0.360, -0.464
1900, 11, , , -0.412, -0.360, -0.464
1900, 12, , , -0.411, -0.359, -0.463
1901, 1, , , -0.411, -0.359, -0.463
1901, 2, , , -0.411, -0.359, -0.462
1901, 3, , , -0.410, -0.358, -0.462
1901, 4, , , -0.410, -0.358, -0.461
1901, 5, , , -0.409, -0.358, -0.461
1901, 6, , , -0.409, -0.357, -0.461
1901, 7, , , -0.409, -0.357, -0.460
1901, 8, , , -0.408, -0.357, -0.460
1901, 9, , , -0.408, -0.356, -0.459
1901, 10, , , -0.408, -0.356, -0.459
1901, 11, , , -0.407, -0.356, -0.458
1901, 12, , , -0.407, -0.355, -0.458
1902, 1, , , -0.406, -0.355, -0.458
1902, 2, , , -0.406, -0.355, -0.457
1902, 3, , , -0.406, -0.354, -0.457
1902, 4, , , -0.405, -0.354, -0.456
1902, 5, , , -0.405, -0.354, -0.456
1902, 6, , , -0.404, -0.353, -0.456
1902, 7, , , -0.404, -0.353, -0.455
1902, 8, , , -0.404, -0.353, -0.455
1902, 9, , , -0.403, -0.352, -0.454
1902, 10, , , -0.403, -0.352, -0.454
1902, 11, , , -0.403, -0.352, -0.453
1902, 12, , , -0.402, -0.351, -0.453
1903, 1, , , -0.402, -0.351, -0.453
1903, 2, , , -0.401, -0.351, -0.452
1903, 3, , , -0.401, -0.350, -0.452
1903, 4, , , -0.401, -0.350, -0.451
1903, 5, , , -0.400, -0.350, -0.451
1903, 6, , , -0.400, -0.349, -0.450
1903, 7, , , -0.400, -0.349, -0.450
1903, 8, , , -0.399, -0.349, -0.450
1903, 9, , , -0.399, -0.348, -0.449
1903, 10, , , -0.398, -0.348, -0.449
1903, 11, , , -0.398, -0.348, -0.448
1903, 12, , , -0.398, -0.347, -0.448
1904, 1, , , -0.397, -0.347, -0.447
1904, 2, , , -0.397, -0.347, -0.447
1904, 3, , , -0.397, -0.346, -0.447
1904, 4, , , -0.396, -0.346, -0.446
1904, 5, , , -0.396, -0.346, -0.446
1904, 6, , , -0.395, -0.345, -0.445
1904, 7, , , -0.395, -0.345, -0.445
1904, 8, , , -0.395, -0.345, -0.444
1904, 9, , , -0.394, -0.344, -0.444
1904, 10, , , -0.394, -0.344, -0.444
1904, 11, , , -0.393, -0.344, -0.443
1904, 12, , , -0.393, -0.343, -0.443
1905, 1, , , -0.393, -0.343, -0.442
1905, 2, , , -0.392, -0.343, -0.442
1905, 3, , , -0.392, -0.342, -0.441
1905, 4, , , -0.392, -0.342, -0.441
1905, 5, , , -0.391, -0.342, -0.441
1905, 6, , , -0.391, -0.341, -0.440
1905, 7, , , -0.390, -0.341, -0.440
1905, 8, , , -0.390, -0.341, -0.439
1905, 9, , , -0.390, -0.340, -0.439
1905, 10, , , -0.389, -0.340, -0.439
1905, 11, , , -0.389, -0.340, -0.438
1905, 12, , , -0.389, -0.339, -0.438
1906, 1, , , -0.388, -0.339, -0.437
1906, 2, , , -0.388, -0.339, -0.437
1906, 3, , , -0.387, -0.338, -0.436
1906, 4, , , -0.387, -0.338, -0.436
1906, 5, , , -0.387, -0.338, -0.436
1906, 6, , , -0.386, -0.337, -0.435
1906, 7, , , -0.386, -0.337, -0.435
1906, 8, , , -0.386, -0.337, -0.434
1906, 9, , , -0.385, -0.336, -0.434
1906, 10, , , -0.385, -0.336, -0.433
1906, 11, , , -0.384, -0.336, -0.433
1906, 12, , , -0.384, -0.335, -0.433
1907, 1, , , -0.384, -0.335, -0.432
1907, 2, , , -0.383, -0.335, -0.432
1907, 3, , , -0.383, -0.334, -0.431
1907, 4, , , -0.383, -0.334, -0.431
1907, 5, , , -0.382, -0.334, -0.430
1907, 6, , , -0.382, -0.333, -0.430
1907, 7, , , -0.381, -0.333, -0.430
1907, 8, , , -0.381, -0.333, -0.429
1907, 9, , , -0.381, -0.332, -0.429
1907, 10, , , -0.380, -0.332, -0.428
1907, 11, , , -0.380, -0.332, -0.428
1907, 12, , , -0.379, -0.331, -0.427
1908, 1, , , -0.379, -0.331, -0.427
1908, 2, , , -0.379, -0.331, -0.427
1908, 3, , , -0.378, -0.330, -0.426
1908, 4, , , -0.378, -0.330, -0.426
1908, 5, , , -0.378, -0.330, -0.425
1908, 6, , , -0.377, -0.329, -0.425
1908, 7, , , -0.377, -0.329, -0.425
1908, 8, , , -0.376, -0.329, -0.424
1908, 9, , , -0.376, -0.328, -0.424
1908, 10, , , -0.376, -0.328, -0.423
1908, 11, , , -0.375, -0.328, -0.423
1908, 12, , , -0.375, -0.327, -0.422
1909, 1, , , -0.375, -0.327, -0.422
1909, 2, , , -0.374, -0.327, -0.422
1909, 3, , , -0.374, -0.326, -0.421
1909, 4, , , -0.373, -0.326, -0.421
1909, 5, , , -0.373, -0.326, -0.420
1909, 6, , , -0.373, -0.326, -0.420
1909, 7, , , -0.372, -0.325, -0.419
1909, 8, , , -0.372, -0.325, -0.419
1909, 9, , , -0.372, -0.325, -0.419
1909, 10, , , -0.371, -0.324, -0.418
1909, 11, , , -0.371, -0.324, -0.418
1909, 12, , , -0.370, -0.324, -0.417
1910, 1, , , -0.370, -0.323, -0.417
1910, 2, , , -0.370, -0.323, -0.416
1910, 3, , , -0.369, -0.323, -0.416
1910, 4, , , -0.369, -0.322, -0.416
1910, 5, , , -0.369, -0.322, -0.415
1910, 6, , , -0.368, -0.322, -0.415
1910, 7, , , -0.368, -0.321, -0.414
1910, 8, , , -0.367, -0.321, -0.414
1910, 9, , , -0.367, -0.321, -0.413
1910, 10, , , -0.367, -0.320, -0.413
1910, 11, , , -0.366, -0.320, -0.413
1910, 12, , , -0.366, -0.320, -0.412
1911, 1, , , -0.365, -0.319, -0.412
1911, 2, , , -0.365, -0.319, -0.411
1911, 3, , , -0.365, -0.319, -0.411
1911, 4, , , -0.364, -0.318, -0.410
1911, 5, , , -0.364, -0.318, -0.410
1911, 6, , , -0.364, -0.318, -0.410
1911, 7, , , -0.363, -0.317, -0.409
1911, 8, , , -0.363, -0.317, -0.409
1911, 9, , , -0.362, -0.317, -0.408
1911, 10, , , -0.362, -0.316, -0.408
1911, 11, , , -0.362, -0.316, -0.408
1911, 12, , , -0.361, -0.316, -0.407
1912, 1, , , -0.361, -0.315, -0.407
1912, 2, , , -0.361, -0.315, -0.406
1912, 3, , , -0.360, -0.315, -0.406
1912, 4, , , -0.360, -0.314, -0.405
1912, 5, , , -0.359, -0.314, -0.405
1912, 6, , , -0.359, -0.314, -0.405
1912, 7, , , -0.359, -0.313, -0.404
1912, 8, , , -0.358, -0.313, -0.404
1912, 9, , , -0.358, -0.313, -0.403
1912, 10, , , -0.358, -0.312, -0.403
1912, 11, , , -0.357, -0.312, -0.402
1912, 12, , , -0.357, -0.312, -0.402
1913, 1, , , -0.356, -0.311, -0.402
1913, 2, , , -0.356, -0.311, -0.401
1913, 3, , , -0.356, -0.311, -0.401
1913, 4, , , -0.355, -0.310, -0.400
1913, 5, , , -0.355, -0.310, -0.400
1913, 6, , , -0.354, -0.310, -0.399
1913, 7, , , -0.354, -0.309, -0.399
1913, 8, , , -0.354, -0.309, -0.399
1913, 9, , , -0.353, -0.309, -0.398
1913, 10, , , -0.353, -0.308, -0.398
1913, 11, , , -0.353, -0.308, -0.397
1913, 12, , , -0.352, -0.308, -0.397
1914, 1, , , -0.352, -0.307, -0.396
1914, 2, , , -0.351, -0.307, -0.396
1914, 3, , , -0.351, -0.307, -0.396
1914, 4, , , -0.351, -0.306, -0.395
1914, 5, , , -0.350, -0.306, -0.395
1914, 6, , , -0.350, -0.306, -0.394
1914, 7, , , -0.350, -0.305, -0.394
1914, 8, , , -0.349, -0.305, -0.394
1914, 9, , , -0.349, -0.305, -0.393
1914, 10, , , -0.348, -0.304, -0.393
1914, 11, , , -0.348, -0.304, -0.392
1914, 12, , , -0.348, -0.304, -0.392
1915, 1, , , -0.347, -0.303, -0.391
1915, 2, , , -0.347, -0.303, -0.391
1915, 3, , , -0.347, -0.303, -0.391
1915, 4, , , -0.346, -0.302, -0.390
1915, 5, , , -0.346, -0.302, -0.390
1915, 6, , , -0.345, -0.302, -0.389
1915, 7, , , -0.345, -0.301, -0.389
1915, 8, , , -0.345, -0.301, -0.388
1915, 9, , , -0.344, -0.301, -0.388
1915, 10, , , -0.344, -0.300, -0.388
1915, 11, , , -0.344, -0.300, -0.387
1915, 12, , , -0.343, -0.300, -0.387
1916, 1, , , -0.343, -0.299, -0.386
1916, 2, , , -0.342, -0.299, -0.386
1916, 3, , , -0.342, -0.299, -0.385
1916, 4, , , -0.342, -0.298, -0.385
1916, 5, , , -0.341, -0.298, -0.385
1916, 6, , , -0.341, -0.298, -0.384
1916, 7, , , -0.340, -0.297, -0.384
1916, 8, , , -0.340, -0.297, -0.383
1916, 9, , , -0.340, -0.297, -0.383
1916, 10, , , -0.339, -0.296, -0.382
1916, 11, , , -0.339, -0.296, -0.382
1916, 12, , , -0.339, -0.296, -0.382
1917, 1, , , -0.338, -0.295, -0.381
1917, 2, , , -0.338, -0.295, -0.381
1917, 3, , , -0.337, -0.295, -0.380
1917, 4, , , -0.337, -0.294, -0.380
1917, 5, , , -0.337, -0.294, -0.380
1917, 6, , , -0.336, -0.294, -0.379
1917, 7, , , -0.336, -0.293, -0.379
1917, 8, , , -0.336, -0.293, -0.378
1917, 9, , , -0.335, -0.293, -0.378
1917, 10, , , -0.335, -0.292, -0.377
1917, 11, , , -0.334, -0.292, -0.377
1917, 12, , , -0.334, -0.292, -0.377
1918, 1, , , -0.334, -0.291, -0.376
1918, 2, , , -0.333, -0.291, -0.376
1918, 3, , , -0.333, -0.291, -0.375
1918, 4, , , -0.333, -0.290, -0.375
1918, 5, , , -0.332, -0.290, -0.374
1918, 6, , , -0.332, -0.290, -0.374
1918, 7, , , -0.331, -0.289, -0.374
1918, 8, , , -0.331, -0.289, -0.373
1918, 9, , , -0.331, -0.289, -0.373
1918, 10, , , -0.330, -0.288, -0.372
1918, 11, , , -0.330, -0.288, -0.372
1918, 12, , , -0.330, -0.288, -0.371
1919, 1, , , -0.329, -0.287, -0.371
1919, 2, , , -0.329, -0.287, -0.371
1919, 3, , , -0.328, -0.287, -0.370
1919, 4, , , -0.328, -0.286, -0.370
1919, 5, , , -0.328, -0.286, -0.369
1919, 6, , , -0.327, -0.286, -0.369
1919, 7, , , -0.327, -0.285, -0.368
1919, 8, , , -0.326, -0.285, -0.368
1919, 9, , , -0.326, -0.285, -0.368
1919, 10, , , -0.326, -0.284, -0.367
1919, 11, , , -0.325, -0.284, -0.367
1919, 12, , , -0.325, -0.284, -0.366
1920, 1, , , -0.325, -0.283, -0.366
1920, 2, , , -0.324, -0.283, -0.366
1920, 3, , , -0.324, -0.283, -0.365
1920, 4, , , -0.323, -0.282, -0.365
1920, 5, , , -0.323, -0.282, -0.364
1920, 6, , , -0.323, -0.282, -0.364
1920, 7, , , -0.322, -0.281, -0.363
1920, 8, , , -0.322, -0.281, -0.363
1920, 9, , , -0.322, -0.281, -0.363
1920, 10, , , -0.321, -0.280, -0.362
1920, 11, , , -0.321, -0.280, -0.362
1920, 12, , , -0.320, -0.280, -0.361
1921, 1, , , -0.320, -0.279, -0.361
1921, 2, , , -0.320, -0.279, -0.360
1921, 3, , , -0.319, -0.279, -0.360
1921, 4, , , -0.319, -0.278, -0.360
1921, 5, , , -0.319, -0.278, -0.359
1921, 6, , , -0.318, -0.278, -0.359
1921, 7, , , -0.318, -0.277, -0.358
1921, 8, , , -0.317, -0.277, -0.358
1921, 9, , , -0.317, -0.277, -0.357
1921, 10, , , -0.317, -0.276, -0.357
1921, 11, , , -0.316, -0.276, -0.357
1921, 12, , , -0.316, -0.276, -0.356
1922, 1, , , -0.316, -0.275, -0.356
1922, 2, , , -0.315, -0.275, -0.355
1922, 3, , , -0.315, -0.275, -0.355
1922, 4, , , -0.314, -0.274, -0.354
1922, 5, , , -0.314, -0.274, -0.354
1922, 6, , , -0.314, -0.274, -0.354
1922, 7, , , -0.313, -0.273, -0.353
1922, 8, , , -0.313, -0.273, -0.353
1922, 9, , , -0.312, -0.273, -0.352
1922, 10, , , -0.312, -0.272, -0.352
1922, 11, , , -0.312, -0.272, -0.351
1922, 12, , , -0.311, -0.272, -0.351
1923, 1, , , -0.311, -0.271, -0.351
1923, 2, , , -0.311, -0.271, -0.350
1923, 3, , , -0.310, -0.271, -0.350
1923, 4, , , -0.310, -0.270, -0.349
1923, 5, , , -0.309, -0.270, -0.349
1923, 6, , , -0.309, -0.270, -0.349
1923, 7, , , -0.309, -0.269, -0.348
1923, 8, , , -0.308, -0.269, -0.348
1923, 9, , , -0.308, -0.269, -0.347
1923, 10, , , -0.308, -0.268, -0.347
1923, 11, , , -0.307, -0.268, -0.346
1923, 12, , , -0.307, -0.268, -0.346
1924, 1, , , -0.306, -0.267, -0.346
1924, 2, , , -0.306, -0.267, -0.345
1924, 3, , , -0.306, -0.267, -0.345
1924, 4, , , -0.305, -0.266, -0.344
1924, 5, , , -0.305, -0.266, -0.344
1924, 6, , , -0.305, -0.266, -0.343
1924, 7, , , -0.304, -0.265, -0.343
1924, 8, , , -0.304, -0.265, -0.343
1924, 9, , , -0.303, -0.265, -0.342
1924, 10, , , -0.303, -0.264, -0.342
1924, 11, , , -0.303, -0.264, -0.341
1924, 12, , , -0.302, -0.264, -0.341
1925, 1, , , -0.302, -0.263, -0.340
1925, 2, , , -0.301, -0.263, -0.340
1925, 3, , , -0.301, -0.263, -0.340
1925, 4, , , -0.301, -0.262, -0.339
1925, 5, , , -0.300, -0.262, -0.339
1925, 6, , , -0.300, -0.262, -0.338
1925, 7, , , -0.300, -0.261, -0.338
1925, 8, , , -0.299, -0.261, -0.337
1925, 9, , , -0.299, -0.261, -0.337
1925, 10, , , -0.298, -0.260, -0.337
1925, 11, , , -0.298, -0.260, -0.336
1925, 12, , , -0.298, -0.260, -0.336
1926, 1, , , -0.297, -0.259, -0.335
1926, 2, , , -0.297, -0.259, -0.335
1926, 3, , , -0.297, -0.259, -0.335
1926, 4, , , -0.296, -0.258, -0.334
1926, 5, , , -0.296, -0.258, -0.334
1926, 6, , , -0.295, -0.258, -0.333
1926, 7, , , -0.295, -0.257, -0.333
1926, 8, , , -0.295, -0.257, -0.332
1926, 9, , , -0.294, -0.257, -0.332
1926, 10, , , -0.294, -0.256, -0.332
1926, 11, , , -0.294, -0.256, -0.331
1926, 12, , , -0.293, -0.256, -0.331
1927, 1, , , -0.293, -0.255, -0.330
1927, 2, , , -0.292, -0.255, -0.330
1927, 3, , , -0.292, -0.255, -0.329
1927, 4, , , -0.292, -0.254, -0.329
1927, 5, , , -0.291, -0.254, -0.329
1927, 6, , , -0.291, -0.254, -0.328
1927, 7, , , -0.291, -0.253, -0.328
1927, 8, , , -0.290, -0.253, -0.327
1927, 9, , , -0.290, -0.253, -0.327
1927, 10, , , -0.289, -0.252, -0.326
1927, 11, , , -0.289, -0.252, -0.326
1927, 12, , , -0.289, -0.252, -0.326
1928, 1, , , -0.288, -0.251, -0.325
1928, 2, , , -0.288, -0.251, -0.325
1928, 3, , , -0.287, -0.251, -0.324
1928, 4, , , -0.287, -0.250, -0.324
1928, 5, , , -0.287, -0.250, -0.323
1928, 6, , , -0.286, -0.250, -0.323
1928, 7, , , -0.286, -0.249, -0.323
1928, 8, , , -0.286, -0.249, -0.322
1928, 9, , , -0.285, -0.249, -0.322
1928, 10, , , -0.285, -0.248, -0.321
1928, 11, , , -0.284, -0.248, -0.321
1928, 12, , , -0.284, -0.248, -0.321
1929, 1, , , -0.284, -0.247, -0.320
1929, 2, , , -0.283, -0.247, -0.320
1929, 3, , , -0.283, -0.247, -0.319
1929, 4, , , -0.283, -0.246, -0.319
1929, 5, , , -0.282, -0.246, -0.318
1929, 6, , , -0.282, -0.246, -0.318
1929, 7, , , -0.281, -0.245, -0.318
1929, 8, , , -0.281, -0.245, -0.317
1929, 9, , , -0.281, -0.245, -0.317
1929, 10, , , -0.280, -0.244, -0.316
1929, 11, , , -0.280, -0.244, -0.316
1929, 12, , , -0.280, -0.244, -0.315
1930, 1, , , -0.279, -0.243, -0.315
1930, 2, , , -0.279, -0.243, -0.315
1930, 3, , , -0.278, -0.243, -0.314
1930, 4, , , -0.278, -0.242, -0.314
1930, 5, , , -0.278, -0.242, -0.313
1930, 6, , , -0.277, -0.242, -0.313
1930, 7, , , -0.277, -0.241, -0.312
1930, 8, , , -0.277, -0.241, -0.312
1930, 9, , , -0.276, -0.241, -0.312
1930, 10, , , -0.276, -0.240, -0.311
1930, 11, , , -0.275, -0.240, -0.311
1930, 12, , , -0.275, -0.240, -0.310
1931, 1, , , -0.275, -0.239, -0.310
1931, 2, , , -0.274, -0.239, -0.309
1931, 3, , , -0.274, -0.239, -0.309
1931, 4, , , -0.273, -0.238, -0.309
1931, 5, , , -0.273, -0.238, -0.308
1931, 6, , , -0.273, -0.238, -0.308
1931, 7, , , -0.272, -0.237, -0.307
1931, 8, , , -0.272, -0.237, -0.307
1931, 9, , , -0.272, -0.237, -0.307
1931, 10, , , -0.271, -0.236, -0.306
1931, 11, , , -0.271, -0.236, -0.306
1931, 12, , , -0.270, -0.236, -0.305
1932, 1, , , -0.270, -0.235, -0.305
1932, 2, , , -0.270, -0.235, -0.304
1932, 3, , , -0.269, -0.235, -0.304
1932, 4, , , -0.269, -0.234, -0.304
1932, 5, , , -0.269, -0.234, -0.303
1932, 6, , , -0.268, -0.234, -0.303
1932, 7, , , -0.268, -0.233, -0.302
1932, 8, , , -0.267, -0.233, -0.302
1932, 9, , , -0.267, -0.233, -0.301
1932, 10, , , -0.267, -0.232, -0.301
1932, 11, , , -0.266, -0.232, -0.301
1932, 12, , , -0.266, -0.232, -0.300
1933, 1, , , -0.266, -0.231, -0.300
1933, 2, , , -0.265, -0.231, -0.299
1933, 3, , , -0.265, -0.231, -0.299
1933, 4, , , -0.264, -0.230, -0.298
1933, 5, , , -0.264, -0.230, -0.298
1933, 6, , , -0.264, -0.230, -0.298
1933, 7, , , -0.263, -0.229, -0.297
1933, 8, , , -0.263, -0.229, -0.297
1933, 9, , , -0.262, -0.229, -0.296
1933, 10, , , -0.262, -0.228, -0.296
1933, 11, , , -0.262, -0.228, -0.296
1933, 12, , , -0.261, -0.228, -0.295
1934, 1, , , -0.261, -0.227, -0.295
1934, 2, , , -0.261, -0.227, -0.294
1934, 3, , , -0.260, -0.227, -0.294
1934, 4, , , -0.260, -0.226, -0.293
1934, 5, , , -0.259, -0.226, -0.293
1934, 6, , , -0.259, -0.226, -0.293
1934, 7, , , -0.259, -0.225, -0.292
1934, 8, , , -0.258, -0.225, -0.292
1934, 9, , , -0.258, -0.225, -0.291
1934, 10, , , -0.258, -0.224, -0.291
1934, 11, , , -0.257, -0.224, -0.290
1934, 12, , , -0.257, -0.224, -0.290
1935, 1, , , -0.256, -0.223, -0.290
1935, 2, , , -0.256, -0.223, -0.289
1935, 3, , , -0.256, -0.223, -0.289
1935, 4, , , -0.255, -0.222, -0.288
1935, 5, , , -0.255, -0.222, -0.288
1935, 6, , , -0.255, -0.222, -0.287
1935, 7, , , -0.254, -0.221, -0.287
1935, 8, , , -0.254, -0.221, -0.287
1935, 9, , , -0.253, -0.221, -0.286
1935, 10, , , -0.253, -0.220, -0.286
1935, 11, , , -0.253, -0.220, -0.285
1935, 12, , , -0.252, -0.220, -0.285
1936, 1, , , -0.252, -0.219, -0.284
1936, 2, , , -0.252, -0.219, -0.284
1936, 3, , , -0.251, -0.219, -0.284
1936, 4, , , -0.251, -0.218, -0.283
1936, 5, , , -0.250, -0.218, -0.283
1936, 6, , , -0.250, -0.218, -0.282
1936, 7, , , -0.250, -0.217, -0.282
1936, 8, , , -0.249, -0.217, -0.282
1936, 9, , , -0.249, -0.217, -0.281
1936, 10, , , -0.248, -0.216, -0.281
1936, 11, , , -0.248, -0.216, -0.280
1936, 12, , , -0.248, -0.216, -0.280
1937, 1, , , -0.247, -0.215, -0.279
1937, 2, , , -0.247, -0.215, -0.279
1937, 3, , , -0.247, -0.215, -0.279
1937, 4, , , -0.246, -0.214, -0.278
1937, 5, , , -0.246, -0.214, -0.278
1937, 6, , , -0.245, -0.214, -0.277
1937, 7, , , -0.245, -0.213, -0.277
1937, 8, , , -0.245, -0.213, -0.276
1937, 9, , , -0.244, -0.213, -0.276
1937, 10, , , -0.244, -0.212, -0.276
1937, 11, , , -0.244, -0.212, -0.275
1937, 12, , , -0.243, -0.212, -0.275
1938, 1, , , -0.243, -0.211, -0.274
1938, 2, , , -0.242, -0.211, -0.274
1938, 3, , , -0.242, -0.211, -0.273
1938, 4, , , -0.242, -0.210, -0.273
1938, 5, , , -0.241, -0.210, -0.273
1938, 6, , , -0.241, -0.210, -0.272
1938, 7, , , -0.241, -0.209, -0.272
1938, 8, , , -0.240, -0.209, -0.271
1938, 9, , , -0.240, -0.209, -0.271
1938, 10, , , -0.239, -0.208, -0.270
1938, 11, , , -0.239, -0.208, -0.270
1938, 12, , , -0.239, -0.208, -0.270
1939, 1, , , -0.238, -0.207, -0.269
1939, 2, , , -0.238, -0.207, -0.269
1939, 3, , , -0.238, -0.207, -0.268
1939, 4, , , -0.237, -0.206, -0.268
1939, 5, , , -0.237, -0.206, -0.268
1939, 6, , , -0.236, -0.206, -0.267
1939, 7, , , -0.236, -0.205, -0.267
1939, 8, , , -0.236, -0.205, -0.266
1939, 9, , , -0.235, -0.205, -0.266
1939, 10, , , -0.235, -0.204, -0.265
1939, 11, , , -0.234, -0.204, -0.265
1939, 12, , , -0.234, -0.204, -0.265
1940, 1, , , -0.234, -0.203, -0.264
1940, 2, , , -0.233, -0.203, -0.264
1940, 3, , , -0.233, -0.203, -0.263
1940, 4, , , -0.233, -0.202, -0.263
1940, 5, , , -0.232, -0.202, -0.262
1940, 6, , , -0.232, -0.202, -0.262
1940, 7, , , -0.231, -0.201, -0.262
1940, 8, , , -0.231, -0.201, -0.261
1940, 9, , , -0.231, -0.201, -0.261
1940, 10, , , -0.230, -0.200, -0.260
1940, 11, , , -0.230, -0.200, -0.260
1940, 12, , , -0.230, -0.200, -0.259
1941, 1, , , -0.229, -0.199, -0.259
1941, 2, , , -0.229, -0.199, -0.259
1941, 3, , , -0.228, -0.199, -0.258
1941, 4, , , -0.228, -0.198, -0.258
1941, 5, , , -0.228, -0.198, -0.257
1941, 6, , , -0.227, -0.198, -0.257
1941, 7, , , -0.227, -0.197, -0.257
1941, 8, , , -0.227, -0.197, -0.256
1941, 9, , , -0.226, -0.197, -0.256
1941, 10, , , -0.226, -0.196, -0.255
1941, 11, , , -0.225, -0.196, -0.255
1941, 12, , , -0.225, -0.196, -0.254
1942, 1, , , -0.225, -0.195, -0.254
1942, 2, , , -0.224, -0.195, -0.254
1942, 3, , , -0.224, -0.195, -0.253
1942, 4, , , -0.224, -0.194, -0.253
1942, 5, , , -0.223, -0.194, -0.252
1942, 6, , , -0.223, -0.194, -0.252
1942, 7, , , -0.222, -0.193, -0.251
1942, 8, , , -0.222, -0.193, -0.251
1942, 9, , , -0.222, -0.193, -0.251
1942, 10, , , -0.221, -0.192, -0.250
1942, 11, , , -0.221, -0.192, -0.250
1942, 12, , , -0.220, -0.192, -0.249
1943, 1, , , -0.220, -0.191, -0.249
1943, 2, , , -0.220, -0.191, -0.248
1943, 3, , , -0.219, -0.191, -0.248
1943, 4, , , -0.219, -0.190, -0.248
1943, 5, , , -0.219, -0.190, -0.247
1943, 6, , , -0.218, -0.190, -0.247
1943, 7, , , -0.218, -0.189, -0.246
1943, 8, , , -0.217, -0.189, -0.246
1943, 9, , , -0.217, -0.189, -0.246
1943, 10, , , -0.217, -0.188, -0.245
1943, 11, , , -0.216, -0.188, -0.245
1943, 12, , , -0.216, -0.188, -0.244
1944, 1, , , -0.216, -0.187, -0.244
1944, 2, , , -0.215, -0.187, -0.243
1944, 3, , , -0.215, -0.187, -0.243
1944, 4, , , -0.214, -0.186, -0.243
1944, 5, , , -0.214, -0.186, -0.242
1944, 6, , , -0.214, -0.186, -0.242
1944, 7, , , -0.213, -0.185, -0.241
1944, 8, , , -0.213, -0.185, -0.241
1944, 9, , , -0.213, -0.185, -0.240
1944, 10, , , -0.212, -0.184, -0.240
1944, 11, , , -0.212, -0.184, -0.240
1944, 12, , , -0.211, -0.184, -0.239
1945, 1, , , -0.211, -0.183, -0.239
1945, 2, , , -0.211, -0.183, -0.238
1945, 3, , , -0.210, -0.183, -0.238
1945, 4, , , -0.210, -0.182, -0.237
1945, 5, , , -0.209, -0.182, -0.237
1945, 6, , , -0.209, -0.182, -0.237
1945, 7, , , -0.209, -0.181, -0.236
1945, 8, , , -0.208, -0.181, -0.236
1945, 9, , , -0.208, -0.181, -0.235
1945, 10, , , -0.208, -0.180, -0.235
1945, 11, , , -0.207, -0.180, -0.234
1945, 12, , , -0.207, -0.180, -0.234
1946, 1, , , -0.206, -0.179, -0.234
1946, 2, , , -0.206, -0.179, -0.233
1946, 3, , , -0.206, -0.179, -0.233
1946, 4, , , -0.205, -0.178, -0.232
1946, 5, , , -0.205, -0.178, -0.232
1946, 6, , , -0.205, -0.178, -0.232
1946, 7, , , -0.204, -0.177, -0.231
1946, 8, , , -0.204, -0.177, -0.231
1946, 9, , , -0.203, -0.177, -0.230
1946, 10, , , -0.203, -0.176, -0.230
1946, 11, , , -0.203, -0.176, -0.229
1946, 12, , , -0.202, -0.176, -0.229
1947, 1, , , -0.202, -0.175, -0.229
1947, 2, , , -0.202, -0.175, -0.228
1947, 3, , , -0.201, -0.175, -0.228
1947, 4, , , -0.201, -0.174, -0.227
1947, 5, , , -0.200, -0.174, -0.227
1947, 6, , , -0.200, -0.174, -0.226
1947, 7, , , -0.200, -0.173, -0.226
1947, 8, , , -0.199, -0.173, -0.226
1947, 9, , , -0.199, -0.173, -0.225
1947, 10, , , -0.199, -0.172, -0.225
1947, 11, , , -0.198, -0.172, -0.224
1947, 12, , , -0.198, -0.172, -0.224
1948, 1, , , -0.197, -0.171, -0.223
1948, 2, , , -0.197, -0.171, -0.223
1948, 3, , , -0.197, -0.171, -0.223
1948, 4, , , -0.196, -0.170, -0.222
1948, 5, , , -0.196, -0.170, -0.222
1948, 6, , , -0.195, -0.170, -0.221
1948, 7, , , -0.195, -0.169, -0.221
1948, 8, , , -0.195, -0.169, -0.221
1948, 9, , , -0.194, -0.169, -0.220
1948, 10, , , -0.194, -0.168, -0.220
1948, 11, , , -0.194, -0.168, -0.219
1948, 12, , , -0.193, -0.168, -0.219
1949, 1, , , -0.193, -0.167, -0.218
1949, 2, , , -0.192, -0.167, -0.218
1949, 3, , , -0.192, -0.167, -0.218
1949, 4, , , -0.192, -0.166, -0.217
1949, 5, , , -0.191, -0.166, -0.217
1949, 6, , , -0.191, -0.166, -0.216
1949, 7, , , -0.191, -0.165, -0.216
1949, 8, , , -0.190, -0.165, -0.215
1949, 9, , , -0.190, -0.165, -0.215
1949, 10, , , -0.189, -0.164, -0.215
1949, 11, , , -0.189, -0.164, -0.214
1949, 12, , , -0.189, -0.164, -0.214
1950, 1, , , -0.188, -0.163, -0.213
1950, 2, , , -0.188, -0.163, -0.213
1950, 3, , , -0.188, -0.163, -0.212
1950, 4, , , -0.187, -0.162, -0.212
1950, 5, , , -0.187, -0.162, -0.212
1950, 6, , , -0.186, -0.162, -0.211
1950, 7, , , -0.186, -0.161, -0.211
1950, 8, , , -0.186, -0.161, -0.210
1950, 9, , , -0.185, -0.161, -0.210
1950, 10, , , -0.185, -0.160, -0.210
1950, 11, , , -0.185, -0.160, -0.209
1950, 12, , , -0.184, -0.160, -0.209
1951, 1, , , -0.184, -0.159, -0.208
1951, 2, , , -0.183, -0.159, -0.208
1951, 3, , , -0.183, -0.159, -0.207
1951, 4, , , -0.183, -0.158, -0.207
1951, 5, , , -0.182, -0.158, -0.207
1951, 6, , , -0.182, -0.158, -0.206
1951, 7, , , -0.181, -0.157, -0.206
1951, 8, , , -0.181, -0.157, -0.205
1951, 9, , , -0.181, -0.157, -0.205
1951, 10, , , -0.180, -0.156, -0.204
1951, 11, , , -0.180, -0.156, -0.204
1951, 12, , , -0.180, -0.156, -0.204
1952, 1, , , -0.179, -0.155, -0.203
1952, 2, , , -0.179, -0.155, -0.203
1952, 3, , , -0.178, -0.155, -0.202
1952, 4, , , -0.178, -0.154, -0.202
1952, 5, , , -0.178, -0.154, -0.202
1952, 6, , , -0.177, -0.154, -0.201
1952, 7, , , -0.177, -0.153, -0.201
1952, 8, , , -0.177, -0.153, -0.200
1952, 9, , , -0.176, -0.153, -0.200
1952, 10, , , -0.176, -0.152, -0.199
1952, 11, , , -0.175, -0.152, -0.199
1952, 12, , , -0.175, -0.152, -0.199
1953, 1, , , -0.175, -0.151, -0.198
1953, 2, , , -0.174, -0.151, -0.198
1953, 3, , , -0.174, -0.151, -0.197
1953, 4, , , -0.174, -0.150, -0.197
1953, 5, , , -0.173, -0.150, -0.196
1953, 6, , , -0.173, -0.150, -0.196
1953, 7, , , -0.172, -0.149, -0.196
1953, 8, , , -0.172, -0.149, -0.195
1953, 9, , , -0.172, -0.149, -0.195
1953, 10, , , -0.171, -0.148, -0.194
1953, 11, , , -0.171, -0.148, -0.194
1953, 12, , , -0.170, -0.148, -0.193
1954, 1, , , -0.170, -0.147, -0.193
1954, 2, , , -0.170, -0.147, -0.193
1954, 3, , , -0.169, -0.147, -0.192
1954, 4, , , -0.169, -0.146, -0.192
1954, 5, , , -0.169, -0.146, -0.191
1954, 6, , , -0.168, -0.146, -0.191
1954, 7, , , -0.168, -0.145, -0.191
1954, 8, , , -0.167, -0.145, -0.190
1954, 9, , , -0.167, -0.145, -0.190
1954, 10, , , -0.167, -0.144, -0.189
1954, 11, , , -0.166, -0.144, -0.189
1954, 12, , , -0.166, -0.143, -0.188
1955, 1, , , -0.166, -0.143, -0.188
1955, 2, , , -0.165, -0.143, -0.188
1955, 3, , , -0.165, -0.142, -0.187
1955, 4, , , -0.164, -0.142, -0.187
1955, 5, , , -0.164, -0.142, -0.186
1955, 6, , , -0.164, -0.141, -0.186
1955, 7, , , -0.163, -0.141, -0.185
1955, 8, , , -0.163, -0.141, -0.185
1955, 9, , , -0.163, -0.140, -0.185
1955, 10, , , -0.162, -0.140, -0.184
1955, 11, , , -0.162, -0.140, -0.184
1955, 12, , , -0.161, -0.139, -0.183
1956, 1, , , -0.161, -0.139, -0.183
1956, 2, , , -0.161, -0.139, -0.182
1956, 3, , , -0.160, -0.138, -0.182
1956, 4, , , -0.160, -0.138, -0.182
1956, 5, , , -0.160, -0.138, -0.181
1956, 6, , , -0.159, -0.137, -0.181
1956, 7, , , -0.159, -0.137, -0.180
1956, 8, , , -0.158, -0.137, -0.180
1956, 9, , , -0.158, -0.136, -0.180
1956, 10, , , -0.158, -0.136, -0.179
1956, 11, , , -0.157, -0.136, -0.179
1956, 12, , , -0.157, -0.135, -0.178
1957, 1, , , -0.156, -0.135, -0.178
1957, 2, , , -0.156, -0.135, -0.177
1957, 3, , , -0.156, -0.134, -0.177
1957, 4, , , -0.155, -0.134, -0.177
1957, 5, , , -0.155, -0.134, -0.176
1957, 6, , , -0.155, -0.133, -0.176
1957, 7, , , -0.154, -0.133, -0.175
1957, 8, , , -0.154, -0.133, -0.175
1957, 9, , , -0.153, -0.132, -0.174
1957, 10, , , -0.153, -0.132, -0.174
1957, 11, , , -0.153, -0.132, -0.174
1957, 12, , , -0.152, -0.131, -0.173
1958, 1, , , -0.152, -0.131, -0.173
1958, 2, , , -0.152, -0.131, -0.172
1958, 3, , , -0.151, -0.130, -0.172
1958, 4, , , -0.151, -0.130, -0.172
1958, 5, , , -0.150, -0.130, -0.171
1958, 6, , , -0.150, -0.129, -0.171
1958, 7, , , -0.150, -0.129, -0.170
1958, 8, , , -0.149, -0.129, -0.170
1958, 9, , , -0.149, -0.128, -0.169
1958, 10, , , -0.149, -0.128, -0.169
1958, 11, , , -0.148, -0.128, -0.169
1958, 12, , , -0.148, -0.127, -0.168
1959, 1, , , -0.147, -0.127, -0.168
1959, 2, , , -0.147, -0.127, -0.167
1959, 3, , , -0.147, -0.126, -0.167
1959, 4, , , -0.146, -0.126, -0.166
1959, 5, , , -0.146, -0.126, -0.166
1959, 6, , , -0.146, -0.125, -0.166
1959, 7, , , -0.145, -0.125, -0.165
1959, 8, , , -0.145, -0.125, -0.165
1959, 9, , , -0.144, -0.124, -0.164
1959, 10, , , -0.144, -0.124, -0.164
1959, 11, , , -0.144, -0.124, -0.164
1959, 12, , , -0.143, -0.123, -0.163
1960, 1, , , -0.143, -0.123, -0.163
1960, 2, , , -0.142, -0.123, -0.162
1960, 3, , , -0.142, -0.122, -0.162
1960, 4, , , -0.142, -0.122, -0.161
1960, 5, , , -0.141, -0.122, -0.161
1960, 6, , , -0.141, -0.121, -0.161
1960, 7, , , -0.141, -0.121, -0.160
1960, 8, , , -0.140, -0.121, -0.160
1960, 9, , , -0.140, -0.120, -0.159
1960, 10, , , -0.139, -0.120, -0.159
1960, 11, , , -0.139, -0.120, -0.158
1960, 12, , , -0.139, -0.119, -0.158
1961, 1, , , -0.138, -0.119, -0.158
1961, 2, , , -0.138, -0.119, -0.157
1961, 3, , , -0.138, -0.118, -0.157
1961, 4, , , -0.137, -0.118, -0.156
1961, 5, , , -0.137, -0.118, -0.156
1961, 6, , , -0.136, -0.117, -0.156
1961, 7, , , -0.136, -0.117, -0.155
1961, 8, , , -0.136, -0.117, -0.155
1961, 9, , , -0.135, -0.116, -0.154
1961, 10, , , -0.135, -0.116, -0.154
1961, 11, , , -0.135, -0.116, -0.153
1961, 12, , , -0.134, -0.115, -0.153
1962, 1, , , -0.134, -0.115, -0.153
1962, 2, , , -0.133, -0.115, -0.152
1962, 3, , , -0.133, -0.114, -0.152
1962, 4, , , -0.133, -0.114, -0.151
1962, 5, , , -0.132, -0.114, -0.151
1962, 6, , , -0.132, -0.113, -0.150
1962, 7, , , -0.132, -0.113, -0.150
1962, 8, , , -0.131, -0.113, -0.150
1962, 9, , , -0.131, -0.112, -0.149
1962, 10, , , -0.130, -0.112, -0.149
1962, 11, , , -0.130, -0.112, -0.148
1962, 12, , , -0.130, -0.111, -0.148
1963, 1, , , -0.129, -0.111, -0.148
1963, 2, , , -0.129, -0.111, -0.147
1963, 3, , , -0.128, -0.110, -0.147
1963, 4, , , -0.128, -0.110, -0.146
1963, 5, , , -0.128, -0.110, -0.146
1963, 6, , , -0.127, -0.109, -0.145
1963, 7, , , -0.127, -0.109, -0.145
1963, 8, , , -0.127, -0.109, -0.145
1963, 9, , , -0.126, -0.108, -0.144
1963, 10, , , -0.126, -0.108, -0.144
1963, 11, , , -0.125, -0.108, -0.143
1963, 12, , , -0.125, -0.107, -0.143
1964, 1, , , -0.125, -0.107, -0.142
1964, 2, , , -0.124, -0.107, -0.142
1964, 3, , , -0.124, -0.106, -0.142
1964, 4, , , -0.124, -0.106, -0.141
1964, 5, , , -0.123, -0.106, -0.141
1964, 6, , , -0.123, -0.105, -0.140
1964, 7, , , -0.122, -0.105, -0.140
1964, 8, , , -0.122, -0.105, -0.140
1964, 9, , , -0.122, -0.104, -0.139
1964, 10, , , -0.121, -0.104, -0.139
1964, 11, , , -0.121, -0.104, -0.138
1964, 12, , , -0.121, -0.103, -0.138
1965, 1, , , -0.120, -0.103, -0.137
1965, 2, , , -0.120, -0.103, -0.137
1965, 3, , , -0.119, -0.102, -0.137
1965, 4, , , -0.119, -0.102, -0.136
1965, 5, , , -0.119, -0.102, -0.136
1965, 6, , , -0.118, -0.101, -0.135
1965, 7, , , -0.118, -0.101, -0.135
1965, 8, , , -0.117, -0.101, -0.134
1965, 9, , , -0.117, -0.100, -0.134
1965, 10, , , -0.117, -0.100, -0.134
1965, 11, , , -0.116, -0.099, -0.133
1965, 12, -0.100, , -0.116, -0.099, -0.133
1966, 1, -0.080, , -0.116, -0.099, -0.132
1966, 2, -0.124, , -0.115, -0.098, -0.132
1966, 3, -0.126, , -0.115, -0.098, -0.132
1966, 4, -0.088, , -0.114, -0.098, -0.131
1966, 5, -0.121, , -0.114, -0.097, -0.131
1966, 6, -0.135, , -0.114, -0.097, -0.130
1966, 7, -0.084, , -0.113, -0.097, -0.130
1966, 8, -0.118, , -0.113, -0.096, -0.129
1966, 9, -0.029, , -0.113, -0.096, -0.129
1966, 10, -0.159, , -0.112, -0.096, -0.129
1966, 11, -0.083, , -0.112, -0.095, -0.128
1966, 12, -0.088, , -0.111, -0.095, -0.128
1967, 1, -0.077, , -0.111, -0.095, -0.127
1967, 2, -0.106, , -0.111, -0.094, -0.127
1967, 3, -0.056, , -0.110, -0.094, -0.126
1967, 4, -0.042, , -0.110, -0.094, -0.126
1967, 5, -0.035, , -0.110, -0.093, -0.126
1967, 6, -0.025, , -0.109, -0.093, -0.125
1967, 7, -0.069, , -0.109, -0.093, -0.125
1967, 8, -0.057, , -0.108, -0.092, -0.124
1967, 9, -0.044, , -0.108, -0.092, -0.124
1967, 10, -0.120, , -0.108, -0.092, -0.124
1967, 11, -0.105, , -0.107, -0.091, -0.123
1967, 12, 0.006, , -0.107, -0.091, -0.123
1968, 1, -0.098, , -0.107, -0.091, -0.122
1968, 2, -0.112, , -0.106, -0.090, -0.122
1968, 3, -0.141, , -0.106, -0.090, -0.121
1968, 4, -0.106, , -0.105, -0.090, -0.121
1968, 5, -0.054, , -0.105, -0.089, -0.121
1968, 6, -0.031, , -0.105, -0.089, -0.120
1968, 7, -0.066, , -0.104, -0.089, -0.120
1968, 8, -0.075, , -0.104, -0.088, -0.119
1968, 9, -0.084, , -0.103, -0.088, -0.119
1968, 10, -0.144, , -0.103, -0.088, -0.119
1968, 11, -0.044, , -0.103, -0.087, -0.118
1968, 12, -0.167, , -0.102, -0.087, -0.118
1969, 1, , , -0.102, -0.087, -0.117
1969, 2, , , -0.102, -0.086, -0.117
1969, 3, , , -0.101, -0.086, -0.116
1969, 4, , , -0.101, -0.086, -0.116
1969, 5, , , -0.100, -0.085, -0.116
1969, 6, , , -0.100, -0.085, -0.115
1969, 7, , , -0.100, -0.085, -0.115
1969, 8, , , -0.099, -0.084, -0.114
1969, 9, , , -0.099, -0.084, -0.114
1969, 10, , , -0.099, -0.084, -0.114
1969, 11, , , -0.098, -0.083, -0.113
1969, 12, , , -0.098, -0.083, -0.113
1970, 1, , , -0.097, -0.083, -0.112
1970, 2, , , -0.097, -0.082, -0.112
1970, 3, , , -0.097, -0.082, -0.111
1970, 4, , , -0.096, -0.082, -0.111
1970, 5, , , -0.096, -0.081, -0.111
1970, 6, , , -0.096, -0.081, -0.110
1970, 7, , , -0.095, -0.081, -0.110
1970, 8, , , -0.095, -0.080, -0.109
1970, 9, , , -0.094, -0.080, -0.109
1970, 10, , , -0.094, -0.080, -0.108
1970, 11, , , -0.094, -0.079, -0.108
1970, 12, , , -0.093, -0.079, -0.108
1971, 1, , , -0.093, -0.079, -0.107
1971, 2, , , -0.093, -0.078, -0.107
1971, 3, , , -0.092, -0.078, -0.106
1971, 4, , , -0.092, -0.078, -0.106
1971, 5, , , -0.091, -0.077, -0.106
1971, 6, , , -0.091, -0.077, -0.105
1971, 7, , , -0.091, -0.076, -0.105
1971, 8, , , -0.090, -0.076, -0.104
1971, 9, , , -0.090, -0.076, -0.104
1971, 10, , , -0.089, -0.075, -0.103
1971, 11, , , -0.089, -0.075, -0.103
1971, 12, , , -0.089, -0.075, -0.103
1972, 1, -0.052, , -0.088, -0.074, -0.102
1972, 2, -0.051, , -0.088, -0.074, -0.102
1972, 3, 0.008, , -0.088, -0.074, -0.101
1972, 4, -0.021, , -0.087, -0.073, -0.101
1972, 5, 0.007, , -0.087, -0.073, -0.101
1972, 6, -0.022, , -0.086, -0.073, -0.100
1972, 7, -0.035, , -0.086, -0.072, -0.100
1972, 8, -0.054, , -0.086, -0.072, -0.099
1972, 9, -0.020, , -0.085, -0.072, -0.099
1972, 10, -0.025, , -0.085, -0.071, -0.098
1972, 11, 0.081, , -0.085, -0.071, -0.098
1972, 12, 0.046, , -0.084, -0.071, -0.098
1973, 1, -0.000, , -0.084, -0.070, -0.097
1973, 2, 0.068, , -0.083, -0.070, -0.097
1973, 3, 0.078, , -0.083, -0.070, -0.096
1973, 4, 0.001, , -0.083, -0.069, -0.096
1973, 5, 0.010, , -0.082, -0.069, -0.096
1973, 6, -0.080, , -0.082, -0.069, -0.095
1973, 7, -0.041, , -0.082, -0.068, -0.095
1973, 8, -0.048, , -0.081, -0.068, -0.094
1973, 9, -0.035, , -0.081, -0.068, -0.094
1973, 10, -0.034, , -0.080, -0.067, -0.093
1973, 11, -0.147, , -0.080, -0.067, -0.093
1973, 12, -0.049, , -0.080, -0.067, -0.093
1974, 1, 0.024, , -0.079, -0.066, -0.092
1974, 2, 0.007, , -0.079, -0.066, -0.092
1974, 3, -0.101, , -0.078, -0.066, -0.091
1974, 4, -0.115, , -0.078, -0.065, -0.091
1974, 5, -0.051, , -0.078, -0.065, -0.091
1974, 6, 0.012, , -0.077, -0.065, -0.090
1974, 7, -0.032, , -0.077, -0.064, -0.090
1974, 8, -0.076, , -0.077, -0.064, -0.089
1974, 9, -0.047, , -0.076, -0.064, -0.089
1974, 10, -0.150, , -0.076, -0.063, -0.088
1974, 11, -0.077, , -0.075, -0.063, -0.088
1974, 12, -0.003, , -0.075, -0.063, -0.088
1975, 1, -0.070, , -0.075, -0.062, -0.087
1975, 2, -0.051, , -0.074, -0.062, -0.087
1975, 3, -0.053, , -0.074, -0.061, -0.086
1975, 4, -0.091, , -0.074, -0.061, -0.086
1975, 5, -0.035, , -0.073, -0.061, -0.086
1975, 6, -0.040, , -0.073, -0.060, -0.085
1975, 7, -0.063, , -0.072, -0.060, -0.085
1975, 8, -0.045, , -0.072, -0.060, -0.084
1975, 9, -0.072, , -0.072, -0.059, -0.084
1975, 10, -0.025, , -0.071, -0.059, -0.084
1975, 11, -0.016, , -0.071, -0.059, -0.083
1975, 12, -0.003, , -0.071, -0.058, -0.083
1976, 1, -0.067, , -0.070, -0.058, -0.082
1976, 2, -0.136, , -0.070, -0.058, -0.082
1976, 3, -0.095, , -0.069, -0.057, -0.081
1976, 4, -0.115, , -0.069, -0.057, -0.081
1976, 5, -0.170, , -0.069, -0.057, -0.081
1976, 6, -0.144, , -0.068, -0.056, -0.080
1976, 7, -0.087, , -0.068, -0.056, -0.080
1976, 8, -0.109, , -0.068, -0.056, -0.079
1976, 9, -0.127, , -0.067, -0.055, -0.079
1976, 10, -0.111, , -0.067, -0.055, -0.079
1976, 11, -0.211, , -0.066, -0.055, -0.078
1976, 12, -0.241, , -0.066, -0.054, -0.078
1977, 1, , , -0.066, -0.054, -0.077
1977, 2, , , -0.065, -0.054, -0.077
1977, 3, , , -0.065, -0.053, -0.076
1977, 4, , , -0.064, -0.053, -0.076
1977, 5, -0.133, , -0.064, -0.053, -0.076
1977, 6, -0.074, , -0.064, -0.052, -0.075
1977, 7, -0.121, , -0.063, -0.052, -0.075
1977, 8, -0.149, , -0.063, -0.052, -0.074
1977, 9, , , -0.063, -0.051, -0.074
1977, 10, -0.077, , -0.062, -0.051, -0.074
1977, 11, -0.050, , -0.062, -0.051, -0.073
1977, 12, -0.012, , -0.061, -0.050, -0.073
1978, 1, , , -0.061, -0.050, -0.072
1978, 2, , , -0.061, -0.049, -0.072
1978, 3, , , -0.060, -0.049, -0.072
1978, 4, , , -0.060, -0.049, -0.071
1978, 5, , , -0.060, -0.048, -0.071
1978, 6, , , -0.059, -0.048, -0.070
1978, 7, , , -0.059, -0.048, -0.070
1978, 8, , , -0.058, -0.047, -0.069
1978, 9, -0.029, , -0.058, -0.047, -0.069
1978, 10, -0.071, , -0.058, -0.047, -0.069
1978, 11, -0.001, , -0.057, -0.046, -0.068
1978, 12, -0.189, , -0.057, -0.046, -0.068
1979, 1, -0.025, , -0.057, -0.046, -0.067
1979, 2, -0.036, , -0.056, -0.045, -0.067
1979, 3, -0.126, , -0.056, -0.045, -0.067
1979, 4, -0.075, , -0.055, -0.045, -0.066
1979, 5, -0.142, , -0.055, -0.044, -0.066
1979, 6, -0.153, , -0.055, -0.044, -0.065
1979, 7, -0.093, , -0.054, -0.044, -0.065
1979, 8, -0.051, , -0.054, -0.043, -0.065
1979, 9, -0.136, , -0.054, -0.043, -0.064
1979, 10, -0.144, , -0.053, -0.043, -0.064
1979, 11, -0.123, , -0.053, -0.042, -0.063
1979, 12, -0.128, , -0.052, -0.042, -0.063
1980, 1, -0.040, , -0.052, -0.042, -0.062
1980, 2, -0.072, , -0.052, -0.041, -0.062
1980, 3, -0.138, , -0.051, -0.041, -0.062
1980, 4, -0.033, , -0.051, -0.040, -0.061
1980, 5, -0.035, , -0.050, -0.040, -0.061
1980, 6, -0.123, , -0.050, -0.040, -0.060
1980, 7, -0.118, , -0.050, -0.039, -0.060
1980, 8, -0.100, , -0.049, -0.039, -0.060
1980, 9, -0.130, , -0.049, -0.039, -0.059
1980, 10, -0.144, , -0.049, -0.038, -0.059
1980, 11, -0.129, , -0.048, -0.038, -0.058
1980, 12, -0.137, , -0.048, -0.038, -0.058
1981, 1, -0.131, , -0.047, -0.037, -0.058
1981, 2, -0.130, , -0.047, -0.037, -0.057
1981, 3, -0.056, , -0.047, -0.037, -0.057
1981, 4, -0.188, , -0.046, -0.036, -0.056
1981, 5, -0.042, , -0.046, -0.036, -0.056
1981, 6, -0.071, , -0.046, -0.036, -0.056
1981, 7, -0.063, , -0.045, -0.035, -0.055
1981, 8, -0.039, , -0.045, -0.035, -0.055
1981, 9, -0.047, , -0.044, -0.035, -0.054
1981, 10, -0.123, , -0.044, -0.034, -0.054
1981, 11, -0.013, , -0.044, -0.034, -0.053
1981, 12, -0.058, , -0.043, -0.033, -0.053
1982, 1, -0.141, , -0.043, -0.033, -0.053
1982, 2, -0.057, , -0.043, -0.033, -0.052
1982, 3, -0.095, , -0.042, -0.032, -0.052
1982, 4, -0.203, , -0.042, -0.032, -0.051
1982, 5, -0.066, , -0.041, -0.032, -0.051
1982, 6, 0.045, , -0.041, -0.031, -0.051
1982, 7, -0.057, , -0.041, -0.031, -0.050
1982, 8, -0.082, , -0.040, -0.031, -0.050
1982, 9, -0.075, , -0.040, -0.030, -0.049
1982, 10, 0.036, , -0.040, -0.030, -0.049
1982, 11, -0.095, , -0.039, -0.030, -0.049
1982, 12, -0.003, , -0.039, -0.029, -0.048
1983, 1, 0.030, , -0.038, -0.029, -0.048
1983, 2, 0.120, , -0.038, -0.029, -0.047
1983, 3, 0.124, , -0.038, -0.028, -0.047
1983, 4, 0.025, , -0.037, -0.028, -0.047
1983, 5, -0.054, , -0.037, -0.028, -0.046
1983, 6, -0.037, , -0.036, -0.027, -0.046
1983, 7, 0.016, , -0.036, -0.027, -0.045
1983, 8, 0.004, , -0.036, -0.026, -0.045
1983, 9, -0.017, , -0.035, -0.026, -0.045
1983, 10, 0.042, , -0.035, -0.026, -0.044
1983, 11, 0.045, , -0.035, -0.025, -0.044
1983, 12, 0.003, , -0.034, -0.025, -0.043
1984, 1, 0.033, , -0.034, -0.025, -0.043
1984, 2, -0.017, , -0.033, -0.024, -0.043
1984, 3, 0.033, , -0.033, -0.024, -0.042
1984, 4, 0.120, , -0.033, -0.024, -0.042
1984, 5, -0.084, , -0.032, -0.023, -0.041
1984, 6, -0.071, , -0.032, -0.023, -0.041
1984, 7, -0.133, , -0.032, -0.023, -0.041
1984, 8, -0.027, , -0.031, -0.022, -0.040
1984, 9, -0.047, , -0.031, -0.022, -0.040
1984, 10, 0.020, , -0.030, -0.021, -0.039
1984, 11, -0.004, , -0.030, -0.021, -0.039
1984, 12, -0.052, , -0.030, -0.021, -0.039
1985, 1, -0.034, , -0.029, -0.020, -0.038
1985, 2, -0.060, , -0.029, -0.020, -0.038
1985, 3, -0.083, , -0.029, -0.020, -0.037
1985, 4, -0.088, , -0.028, -0.019, -0.037
1985, 5, -0.032, , -0.028, -0.019, -0.037
1985, 6, -0.068, , -0.027, -0.019, -0.036
1985, 7, -0.051, , -0.027, -0.018, -0.036
1985, 8, -0.045, , -0.027, -0.018, -0.035
1985, 9, -0.057, , -0.026, -0.018, -0.035
1985, 10, -0.053, , -0.026, -0.017, -0.035
1985, 11, 0.087, , -0.025, -0.017, -0.034
1985, 12, -0.039, , -0.025, -0.016, -0.034
1986, 1, -0.113, , -0.025, -0.016, -0.033
1986, 2, 0.031, , -0.024, -0.016, -0.033
1986, 3, -0.144, , -0.024, -0.015, -0.033
1986, 4, 0.065, , -0.024, -0.015, -0.032
1986, 5, -0.008, , -0.023, -0.015, -0.032
1986, 6, -0.086, , -0.023, -0.014, -0.031
1986, 7, -0.005, , -0.022, -0.014, -0.031
1986, 8, -0.021, , -0.022, -0.014, -0.031
1986, 9, -0.099, , -0.022, -0.013, -0.030
1986, 10, -0.031, , -0.021, -0.013, -0.030
1986, 11, -0.034, , -0.021, -0.013, -0.029
1986, 12, -0.015, , -0.021, -0.012, -0.029
1987, 1, 0.051, , -0.020, -0.012, -0.029
1987, 2, -0.030, , -0.020, -0.011, -0.028
1987, 3, 0.094, , -0.019, -0.011, -0.028
1987, 4, 0.077, , -0.019, -0.011, -0.027
1987, 5, -0.048, , -0.019, -0.010, -0.027
1987, 6, -0.028, , -0.018, -0.010, -0.027
1987, 7, -0.002, , -0.018, -0.010, -0.026
1987, 8, -0.008, , -0.018, -0.009, -0.026
1987, 9, -0.035, , -0.017, -0.009, -0.025
1987, 10, -0.086, , -0.017, -0.009, -0.025
1987, 11, -0.050, , -0.016, -0.008, -0.025
1987, 12, 0.049, , -0.016, -0.008, -0.024
1988, 1, -0.070, , -0.016, -0.007, -0.024
1988, 2, -0.039, , -0.015, -0.007, -0.023
1988, 3, -0.110, , -0.015, -0.007, -0.023
1988, 4, 0.062, , -0.015, -0.006, -0.023
1988, 5, -0.014, , -0.014, -0.006, -0.022
1988, 6, -0.025, , -0.014, -0.006, -0.022
1988, 7, -0.112, , -0.013, -0.005, -0.021
1988, 8, -0.121, , -0.013, -0.005, -0.021
1988, 9, -0.118, , -0.013, -0.005, -0.021
1988, 10, -0.086, , -0.012, -0.004, -0.020
1988, 11, -0.101, , -0.012, -0.004, -0.020
1988, 12, -0.082, , -0.011, -0.003, -0.020
1989, 1, -0.028, , -0.011, -0.003, -0.019
1989, 2, -0.036, , -0.011, -0.003, -0.019
1989, 3, -0.019, , -0.010, -0.002, -0.018
1989, 4, -0.100, , -0.010, -0.002, -0.018
1989, 5, -0.066, , -0.010, -0.002, -0.018
1989, 6, -0.059, , -0.009, -0.001, -0.017
1989, 7, -0.023, , -0.009, -0.001, -0.017
1989, 8, 0.001, , -0.008, -0.000, -0.016
1989, 9, -0.035, , -0.008, -0.000, -0.016
1989, 10, -0.062, , -0.008, 0.000, -0.016
1989, 11, -0.089, , -0.007, 0.001, -0.015
1989, 12, -0.094, , -0.007, 0.001, -0.015
1990, 1, -0.119, , -0.007, 0.001, -0.014
1990, 2, -0.094, , -0.006, 0.002, -0.014
1990, 3, -0.117, , -0.006, 0.002, -0.014
1990, 4, -0.127, , -0.005, 0.002, -0.013
1990, 5, -0.035, , -0.005, 0.003, -0.013
1990, 6, -0.065, , -0.005, 0.003, -0.013
1990, 7, 0.010, , -0.004, 0.004, -0.012
1990, 8, 0.022, , -0.004, 0.004, -0.012
1990, 9, -0.038, , -0.004, 0.004, -0.011
1990, 10, -0.080, , -0.003, 0.005, -0.011
1990, 11, -0.065, , -0.003, 0.005, -0.011
1990, 12, -0.073, , -0.002, 0.005, -0.010
1991, 1, 0.012, , -0.002, 0.006, -0.010
1991, 2, -0.057, , -0.002, 0.006, -0.009
1991, 3, 0.075, , -0.001, 0.007, -0.009
1991, 4, -0.036, , -0.001, 0.007, -0.009
1991, 5, -0.063, , -0.001, 0.007, -0.008
1991, 6, 0.005, , -0.000, 0.008, -0.008
1991, 7, 0.016, , 0.000, 0.008, -0.008
1991, 8, -0.060, , 0.001, 0.008, -0.007
1991, 9, -0.075, , 0.001, 0.009, -0.007
1991, 10, 0.011, , 0.001, 0.009, -0.006
1991, 11, 0.017, , 0.002, 0.010, -0.006
1991, 12, -0.052, , 0.002, 0.010, -0.006
1992, 1, 0.030, , 0.003, 0.010, -0.005
1992, 2, 0.062, , 0.003, 0.011, -0.005
1992, 3, -0.013, , 0.003, 0.011, -0.005
1992, 4, 0.001, , 0.004, 0.011, -0.004
1992, 5, 0.022, , 0.004, 0.012, -0.004
1992, 6, 0.008, , 0.004, 0.012, -0.003
1992, 7, 0.026, , 0.005, 0.013, -0.003
1992, 8, -0.020, , 0.005, 0.013, -0.003
1992, 9, -0.035, , 0.006, 0.013, -0.002
1992, 10, -0.034, , 0.006, 0.014, -0.002
1992, 11, 0.005, , 0.006, 0.014, -0.001
1992, 12, 0.052, , 0.007, 0.014, -0.001
1993, 1, 0.039, , 0.007, 0.015, -0.001
1993, 2, 0.089, , 0.007, 0.015, -0.000
1993, 3, 0.002, , 0.008, 0.016, 0.000
1993, 4, 0.101, , 0.008, 0.016, 0.000
1993, 5, 0.016, , 0.009, 0.016, 0.001
1993, 6, -0.034, , 0.009, 0.017, 0.001
1993, 7, 0.029, , 0.009, 0.017, 0.002
1993, 8, 0.022, , 0.010, 0.018, 0.002
1993, 9, -0.020, , 0.010, 0.018, 0.002
1993, 10, -0.013, , 0.010, 0.018, 0.003
1993, 11, -0.041, , 0.011, 0.019, 0.003
1993, 12, 0.098, , 0.011, 0.019, 0.003
1994, 1, -0.083, , 0.012, 0.019, 0.004
1994, 2, 0.001, , 0.012, 0.020, 0.004
1994, 3, 0.008, , 0.012, 0.020, 0.005
1994, 4, -0.115, , 0.013, 0.021, 0.005
1994, 5, 0.010, , 0.013, 0.021, 0.005
1994, 6, -0.080, , 0.014, 0.021, 0.006
1994, 7, -0.059, , 0.014, 0.022, 0.006
1994, 8, -0.063, , 0.014, 0.022, 0.006
1994, 9, -0.018, , 0.015, 0.023, 0.007
1994, 10, 0.007, , 0.015, 0.023, 0.007
1994, 11, -0.071, , 0.015, 0.023, 0.008
1994, 12, 0.075, , 0.016, 0.024, 0.008
1995, 1, -0.002, , 0.016, 0.024, 0.008
1995, 2, -0.099, , 0.017, 0.024, 0.009
1995, 3, 0.023, , 0.017, 0.025, 0.009
1995, 4, -0.059, , 0.017, 0.025, 0.009
1995, 5, 0.038, , 0.018, 0.026, 0.010
1995, 6, -0.018, , 0.018, 0.026, 0.010
1995, 7, -0.004, , 0.018, 0.026, 0.010
1995, 8, 0.097, , 0.019, 0.027, 0.011
1995, 9, 0.039, , 0.019, 0.027, 0.011
1995, 10, -0.018, , 0.020, 0.028, 0.012
1995, 11, 0.028, , 0.020, 0.028, 0.012
1995, 12, 0.025, , 0.020, 0.028, 0.012
1996, 1, 0.133, , 0.021, 0.029, 0.013
1996, 2, 0.016, , 0.021, 0.029, 0.013
1996, 3, -0.009, , 0.021, 0.029, 0.013
1996, 4, 0.042, , 0.022, 0.030, 0.014
1996, 5, 0.002, , 0.022, 0.030, 0.014
1996, 6, 0.021, , 0.023, 0.031, 0.015
1996, 7, 0.020, , 0.023, 0.031, 0.015
1996, 8, 0.035, , 0.023, 0.031, 0.015
1996, 9, 0.146, , 0.024, 0.032, 0.016
1996, 10, 0.096, , 0.024, 0.032, 0.016
1996, 11, 0.079, , 0.024, 0.033, 0.016
1996, 12, 0.167, , 0.025, 0.033, 0.017
1997, 1, 0.057, , 0.025, 0.033, 0.017
1997, 2, 0.047, , 0.026, 0.034, 0.017
1997, 3, 0.049, , 0.026, 0.034, 0.018
1997, 4, 0.132, , 0.026, 0.035, 0.018
1997, 5, -0.012, , 0.027, 0.035, 0.019
1997, 6, 0.091, , 0.027, 0.035, 0.019
1997, 7, 0.021, , 0.028, 0.036, 0.019
1997, 8, 0.036, , 0.028, 0.036, 0.020
1997, 9, 0.016, , 0.028, 0.037, 0.020
1997, 10, 0.045, , 0.029, 0.037, 0.020
1997, 11, 0.098, , 0.029, 0.037, 0.021
1997, 12, 0.051, , 0.029, 0.038, 0.021
1998, 1, 0.166, , 0.030, 0.038, 0.021
1998, 2, 0.290, , 0.030, 0.039, 0.022
1998, 3, 0.052, , 0.031, 0.039, 0.022
1998, 4, 0.092, , 0.031, 0.039, 0.023
1998, 5, 0.146, , 0.031, 0.040, 0.023
1998, 6, 0.048, , 0.032, 0.040, 0.023
1998, 7, 0.045, , 0.032, 0.041, 0.024
1998, 8, 0.043, , 0.032, 0.041, 0.024
1998, 9, 0.033, , 0.033, 0.041, 0.024
1998, 10, -0.009, , 0.033, 0.042, 0.025
1998, 11, -0.001, , 0.034, 0.042, 0.025
1998, 12, 0.029, , 0.034, 0.043, 0.025
1999, 1, 0.011, , 0.034, 0.043, 0.026
1999, 2, 0.159, , 0.035, 0.043, 0.026
1999, 3, 0.028, , 0.035, 0.044, 0.026
1999, 4, 0.059, , 0.035, 0.044, 0.027
1999, 5, 0.075, , 0.036, 0.044, 0.027
1999, 6, 0.014, , 0.036, 0.045, 0.028
1999, 7, 0.024, , 0.037, 0.045, 0.028
1999, 8, 0.073, , 0.037, 0.046, 0.028
1999, 9, 0.044, , 0.037, 0.046, 0.029
1999, 10, -0.028, , 0.038, 0.046, 0.029
1999, 11, -0.024, , 0.038, 0.047, 0.029
1999, 12, 0.019, , 0.038, 0.047, 0.030
2000, 1, 0.006, , 0.039, 0.048, 0.030
2000, 2, -0.071, , 0.039, 0.048, 0.030
2000, 3, 0.060, , 0.040, 0.048, 0.031
2000, 4, 0.036, , 0.040, 0.049, 0.031
2000, 5, 0.054, , 0.040, 0.049, 0.031
2000, 6, 0.003, , 0.041, 0.050, 0.032
2000, 7, 0.070, , 0.041, 0.050, 0.032
2000, 8, 0.046, , 0.042, 0.051, 0.033
2000, 9, 0.027, , 0.042, 0.051, 0.033
2000, 10, 0.005, , 0.042, 0.051, 0.033
2000, 11, 0.066, , 0.043, 0.052, 0.034
2000, 12, -0.067, , 0.043, 0.052, 0.034
2001, 1, 0.057, , 0.043, 0.053, 0.034
2001, 2, -0.045, , 0.044, 0.053, 0.035
2001, 3, 0.080, , 0.044, 0.053, 0.035
2001, 4, 0.008, , 0.045, 0.054, 0.035
2001, 5, 0.053, , 0.045, 0.054, 0.036
2001, 6, 0.006, , 0.045, 0.055, 0.036
2001, 7, 0.042, , 0.046, 0.055, 0.036
2001, 8, -0.004, , 0.046, 0.055, 0.037
2001, 9, 0.059, , 0.046, 0.056, 0.037
2001, 10, -0.015, , 0.047, 0.056, 0.037
2001, 11, 0.004, , 0.047, 0.057, 0.038
2001, 12, 0.054, , 0.048, 0.057, 0.038
2002, 1, -0.033, , 0.048, 0.057, 0.039
2002, 2, 0.070, , 0.048, 0.058, 0.039
2002, 3, -0.107, , 0.049, 0.058, 0.039
2002, 4, -0.042, , 0.049, 0.059, 0.040
2002, 5, -0.047, , 0.049, 0.059, 0.040
2002, 6, 0.018, , 0.050, 0.059, 0.040
2002, 7, 0.033, , 0.050, 0.060, 0.041
2002, 8, 0.039, , 0.051, 0.060, 0.041
2002, 9, 0.072, , 0.051, 0.061, 0.041
2002, 10, 0.115, , 0.051, 0.061, 0.042
2002, 11, -0.005, , 0.052, 0.061, 0.042
2002, 12, 0.033, , 0.052, 0.062, 0.042
2003, 1, 0.013, , 0.052, 0.062, 0.043
2003, 2, -0.063, , 0.053, 0.063, 0.043
2003, 3, 0.037, , 0.053, 0.063, 0.043
2003, 4, 0.091, , 0.054, 0.063, 0.044
2003, 5, 0.071, , 0.054, 0.064, 0.044
2003, 6, 0.081, , 0.054, 0.064, 0.045
2003, 7, 0.034, , 0.055, 0.065, 0.045
2003, 8, -0.004, , 0.055, 0.065, 0.045
2003, 9, 0.122, , 0.056, 0.065, 0.046
2003, 10, 0.019, , 0.056, 0.066, 0.046
2003, 11, 0.024, , 0.056, 0.066, 0.046
2003, 12, 0.042, , 0.057, 0.067, 0.047
2004, 1, -0.019, , 0.057, 0.067, 0.047
2004, 2, 0.015, , 0.057, 0.068, 0.047
2004, 3, 0.056, , 0.058, 0.068, 0.048
2004, 4, -0.008, , 0.058, 0.068, 0.048
2004, 5, -0.023, , 0.059, 0.069, 0.048
2004, 6, 0.027, , 0.059, 0.069, 0.049
2004, 7, 0.059, , 0.059, 0.070, 0.049
2004, 8, 0.028, , 0.060, 0.070, 0.049
2004, 9, 0.087, , 0.060, 0.070, 0.050
2004, 10, 0.172, , 0.060, 0.071, 0.050
2004, 11, 0.082, , 0.061, 0.071, 0.050
2004, 12, 0.069, , 0.061, 0.072, 0.051
2005, 1, 0.165, , 0.062, 0.072, 0.051
2005, 2, 0.146, , 0.062, 0.072, 0.051
2005, 3, 0.101, , 0.062, 0.073, 0.052
2005, 4, 0.139, , 0.063, 0.073, 0.052
2005, 5, 0.173, , 0.063, 0.074, 0.053
2005, 6, 0.087, , 0.063, 0.074, 0.053
2005, 7, 0.123, , 0.064, 0.074, 0.053
2005, 8, 0.080, , 0.064, 0.075, 0.054
2005, 9, 0.037, , 0.065, 0.075, 0.054
2005, 10, 0.137, , 0.065, 0.076, 0.054
2005, 11, 0.021, , 0.065, 0.076, 0.055
2005, 12, 0.028, , 0.066, 0.077, 0.055
2006, 1, 0.104, , 0.066, 0.077, 0.055
2006, 2, 0.058, , 0.067, 0.077, 0.056
2006, 3, 0.051, , 0.067, 0.078, 0.056
2006, 4, 0.079, , 0.067, 0.078, 0.056
2006, 5, 0.153, , 0.068, 0.079, 0.057
2006, 6, 0.056, , 0.068, 0.079, 0.057
2006, 7, 0.029, , 0.068, 0.079, 0.057
2006, 8, 0.076, , 0.069, 0.080, 0.058
2006, 9, 0.143, , 0.069, 0.080, 0.058
2006, 10, 0.081, , 0.070, 0.081, 0.058
2006, 11, 0.174, , 0.070, 0.081, 0.059
2006, 12, 0.002, , 0.070, 0.081, 0.059
2007, 1, 0.037, , 0.071, 0.082, 0.059
2007, 2, -0.095, , 0.071, 0.082, 0.060
2007, 3, -0.055, , 0.071, 0.083, 0.060
2007, 4, 0.079, , 0.072, 0.083, 0.060
2007, 5, 0.005, , 0.072, 0.084, 0.061
2007, 6, 0.103, , 0.073, 0.084, 0.061
2007, 7, 0.067, , 0.073, 0.084, 0.062
2007, 8, 0.099, , 0.073, 0.085, 0.062
2007, 9, 0.018, , 0.074, 0.085, 0.062
2007, 10, 0.080, , 0.074, 0.086, 0.063
2007, 11, 0.063, , 0.074, 0.086, 0.063
2007, 12, 0.064, , 0.075, 0.086, 0.063
2008, 1, 0.067, , 0.075, 0.087, 0.064
2008, 2, 0.037, , 0.076, 0.087, 0.064
2008, 3, 0.047, , 0.076, 0.088, 0.064
2008, 4, 0.116, , 0.076, 0.088, 0.065
2008, 5, 0.179, , 0.077, 0.088, 0.065
2008, 6, 0.053, , 0.077, 0.089, 0.065
2008, 7, 0.031, , 0.077, 0.089, 0.066
2008, 8, 0.068, , 0.078, 0.090, 0.066
2008, 9, 0.105, , 0.078, 0.090, 0.066
2008, 10, 0.083, , 0.079, 0.091, 0.067
2008, 11, 0.091, , 0.079, 0.091, 0.067
2008, 12, -0.026, , 0.079, 0.091, 0.067
2009, 1, 0.041, , 0.080, 0.092, 0.068
2009, 2, 0.053, , 0.080, 0.092, 0.068
2009, 3, 0.100, , 0.081, 0.093, 0.068
2009, 4, 0.075, , 0.081, 0.093, 0.069
2009, 5, 0.042, , 0.081, 0.093, 0.069
2009, 6, 0.213, , 0.082, 0.094, 0.069
2009, 7, 0.161, , 0.082, 0.094, 0.070
2009, 8, 0.081, , 0.082, 0.095, 0.070
2009, 9, 0.164, , 0.083, 0.095, 0.070
2009, 10, 0.193, , 0.083, 0.096, 0.071
2009, 11, 0.251, , 0.084, 0.096, 0.071
2009, 12, 0.132, , 0.084, 0.096, 0.071
2010, 1, 0.168, , 0.084, 0.097, 0.072
2010, 2, 0.177, , 0.085, 0.097, 0.072
2010, 3, 0.280, , 0.085, 0.098, 0.073
2010, 4, 0.126, , 0.085, 0.098, 0.073
2010, 5, 0.087, , 0.086, 0.098, 0.073
2010, 6, 0.118, , 0.086, 0.099, 0.074
2010, 7, 0.098, , 0.087, 0.099, 0.074
2010, 8, 0.149, , 0.087, 0.100, 0.074
2010, 9, 0.115, , 0.087, 0.100, 0.075
2010, 10, 0.100, , 0.088, 0.101, 0.075
2010, 11, 0.185, , 0.088, 0.101, 0.075
2010, 12, 0.162, , 0.088, 0.101, 0.076
2011, 1, 0.132, , 0.089, 0.102, 0.076
2011, 2, 0.073, , 0.089, 0.102, 0.076
2011, 3, 0.111, , 0.090, 0.103, 0.077
2011, 4, 0.091, , 0.090, 0.103, 0.077
2011, 5, 0.183, , 0.090, 0.103, 0.077
2011, 6, 0.166, , 0.091, 0.104, 0.078
2011, 7, 0.133, , 0.091, 0.104, 0.078
2011, 8, 0.132, , 0.091, 0.105, 0.078
2011, 9, 0.142, , 0.092, 0.105, 0.079
2011, 10, 0.149, , 0.092, 0.106, 0.079
2011, 11, 0.081, , 0.093, 0.106, 0.079
2011, 12, 0.082, , 0.093, 0.106, 0.080
2012, 1, 0.064, , 0.093, 0.107, 0.080
2012, 2, 0.076, , 0.094, 0.107, 0.080
2012, 3, 0.092, , 0.094, 0.108, 0.081
2012, 4, 0.124, , 0.095, 0.108, 0.081
2012, 5, 0.098, , 0.095, 0.108, 0.081
2012, 6, 0.195, , 0.095, 0.109, 0.082
2012, 7, 0.146, , 0.096, 0.109, 0.082
2012, 8, 0.109, , 0.096, 0.110, 0.082
2012, 9, 0.046, , 0.096, 0.110, 0.083
2012, 10, 0.161, , 0.097, 0.111, 0.083
2012, 11, 0.184, , 0.097, 0.111, 0.083
2012, 12, 0.190, , 0.098, 0.111, 0.084
2013, 1, 0.060, , 0.098, 0.112, 0.084
2013, 2, 0.096, , 0.098, 0.112, 0.084
2013, 3, 0.223, , 0.099, 0.113, 0.085
2013, 4, 0.073, , 0.099, 0.113, 0.085
2013, 5, 0.045, , 0.099, 0.113, 0.085
2013, 6, 0.079, , 0.100, 0.114, 0.086
2013, 7, 0.102, , 0.100, 0.114, 0.086
2013, 8, 0.118, , 0.101, 0.115, 0.086
2013, 9, 0.096, , 0.101, 0.115, 0.087
2013, 10, 0.172, , 0.101, 0.116, 0.087
2013, 11, 0.019, , 0.102, 0.116, 0.087
2013, 12, 0.061, , 0.102, 0.116, 0.088
2014, 1, 0.037, , 0.102, 0.117, 0.088
2014, 2, 0.053, , 0.103, 0.117, 0.089
2014, 3, 0.096, , 0.103, 0.118, 0.089
2014, 4, 0.108, , 0.104, 0.118, 0.089
2014, 5, 0.120, , 0.104, 0.118, 0.090
2014, 6, 0.137, , 0.104, 0.119, 0.090
2014, 7, 0.088, , 0.105, 0.119, 0.090
2014, 8, 0.150, , 0.105, 0.120, 0.091
2014, 9, 0.142, , 0.106, 0.120, 0.091
2014, 10, 0.159, , 0.106, 0.121, 0.091
2014, 11, 0.066, , 0.106, 0.121, 0.092
2014, 12, 0.163, , 0.107, 0.121, 0.092
2015, 1, 0.033, , 0.107, 0.122, 0.092
2015, 2, 0.071, , 0.107, 0.122, 0.093
2015, 3, -0.022, , 0.108, 0.123, 0.093
2015, 4, 0.026, , 0.108, 0.123, 0.093
2015, 5, -0.022, , 0.109, 0.123, 0.094
2015, 6, 0.094, , 0.109, 0.124, 0.094
2015, 7, 0.150, , 0.109, 0.124, 0.094
2015, 8, 0.110, , 0.110, 0.125, 0.095
2015, 9, 0.143, , 0.110, 0.125, 0.095
2015, 10, 0.177, , 0.110, 0.126, 0.095
2015, 11, 0.089, , 0.111, 0.126, 0.096
2015, 12, 0.139, , 0.111, 0.126, 0.096
2016, 1, 0.178, , 0.112, 0.127, 0.096
2016, 2, 0.107, , 0.112, 0.127, 0.097
2016, 3, 0.115, , 0.112, 0.128, 0.097
2016, 4, 0.118, , 0.113, 0.128, 0.097
2016, 5, 0.116, , 0.113, 0.128, 0.098
2016, 6, 0.108, , 0.113, 0.129, 0.098
2016, 7, 0.108, , 0.114, 0.129, 0.098
2016, 8, 0.078, , 0.114, 0.130, 0.099
2016, 9, 0.203, , 0.115, 0.130, 0.099
2016, 10, 0.154, , 0.115, 0.131, 0.099
2016, 11, 0.092, , 0.115, 0.131, 0.100
2016, 12, 0.061, , 0.116, 0.131, 0.100
2017, 1, , , 0.116, 0.132, 0.100
2017, 2, , , 0.116, 0.132, 0.101
2017, 3, , , 0.117, 0.133, 0.101
2017, 4, , , 0.117, 0.133, 0.101
2017, 5, , , 0.118, 0.134, 0.102
2017, 6, , , 0.118, 0.134, 0.102
2017, 7, , , 0.118, 0.134, 0.102
2017, 8, , , 0.119, 0.135, 0.103
2017, 9, , , 0.119, 0.135, 0.103
2017, 10, , , 0.120, 0.136, 0.103
2017, 11, , , 0.120, 0.136, 0.104
2017, 12, , , 0.120, 0.136, 0.104
2018, 1, , , 0.121, 0.137, 0.104
2018, 2, , , 0.121, 0.137, 0.105
2018, 3, , , 0.121, 0.138, 0.105
2018, 4, , , 0.122, 0.138, 0.105
2018, 5, , , 0.122, 0.139, 0.106
2018, 6, , , 0.123, 0.139, 0.106
2018, 7, , , 0.123, 0.139, 0.106
2018, 8, , , 0.123, 0.140, 0.107
2018, 9, , , 0.124, 0.140, 0.107
2018, 10, , , 0.124, 0.141, 0.107
2018, 11, , , 0.124, 0.141, 0.108
2018, 12, , , 0.125, 0.141, 0.108
2019, 1, , , 0.125, 0.142, 0.108
2019, 2, , , 0.126, 0.142, 0.109
2019, 3, , , 0.126, 0.143, 0.109
2019, 4, , , 0.126, 0.143, 0.109
2019, 5, , , 0.127, 0.144, 0.110
2019, 6, , , 0.127, 0.144, 0.110
2019, 7, , , 0.127, 0.144, 0.110
2019, 8, , , 0.128, 0.145, 0.111
2019, 9, , , 0.128, 0.145, 0.111
2019, 10, , , 0.129, 0.146, 0.112
2019, 11, , , 0.129, 0.146, 0.112
2019, 12, , , 0.129, 0.147, 0.112
2020, 1, , , 0.130, 0.147, 0.113
2020, 2, , , 0.130, 0.147, 0.113
2020, 3, , , 0.130, 0.148, 0.113
2020, 4, , , 0.131, 0.148, 0.114
2020, 5, , , 0.131, 0.149, 0.114
2020, 6, , , 0.132, 0.149, 0.114
2020, 7, , , 0.132, 0.149, 0.115
2020, 8, , , 0.132, 0.150, 0.115
2020, 9, , , 0.133, 0.150, 0.115
2020, 10, , , 0.133, 0.151, 0.116
2020, 11, , , 0.134, 0.151, 0.116
2020, 12, , , 0.134, 0.152, 0.116
