Year, Month, Monthly_MSL, Unverified, Linear_Trend, High_Conf., Low_Conf.
1900, 1, , , -0.374, -0.283, -0.464
1900, 2, , , -0.374, -0.283, -0.464
1900, 3, , , -0.373, -0.283, -0.464
1900, 4, , , -0.373, -0.282, -0.463
1900, 5, , , -0.372, -0.282, -0.463
1900, 6, , , -0.372, -0.282, -0.462
1900, 7, , , -0.372, -0.282, -0.462
1900, 8, , , -0.371, -0.281, -0.462
1900, 9, , , -0.371, -0.281, -0.461
1900, 10, , , -0.371, -0.281, -0.461
1900, 11, , , -0.370, -0.281, -0.460
1900, 12, , , -0.370, -0.280, -0.460
1901, 1, , , -0.370, -0.280, -0.459
1901, 2, , , -0.369, -0.280, -0.459
1901, 3, , , -0.369, -0.280, -0.459
1901, 4, , , -0.369, -0.279, -0.458
1901, 5, , , -0.368, -0.279, -0.458
1901, 6, , , -0.368, -0.279, -0.457
1901, 7, , , -0.368, -0.278, -0.457
1901, 8, , , -0.367, -0.278, -0.456
1901, 9, , , -0.367, -0.278, -0.456
1901, 10, , , -0.367, -0.278, -0.456
1901, 11, , , -0.366, -0.277, -0.455
1901, 12, , , -0.366, -0.277, -0.455
1902, 1, , , -0.366, -0.277, -0.454
1902, 2, , , -0.365, -0.277, -0.454
1902, 3, , , -0.365, -0.276, -0.454
1902, 4, , , -0.365, -0.276, -0.453
1902, 5, , , -0.364, -0.276, -0.453
1902, 6, , , -0.364, -0.276, -0.452
1902, 7, , , -0.364, -0.275, -0.452
1902, 8, , , -0.363, -0.275, -0.451
1902, 9, , , -0.363, -0.275, -0.451
1902, 10, , , -0.363, -0.275, -0.451
1902, 11, , , -0.362, -0.274, -0.450
1902, 12, , , -0.362, -0.274, -0.450
1903, 1, , , -0.362, -0.274, -0.449
1903, 2, , , -0.361, -0.273, -0.449
1903, 3, , , -0.361, -0.273, -0.449
1903, 4, , , -0.361, -0.273, -0.448
1903, 5, , , -0.360, -0.273, -0.448
1903, 6, , , -0.360, -0.272, -0.447
1903, 7, , , -0.360, -0.272, -0.447
1903, 8, , , -0.359, -0.272, -0.446
1903, 9, , , -0.359, -0.272, -0.446
1903, 10, , , -0.358, -0.271, -0.446
1903, 11, , , -0.358, -0.271, -0.445
1903, 12, , , -0.358, -0.271, -0.445
1904, 1, , , -0.357, -0.271, -0.444
1904, 2, , , -0.357, -0.270, -0.444
1904, 3, , , -0.357, -0.270, -0.444
1904, 4, , , -0.356, -0.270, -0.443
1904, 5, , , -0.356, -0.269, -0.443
1904, 6, , , -0.356, -0.269, -0.442
1904, 7, , , -0.355, -0.269, -0.442
1904, 8, , , -0.355, -0.269, -0.441
1904, 9, , , -0.355, -0.268, -0.441
1904, 10, , , -0.354, -0.268, -0.441
1904, 11, , , -0.354, -0.268, -0.440
1904, 12, , , -0.354, -0.268, -0.440
1905, 1, , , -0.353, -0.267, -0.439
1905, 2, , , -0.353, -0.267, -0.439
1905, 3, , , -0.353, -0.267, -0.439
1905, 4, , , -0.352, -0.267, -0.438
1905, 5, , , -0.352, -0.266, -0.438
1905, 6, , , -0.352, -0.266, -0.437
1905, 7, , , -0.351, -0.266, -0.437
1905, 8, , , -0.351, -0.266, -0.436
1905, 9, , , -0.351, -0.265, -0.436
1905, 10, , , -0.350, -0.265, -0.436
1905, 11, , , -0.350, -0.265, -0.435
1905, 12, , , -0.350, -0.264, -0.435
1906, 1, , , -0.349, -0.264, -0.434
1906, 2, , , -0.349, -0.264, -0.434
1906, 3, , , -0.349, -0.264, -0.433
1906, 4, , , -0.348, -0.263, -0.433
1906, 5, , , -0.348, -0.263, -0.433
1906, 6, , , -0.348, -0.263, -0.432
1906, 7, , , -0.347, -0.263, -0.432
1906, 8, , , -0.347, -0.262, -0.431
1906, 9, , , -0.347, -0.262, -0.431
1906, 10, , , -0.346, -0.262, -0.431
1906, 11, , , -0.346, -0.262, -0.430
1906, 12, , , -0.346, -0.261, -0.430
1907, 1, , , -0.345, -0.261, -0.429
1907, 2, , , -0.345, -0.261, -0.429
1907, 3, , , -0.344, -0.261, -0.428
1907, 4, , , -0.344, -0.260, -0.428
1907, 5, , , -0.344, -0.260, -0.428
1907, 6, , , -0.343, -0.260, -0.427
1907, 7, , , -0.343, -0.259, -0.427
1907, 8, , , -0.343, -0.259, -0.426
1907, 9, , , -0.342, -0.259, -0.426
1907, 10, , , -0.342, -0.259, -0.426
1907, 11, , , -0.342, -0.258, -0.425
1907, 12, , , -0.341, -0.258, -0.425
1908, 1, , , -0.341, -0.258, -0.424
1908, 2, , , -0.341, -0.258, -0.424
1908, 3, , , -0.340, -0.257, -0.423
1908, 4, , , -0.340, -0.257, -0.423
1908, 5, , , -0.340, -0.257, -0.423
1908, 6, , , -0.339, -0.257, -0.422
1908, 7, , , -0.339, -0.256, -0.422
1908, 8, , , -0.339, -0.256, -0.421
1908, 9, , , -0.338, -0.256, -0.421
1908, 10, , , -0.338, -0.255, -0.421
1908, 11, , , -0.338, -0.255, -0.420
1908, 12, , , -0.337, -0.255, -0.420
1909, 1, , , -0.337, -0.255, -0.419
1909, 2, , , -0.337, -0.254, -0.419
1909, 3, , , -0.336, -0.254, -0.418
1909, 4, , , -0.336, -0.254, -0.418
1909, 5, , , -0.336, -0.254, -0.418
1909, 6, , , -0.335, -0.253, -0.417
1909, 7, , , -0.335, -0.253, -0.417
1909, 8, , , -0.335, -0.253, -0.416
1909, 9, , , -0.334, -0.253, -0.416
1909, 10, , , -0.334, -0.252, -0.416
1909, 11, , , -0.334, -0.252, -0.415
1909, 12, , , -0.333, -0.252, -0.415
1910, 1, , , -0.333, -0.252, -0.414
1910, 2, , , -0.333, -0.251, -0.414
1910, 3, , , -0.332, -0.251, -0.413
1910, 4, , , -0.332, -0.251, -0.413
1910, 5, , , -0.332, -0.250, -0.413
1910, 6, , , -0.331, -0.250, -0.412
1910, 7, , , -0.331, -0.250, -0.412
1910, 8, , , -0.330, -0.250, -0.411
1910, 9, , , -0.330, -0.249, -0.411
1910, 10, , , -0.330, -0.249, -0.411
1910, 11, , , -0.329, -0.249, -0.410
1910, 12, , , -0.329, -0.249, -0.410
1911, 1, , , -0.329, -0.248, -0.409
1911, 2, , , -0.328, -0.248, -0.409
1911, 3, , , -0.328, -0.248, -0.408
1911, 4, , , -0.328, -0.248, -0.408
1911, 5, , , -0.327, -0.247, -0.408
1911, 6, , , -0.327, -0.247, -0.407
1911, 7, , , -0.327, -0.247, -0.407
1911, 8, , , -0.326, -0.246, -0.406
1911, 9, , , -0.326, -0.246, -0.406
1911, 10, , , -0.326, -0.246, -0.405
1911, 11, , , -0.325, -0.246, -0.405
1911, 12, , , -0.325, -0.245, -0.405
1912, 1, , , -0.325, -0.245, -0.404
1912, 2, , , -0.324, -0.245, -0.404
1912, 3, , , -0.324, -0.245, -0.403
1912, 4, , , -0.324, -0.244, -0.403
1912, 5, , , -0.323, -0.244, -0.403
1912, 6, , , -0.323, -0.244, -0.402
1912, 7, , , -0.323, -0.244, -0.402
1912, 8, , , -0.322, -0.243, -0.401
1912, 9, , , -0.322, -0.243, -0.401
1912, 10, , , -0.322, -0.243, -0.400
1912, 11, , , -0.321, -0.243, -0.400
1912, 12, , , -0.321, -0.242, -0.400
1913, 1, , , -0.321, -0.242, -0.399
1913, 2, , , -0.320, -0.242, -0.399
1913, 3, , , -0.320, -0.241, -0.398
1913, 4, , , -0.320, -0.241, -0.398
1913, 5, , , -0.319, -0.241, -0.398
1913, 6, , , -0.319, -0.241, -0.397
1913, 7, , , -0.319, -0.240, -0.397
1913, 8, , , -0.318, -0.240, -0.396
1913, 9, , , -0.318, -0.240, -0.396
1913, 10, , , -0.318, -0.240, -0.395
1913, 11, , , -0.317, -0.239, -0.395
1913, 12, , , -0.317, -0.239, -0.395
1914, 1, , , -0.317, -0.239, -0.394
1914, 2, , , -0.316, -0.239, -0.394
1914, 3, , , -0.316, -0.238, -0.393
1914, 4, , , -0.315, -0.238, -0.393
1914, 5, , , -0.315, -0.238, -0.393
1914, 6, , , -0.315, -0.237, -0.392
1914, 7, , , -0.314, -0.237, -0.392
1914, 8, , , -0.314, -0.237, -0.391
1914, 9, , , -0.314, -0.237, -0.391
1914, 10, , , -0.313, -0.236, -0.390
1914, 11, , , -0.313, -0.236, -0.390
1914, 12, , , -0.313, -0.236, -0.390
1915, 1, , , -0.312, -0.236, -0.389
1915, 2, , , -0.312, -0.235, -0.389
1915, 3, , , -0.312, -0.235, -0.388
1915, 4, , , -0.311, -0.235, -0.388
1915, 5, , , -0.311, -0.235, -0.388
1915, 6, , , -0.311, -0.234, -0.387
1915, 7, , , -0.310, -0.234, -0.387
1915, 8, , , -0.310, -0.234, -0.386
1915, 9, , , -0.310, -0.234, -0.386
1915, 10, , , -0.309, -0.233, -0.385
1915, 11, , , -0.309, -0.233, -0.385
1915, 12, , , -0.309, -0.233, -0.385
1916, 1, , , -0.308, -0.232, -0.384
1916, 2, , , -0.308, -0.232, -0.384
1916, 3, , , -0.308, -0.232, -0.383
1916, 4, , , -0.307, -0.232, -0.383
1916, 5, , , -0.307, -0.231, -0.383
1916, 6, , , -0.307, -0.231, -0.382
1916, 7, , , -0.306, -0.231, -0.382
1916, 8, , , -0.306, -0.231, -0.381
1916, 9, , , -0.306, -0.230, -0.381
1916, 10, , , -0.305, -0.230, -0.380
1916, 11, , , -0.305, -0.230, -0.380
1916, 12, , , -0.305, -0.230, -0.380
1917, 1, , , -0.304, -0.229, -0.379
1917, 2, , , -0.304, -0.229, -0.379
1917, 3, , , -0.304, -0.229, -0.378
1917, 4, , , -0.303, -0.228, -0.378
1917, 5, , , -0.303, -0.228, -0.377
1917, 6, , , -0.303, -0.228, -0.377
1917, 7, , , -0.302, -0.228, -0.377
1917, 8, , , -0.302, -0.227, -0.376
1917, 9, , , -0.301, -0.227, -0.376
1917, 10, , , -0.301, -0.227, -0.375
1917, 11, , , -0.301, -0.227, -0.375
1917, 12, , , -0.300, -0.226, -0.375
1918, 1, , , -0.300, -0.226, -0.374
1918, 2, , , -0.300, -0.226, -0.374
1918, 3, , , -0.299, -0.226, -0.373
1918, 4, , , -0.299, -0.225, -0.373
1918, 5, , , -0.299, -0.225, -0.372
1918, 6, , , -0.298, -0.225, -0.372
1918, 7, , , -0.298, -0.225, -0.372
1918, 8, , , -0.298, -0.224, -0.371
1918, 9, , , -0.297, -0.224, -0.371
1918, 10, , , -0.297, -0.224, -0.370
1918, 11, , , -0.297, -0.223, -0.370
1918, 12, , , -0.296, -0.223, -0.370
1919, 1, , , -0.296, -0.223, -0.369
1919, 2, , , -0.296, -0.223, -0.369
1919, 3, , , -0.295, -0.222, -0.368
1919, 4, , , -0.295, -0.222, -0.368
1919, 5, , , -0.295, -0.222, -0.367
1919, 6, , , -0.294, -0.222, -0.367
1919, 7, , , -0.294, -0.221, -0.367
1919, 8, , , -0.294, -0.221, -0.366
1919, 9, , , -0.293, -0.221, -0.366
1919, 10, , , -0.293, -0.221, -0.365
1919, 11, , , -0.293, -0.220, -0.365
1919, 12, , , -0.292, -0.220, -0.365
1920, 1, , , -0.292, -0.220, -0.364
1920, 2, , , -0.292, -0.219, -0.364
1920, 3, , , -0.291, -0.219, -0.363
1920, 4, , , -0.291, -0.219, -0.363
1920, 5, , , -0.291, -0.219, -0.362
1920, 6, , , -0.290, -0.218, -0.362
1920, 7, , , -0.290, -0.218, -0.362
1920, 8, , , -0.290, -0.218, -0.361
1920, 9, , , -0.289, -0.218, -0.361
1920, 10, , , -0.289, -0.217, -0.360
1920, 11, , , -0.289, -0.217, -0.360
1920, 12, , , -0.288, -0.217, -0.360
1921, 1, , , -0.288, -0.217, -0.359
1921, 2, , , -0.287, -0.216, -0.359
1921, 3, , , -0.287, -0.216, -0.358
1921, 4, , , -0.287, -0.216, -0.358
1921, 5, , , -0.286, -0.215, -0.357
1921, 6, , , -0.286, -0.215, -0.357
1921, 7, , , -0.286, -0.215, -0.357
1921, 8, , , -0.285, -0.215, -0.356
1921, 9, , , -0.285, -0.214, -0.356
1921, 10, , , -0.285, -0.214, -0.355
1921, 11, , , -0.284, -0.214, -0.355
1921, 12, , , -0.284, -0.214, -0.355
1922, 1, , , -0.284, -0.213, -0.354
1922, 2, , , -0.283, -0.213, -0.354
1922, 3, , , -0.283, -0.213, -0.353
1922, 4, , , -0.283, -0.213, -0.353
1922, 5, , , -0.282, -0.212, -0.352
1922, 6, , , -0.282, -0.212, -0.352
1922, 7, , , -0.282, -0.212, -0.352
1922, 8, , , -0.281, -0.212, -0.351
1922, 9, , , -0.281, -0.211, -0.351
1922, 10, , , -0.281, -0.211, -0.350
1922, 11, , , -0.280, -0.211, -0.350
1922, 12, , , -0.280, -0.210, -0.350
1923, 1, , , -0.280, -0.210, -0.349
1923, 2, , , -0.279, -0.210, -0.349
1923, 3, , , -0.279, -0.210, -0.348
1923, 4, , , -0.279, -0.209, -0.348
1923, 5, , , -0.278, -0.209, -0.347
1923, 6, , , -0.278, -0.209, -0.347
1923, 7, , , -0.278, -0.209, -0.347
1923, 8, , , -0.277, -0.208, -0.346
1923, 9, , , -0.277, -0.208, -0.346
1923, 10, , , -0.277, -0.208, -0.345
1923, 11, , , -0.276, -0.208, -0.345
1923, 12, , , -0.276, -0.207, -0.344
1924, 1, , , -0.276, -0.207, -0.344
1924, 2, , , -0.275, -0.207, -0.344
1924, 3, , , -0.275, -0.206, -0.343
1924, 4, , , -0.275, -0.206, -0.343
1924, 5, , , -0.274, -0.206, -0.342
1924, 6, , , -0.274, -0.206, -0.342
1924, 7, , , -0.274, -0.205, -0.342
1924, 8, , , -0.273, -0.205, -0.341
1924, 9, , , -0.273, -0.205, -0.341
1924, 10, , , -0.272, -0.205, -0.340
1924, 11, , , -0.272, -0.204, -0.340
1924, 12, , , -0.272, -0.204, -0.339
1925, 1, , , -0.271, -0.204, -0.339
1925, 2, , , -0.271, -0.204, -0.339
1925, 3, , , -0.271, -0.203, -0.338
1925, 4, , , -0.270, -0.203, -0.338
1925, 5, , , -0.270, -0.203, -0.337
1925, 6, , , -0.270, -0.203, -0.337
1925, 7, , , -0.269, -0.202, -0.337
1925, 8, , , -0.269, -0.202, -0.336
1925, 9, , , -0.269, -0.202, -0.336
1925, 10, , , -0.268, -0.201, -0.335
1925, 11, , , -0.268, -0.201, -0.335
1925, 12, , , -0.268, -0.201, -0.334
1926, 1, , , -0.267, -0.201, -0.334
1926, 2, , , -0.267, -0.200, -0.334
1926, 3, , , -0.267, -0.200, -0.333
1926, 4, , , -0.266, -0.200, -0.333
1926, 5, , , -0.266, -0.200, -0.332
1926, 6, , , -0.266, -0.199, -0.332
1926, 7, , , -0.265, -0.199, -0.332
1926, 8, , , -0.265, -0.199, -0.331
1926, 9, , , -0.265, -0.199, -0.331
1926, 10, , , -0.264, -0.198, -0.330
1926, 11, , , -0.264, -0.198, -0.330
1926, 12, , , -0.264, -0.198, -0.329
1927, 1, , , -0.263, -0.197, -0.329
1927, 2, , , -0.263, -0.197, -0.329
1927, 3, , , -0.263, -0.197, -0.328
1927, 4, , , -0.262, -0.197, -0.328
1927, 5, , , -0.262, -0.196, -0.327
1927, 6, , , -0.262, -0.196, -0.327
1927, 7, , , -0.261, -0.196, -0.327
1927, 8, , , -0.261, -0.196, -0.326
1927, 9, , , -0.261, -0.195, -0.326
1927, 10, , , -0.260, -0.195, -0.325
1927, 11, , , -0.260, -0.195, -0.325
1927, 12, , , -0.260, -0.195, -0.324
1928, 1, , , -0.259, -0.194, -0.324
1928, 2, , , -0.259, -0.194, -0.324
1928, 3, , , -0.258, -0.194, -0.323
1928, 4, , , -0.258, -0.194, -0.323
1928, 5, , , -0.258, -0.193, -0.322
1928, 6, , , -0.257, -0.193, -0.322
1928, 7, , , -0.257, -0.193, -0.322
1928, 8, , , -0.257, -0.192, -0.321
1928, 9, , , -0.256, -0.192, -0.321
1928, 10, , , -0.256, -0.192, -0.320
1928, 11, , , -0.256, -0.192, -0.320
1928, 12, , , -0.255, -0.191, -0.319
1929, 1, , , -0.255, -0.191, -0.319
1929, 2, , , -0.255, -0.191, -0.319
1929, 3, , , -0.254, -0.191, -0.318
1929, 4, , , -0.254, -0.190, -0.318
1929, 5, , , -0.254, -0.190, -0.317
1929, 6, , , -0.253, -0.190, -0.317
1929, 7, , , -0.253, -0.190, -0.317
1929, 8, , , -0.253, -0.189, -0.316
1929, 9, , , -0.252, -0.189, -0.316
1929, 10, , , -0.252, -0.189, -0.315
1929, 11, , , -0.252, -0.188, -0.315
1929, 12, , , -0.251, -0.188, -0.314
1930, 1, , , -0.251, -0.188, -0.314
1930, 2, , , -0.251, -0.188, -0.314
1930, 3, , , -0.250, -0.187, -0.313
1930, 4, , , -0.250, -0.187, -0.313
1930, 5, , , -0.250, -0.187, -0.312
1930, 6, , , -0.249, -0.187, -0.312
1930, 7, , , -0.249, -0.186, -0.312
1930, 8, , , -0.249, -0.186, -0.311
1930, 9, , , -0.248, -0.186, -0.311
1930, 10, , , -0.248, -0.186, -0.310
1930, 11, , , -0.248, -0.185, -0.310
1930, 12, , , -0.247, -0.185, -0.309
1931, 1, , , -0.247, -0.185, -0.309
1931, 2, , , -0.247, -0.184, -0.309
1931, 3, , , -0.246, -0.184, -0.308
1931, 4, , , -0.246, -0.184, -0.308
1931, 5, , , -0.246, -0.184, -0.307
1931, 6, , , -0.245, -0.183, -0.307
1931, 7, , , -0.245, -0.183, -0.306
1931, 8, , , -0.244, -0.183, -0.306
1931, 9, , , -0.244, -0.183, -0.306
1931, 10, , , -0.244, -0.182, -0.305
1931, 11, , , -0.243, -0.182, -0.305
1931, 12, , , -0.243, -0.182, -0.304
1932, 1, , , -0.243, -0.182, -0.304
1932, 2, , , -0.242, -0.181, -0.304
1932, 3, , , -0.242, -0.181, -0.303
1932, 4, , , -0.242, -0.181, -0.303
1932, 5, , , -0.241, -0.181, -0.302
1932, 6, , , -0.241, -0.180, -0.302
1932, 7, , , -0.241, -0.180, -0.301
1932, 8, , , -0.240, -0.180, -0.301
1932, 9, , , -0.240, -0.179, -0.301
1932, 10, , , -0.240, -0.179, -0.300
1932, 11, , , -0.239, -0.179, -0.300
1932, 12, , , -0.239, -0.179, -0.299
1933, 1, , , -0.239, -0.178, -0.299
1933, 2, , , -0.238, -0.178, -0.299
1933, 3, , , -0.238, -0.178, -0.298
1933, 4, , , -0.238, -0.178, -0.298
1933, 5, , , -0.237, -0.177, -0.297
1933, 6, , , -0.237, -0.177, -0.297
1933, 7, , , -0.237, -0.177, -0.296
1933, 8, , , -0.236, -0.177, -0.296
1933, 9, , , -0.236, -0.176, -0.296
1933, 10, , , -0.236, -0.176, -0.295
1933, 11, , , -0.235, -0.176, -0.295
1933, 12, , , -0.235, -0.175, -0.294
1934, 1, , , -0.235, -0.175, -0.294
1934, 2, , , -0.234, -0.175, -0.294
1934, 3, , , -0.234, -0.175, -0.293
1934, 4, , , -0.234, -0.174, -0.293
1934, 5, , , -0.233, -0.174, -0.292
1934, 6, , , -0.233, -0.174, -0.292
1934, 7, , , -0.233, -0.174, -0.291
1934, 8, , , -0.232, -0.173, -0.291
1934, 9, , , -0.232, -0.173, -0.291
1934, 10, , , -0.232, -0.173, -0.290
1934, 11, , , -0.231, -0.173, -0.290
1934, 12, , , -0.231, -0.172, -0.289
1935, 1, , , -0.231, -0.172, -0.289
1935, 2, , , -0.230, -0.172, -0.289
1935, 3, , , -0.230, -0.172, -0.288
1935, 4, , , -0.229, -0.171, -0.288
1935, 5, , , -0.229, -0.171, -0.287
1935, 6, , , -0.229, -0.171, -0.287
1935, 7, , , -0.228, -0.170, -0.286
1935, 8, , , -0.228, -0.170, -0.286
1935, 9, , , -0.228, -0.170, -0.286
1935, 10, , , -0.227, -0.170, -0.285
1935, 11, , , -0.227, -0.169, -0.285
1935, 12, , , -0.227, -0.169, -0.284
1936, 1, , , -0.226, -0.169, -0.284
1936, 2, , , -0.226, -0.169, -0.284
1936, 3, , , -0.226, -0.168, -0.283
1936, 4, , , -0.225, -0.168, -0.283
1936, 5, , , -0.225, -0.168, -0.282
1936, 6, , , -0.225, -0.168, -0.282
1936, 7, , , -0.224, -0.167, -0.281
1936, 8, , , -0.224, -0.167, -0.281
1936, 9, , , -0.224, -0.167, -0.281
1936, 10, , , -0.223, -0.166, -0.280
1936, 11, , , -0.223, -0.166, -0.280
1936, 12, , , -0.223, -0.166, -0.279
1937, 1, , , -0.222, -0.166, -0.279
1937, 2, , , -0.222, -0.165, -0.279
1937, 3, , , -0.222, -0.165, -0.278
1937, 4, , , -0.221, -0.165, -0.278
1937, 5, , , -0.221, -0.165, -0.277
1937, 6, , , -0.221, -0.164, -0.277
1937, 7, , , -0.220, -0.164, -0.276
1937, 8, , , -0.220, -0.164, -0.276
1937, 9, , , -0.220, -0.164, -0.276
1937, 10, , , -0.219, -0.163, -0.275
1937, 11, , , -0.219, -0.163, -0.275
1937, 12, , , -0.219, -0.163, -0.274
1938, 1, , , -0.218, -0.162, -0.274
1938, 2, , , -0.218, -0.162, -0.274
1938, 3, , , -0.218, -0.162, -0.273
1938, 4, , , -0.217, -0.162, -0.273
1938, 5, , , -0.217, -0.161, -0.272
1938, 6, , , -0.217, -0.161, -0.272
1938, 7, , , -0.216, -0.161, -0.271
1938, 8, , , -0.216, -0.161, -0.271
1938, 9, , , -0.215, -0.160, -0.271
1938, 10, , , -0.215, -0.160, -0.270
1938, 11, , , -0.215, -0.160, -0.270
1938, 12, , , -0.214, -0.160, -0.269
1939, 1, , , -0.214, -0.159, -0.269
1939, 2, , , -0.214, -0.159, -0.269
1939, 3, , , -0.213, -0.159, -0.268
1939, 4, , , -0.213, -0.158, -0.268
1939, 5, , , -0.213, -0.158, -0.267
1939, 6, , , -0.212, -0.158, -0.267
1939, 7, , , -0.212, -0.158, -0.266
1939, 8, , , -0.212, -0.157, -0.266
1939, 9, , , -0.211, -0.157, -0.266
1939, 10, , , -0.211, -0.157, -0.265
1939, 11, , , -0.211, -0.157, -0.265
1939, 12, , , -0.210, -0.156, -0.264
1940, 1, , , -0.210, -0.156, -0.264
1940, 2, , , -0.210, -0.156, -0.264
1940, 3, , , -0.209, -0.156, -0.263
1940, 4, , , -0.209, -0.155, -0.263
1940, 5, , , -0.209, -0.155, -0.262
1940, 6, , , -0.208, -0.155, -0.262
1940, 7, , , -0.208, -0.155, -0.261
1940, 8, , , -0.208, -0.154, -0.261
1940, 9, , , -0.207, -0.154, -0.261
1940, 10, , , -0.207, -0.154, -0.260
1940, 11, , , -0.207, -0.153, -0.260
1940, 12, , , -0.206, -0.153, -0.259
1941, 1, , , -0.206, -0.153, -0.259
1941, 2, , , -0.206, -0.153, -0.259
1941, 3, , , -0.205, -0.152, -0.258
1941, 4, , , -0.205, -0.152, -0.258
1941, 5, , , -0.205, -0.152, -0.257
1941, 6, , , -0.204, -0.152, -0.257
1941, 7, , , -0.204, -0.151, -0.256
1941, 8, , , -0.204, -0.151, -0.256
1941, 9, , , -0.203, -0.151, -0.256
1941, 10, , , -0.203, -0.151, -0.255
1941, 11, , , -0.203, -0.150, -0.255
1941, 12, , , -0.202, -0.150, -0.254
1942, 1, , , -0.202, -0.150, -0.254
1942, 2, , , -0.201, -0.149, -0.254
1942, 3, , , -0.201, -0.149, -0.253
1942, 4, , , -0.201, -0.149, -0.253
1942, 5, , , -0.200, -0.149, -0.252
1942, 6, , , -0.200, -0.148, -0.252
1942, 7, , , -0.200, -0.148, -0.251
1942, 8, , , -0.199, -0.148, -0.251
1942, 9, , , -0.199, -0.148, -0.251
1942, 10, , , -0.199, -0.147, -0.250
1942, 11, , , -0.198, -0.147, -0.250
1942, 12, , , -0.198, -0.147, -0.249
1943, 1, , , -0.198, -0.147, -0.249
1943, 2, , , -0.197, -0.146, -0.249
1943, 3, , , -0.197, -0.146, -0.248
1943, 4, , , -0.197, -0.146, -0.248
1943, 5, , , -0.196, -0.145, -0.247
1943, 6, , , -0.196, -0.145, -0.247
1943, 7, , , -0.196, -0.145, -0.246
1943, 8, , , -0.195, -0.145, -0.246
1943, 9, , , -0.195, -0.144, -0.246
1943, 10, , , -0.195, -0.144, -0.245
1943, 11, , , -0.194, -0.144, -0.245
1943, 12, , , -0.194, -0.144, -0.244
1944, 1, , , -0.194, -0.143, -0.244
1944, 2, , , -0.193, -0.143, -0.244
1944, 3, , , -0.193, -0.143, -0.243
1944, 4, , , -0.193, -0.143, -0.243
1944, 5, , , -0.192, -0.142, -0.242
1944, 6, , , -0.192, -0.142, -0.242
1944, 7, , , -0.192, -0.142, -0.241
1944, 8, , , -0.191, -0.142, -0.241
1944, 9, , , -0.191, -0.141, -0.241
1944, 10, , , -0.191, -0.141, -0.240
1944, 11, , , -0.190, -0.141, -0.240
1944, 12, , , -0.190, -0.140, -0.239
1945, 1, , , -0.190, -0.140, -0.239
1945, 2, , , -0.189, -0.140, -0.239
1945, 3, , , -0.189, -0.140, -0.238
1945, 4, , , -0.189, -0.139, -0.238
1945, 5, , , -0.188, -0.139, -0.237
1945, 6, , , -0.188, -0.139, -0.237
1945, 7, , , -0.187, -0.139, -0.236
1945, 8, , , -0.187, -0.138, -0.236
1945, 9, , , -0.187, -0.138, -0.236
1945, 10, , , -0.186, -0.138, -0.235
1945, 11, , , -0.186, -0.138, -0.235
1945, 12, , , -0.186, -0.137, -0.234
1946, 1, , , -0.185, -0.137, -0.234
1946, 2, , , -0.185, -0.137, -0.234
1946, 3, , , -0.185, -0.136, -0.233
1946, 4, , , -0.184, -0.136, -0.233
1946, 5, , , -0.184, -0.136, -0.232
1946, 6, , , -0.184, -0.136, -0.232
1946, 7, , , -0.183, -0.135, -0.231
1946, 8, , , -0.183, -0.135, -0.231
1946, 9, , , -0.183, -0.135, -0.231
1946, 10, , , -0.182, -0.135, -0.230
1946, 11, , , -0.182, -0.134, -0.230
1946, 12, , , -0.182, -0.134, -0.229
1947, 1, , , -0.181, -0.134, -0.229
1947, 2, , , -0.181, -0.134, -0.228
1947, 3, , , -0.181, -0.133, -0.228
1947, 4, , , -0.180, -0.133, -0.228
1947, 5, , , -0.180, -0.133, -0.227
1947, 6, , , -0.180, -0.132, -0.227
1947, 7, , , -0.179, -0.132, -0.226
1947, 8, , , -0.179, -0.132, -0.226
1947, 9, , , -0.179, -0.132, -0.226
1947, 10, , , -0.178, -0.131, -0.225
1947, 11, , , -0.178, -0.131, -0.225
1947, 12, , , -0.178, -0.131, -0.224
1948, 1, , , -0.177, -0.131, -0.224
1948, 2, , , -0.177, -0.130, -0.224
1948, 3, , , -0.177, -0.130, -0.223
1948, 4, , , -0.176, -0.130, -0.223
1948, 5, , , -0.176, -0.130, -0.222
1948, 6, , , -0.176, -0.129, -0.222
1948, 7, , , -0.175, -0.129, -0.221
1948, 8, , , -0.175, -0.129, -0.221
1948, 9, , , -0.175, -0.128, -0.221
1948, 10, , , -0.174, -0.128, -0.220
1948, 11, , , -0.174, -0.128, -0.220
1948, 12, , , -0.174, -0.128, -0.219
1949, 1, , , -0.173, -0.127, -0.219
1949, 2, , , -0.173, -0.127, -0.219
1949, 3, , , -0.172, -0.127, -0.218
1949, 4, , , -0.172, -0.127, -0.218
1949, 5, , , -0.172, -0.126, -0.217
1949, 6, , , -0.171, -0.126, -0.217
1949, 7, , , -0.171, -0.126, -0.216
1949, 8, , , -0.171, -0.126, -0.216
1949, 9, , , -0.170, -0.125, -0.216
1949, 10, , , -0.170, -0.125, -0.215
1949, 11, , , -0.170, -0.125, -0.215
1949, 12, , , -0.169, -0.124, -0.214
1950, 1, , , -0.169, -0.124, -0.214
1950, 2, , , -0.169, -0.124, -0.214
1950, 3, , , -0.168, -0.124, -0.213
1950, 4, , , -0.168, -0.123, -0.213
1950, 5, , , -0.168, -0.123, -0.212
1950, 6, , , -0.167, -0.123, -0.212
1950, 7, , , -0.167, -0.123, -0.211
1950, 8, , , -0.167, -0.122, -0.211
1950, 9, , , -0.166, -0.122, -0.211
1950, 10, , , -0.166, -0.122, -0.210
1950, 11, , , -0.166, -0.122, -0.210
1950, 12, , , -0.165, -0.121, -0.209
1951, 1, , , -0.165, -0.121, -0.209
1951, 2, , , -0.165, -0.121, -0.209
1951, 3, , , -0.164, -0.120, -0.208
1951, 4, , , -0.164, -0.120, -0.208
1951, 5, , , -0.164, -0.120, -0.207
1951, 6, , , -0.163, -0.120, -0.207
1951, 7, , , -0.163, -0.119, -0.206
1951, 8, , , -0.163, -0.119, -0.206
1951, 9, , , -0.162, -0.119, -0.206
1951, 10, , , -0.162, -0.119, -0.205
1951, 11, , , -0.162, -0.118, -0.205
1951, 12, , , -0.161, -0.118, -0.204
1952, 1, , , -0.161, -0.118, -0.204
1952, 2, , , -0.161, -0.118, -0.204
1952, 3, , , -0.160, -0.117, -0.203
1952, 4, , , -0.160, -0.117, -0.203
1952, 5, , , -0.160, -0.117, -0.202
1952, 6, , , -0.159, -0.116, -0.202
1952, 7, , , -0.159, -0.116, -0.201
1952, 8, , , -0.158, -0.116, -0.201
1952, 9, , , -0.158, -0.116, -0.201
1952, 10, , , -0.158, -0.115, -0.200
1952, 11, , , -0.157, -0.115, -0.200
1952, 12, , , -0.157, -0.115, -0.199
1953, 1, , , -0.157, -0.115, -0.199
1953, 2, , , -0.156, -0.114, -0.199
1953, 3, , , -0.156, -0.114, -0.198
1953, 4, , , -0.156, -0.114, -0.198
1953, 5, , , -0.155, -0.114, -0.197
1953, 6, , , -0.155, -0.113, -0.197
1953, 7, , , -0.155, -0.113, -0.196
1953, 8, , , -0.154, -0.113, -0.196
1953, 9, , , -0.154, -0.112, -0.196
1953, 10, , , -0.154, -0.112, -0.195
1953, 11, , , -0.153, -0.112, -0.195
1953, 12, , , -0.153, -0.112, -0.194
1954, 1, , , -0.153, -0.111, -0.194
1954, 2, , , -0.152, -0.111, -0.194
1954, 3, , , -0.152, -0.111, -0.193
1954, 4, , , -0.152, -0.111, -0.193
1954, 5, , , -0.151, -0.110, -0.192
1954, 6, , , -0.151, -0.110, -0.192
1954, 7, , , -0.151, -0.110, -0.191
1954, 8, , , -0.150, -0.110, -0.191
1954, 9, , , -0.150, -0.109, -0.191
1954, 10, , , -0.150, -0.109, -0.190
1954, 11, , , -0.149, -0.109, -0.190
1954, 12, , , -0.149, -0.108, -0.189
1955, 1, , , -0.149, -0.108, -0.189
1955, 2, , , -0.148, -0.108, -0.189
1955, 3, , , -0.148, -0.108, -0.188
1955, 4, , , -0.148, -0.107, -0.188
1955, 5, , , -0.147, -0.107, -0.187
1955, 6, , , -0.147, -0.107, -0.187
1955, 7, , , -0.147, -0.107, -0.186
1955, 8, , , -0.146, -0.106, -0.186
1955, 9, , , -0.146, -0.106, -0.186
1955, 10, , , -0.146, -0.106, -0.185
1955, 11, , , -0.145, -0.106, -0.185
1955, 12, , , -0.145, -0.105, -0.184
1956, 1, , , -0.144, -0.105, -0.184
1956, 2, , , -0.144, -0.105, -0.184
1956, 3, , , -0.144, -0.104, -0.183
1956, 4, , , -0.143, -0.104, -0.183
1956, 5, , , -0.143, -0.104, -0.182
1956, 6, , , -0.143, -0.104, -0.182
1956, 7, , , -0.142, -0.103, -0.181
1956, 8, , , -0.142, -0.103, -0.181
1956, 9, , , -0.142, -0.103, -0.181
1956, 10, , , -0.141, -0.103, -0.180
1956, 11, , , -0.141, -0.102, -0.180
1956, 12, , , -0.141, -0.102, -0.179
1957, 1, , , -0.140, -0.102, -0.179
1957, 2, , , -0.140, -0.102, -0.179
1957, 3, , , -0.140, -0.101, -0.178
1957, 4, , , -0.139, -0.101, -0.178
1957, 5, , , -0.139, -0.101, -0.177
1957, 6, , , -0.139, -0.100, -0.177
1957, 7, , , -0.138, -0.100, -0.176
1957, 8, , , -0.138, -0.100, -0.176
1957, 9, , , -0.138, -0.100, -0.176
1957, 10, , , -0.137, -0.099, -0.175
1957, 11, , , -0.137, -0.099, -0.175
1957, 12, , , -0.137, -0.099, -0.174
1958, 1, , , -0.136, -0.099, -0.174
1958, 2, , , -0.136, -0.098, -0.174
1958, 3, , , -0.136, -0.098, -0.173
1958, 4, , , -0.135, -0.098, -0.173
1958, 5, , , -0.135, -0.098, -0.172
1958, 6, , , -0.135, -0.097, -0.172
1958, 7, , , -0.134, -0.097, -0.171
1958, 8, , , -0.134, -0.097, -0.171
1958, 9, , , -0.134, -0.096, -0.171
1958, 10, , , -0.133, -0.096, -0.170
1958, 11, , , -0.133, -0.096, -0.170
1958, 12, , , -0.133, -0.096, -0.169
1959, 1, , , -0.132, -0.095, -0.169
1959, 2, , , -0.132, -0.095, -0.169
1959, 3, , , -0.132, -0.095, -0.168
1959, 4, , , -0.131, -0.095, -0.168
1959, 5, , , -0.131, -0.094, -0.167
1959, 6, , , -0.131, -0.094, -0.167
1959, 7, , , -0.130, -0.094, -0.167
1959, 8, , , -0.130, -0.094, -0.166
1959, 9, , , -0.129, -0.093, -0.166
1959, 10, , , -0.129, -0.093, -0.165
1959, 11, , , -0.129, -0.093, -0.165
1959, 12, , , -0.128, -0.092, -0.164
1960, 1, , , -0.128, -0.092, -0.164
1960, 2, , , -0.128, -0.092, -0.164
1960, 3, , , -0.127, -0.092, -0.163
1960, 4, , , -0.127, -0.091, -0.163
1960, 5, , , -0.127, -0.091, -0.162
1960, 6, , , -0.126, -0.091, -0.162
1960, 7, , , -0.126, -0.091, -0.162
1960, 8, , , -0.126, -0.090, -0.161
1960, 9, , , -0.125, -0.090, -0.161
1960, 10, , , -0.125, -0.090, -0.160
1960, 11, , , -0.125, -0.090, -0.160
1960, 12, , , -0.124, -0.089, -0.159
1961, 1, , , -0.124, -0.089, -0.159
1961, 2, , , -0.124, -0.089, -0.159
1961, 3, , , -0.123, -0.088, -0.158
1961, 4, , , -0.123, -0.088, -0.158
1961, 5, , , -0.123, -0.088, -0.157
1961, 6, , , -0.122, -0.088, -0.157
1961, 7, , , -0.122, -0.087, -0.157
1961, 8, , , -0.122, -0.087, -0.156
1961, 9, , , -0.121, -0.087, -0.156
1961, 10, , , -0.121, -0.087, -0.155
1961, 11, , , -0.121, -0.086, -0.155
1961, 12, , , -0.120, -0.086, -0.154
1962, 1, , , -0.120, -0.086, -0.154
1962, 2, , , -0.120, -0.086, -0.154
1962, 3, , , -0.119, -0.085, -0.153
1962, 4, , , -0.119, -0.085, -0.153
1962, 5, , , -0.119, -0.085, -0.152
1962, 6, , , -0.118, -0.084, -0.152
1962, 7, , , -0.118, -0.084, -0.152
1962, 8, , , -0.118, -0.084, -0.151
1962, 9, , , -0.117, -0.084, -0.151
1962, 10, , , -0.117, -0.083, -0.150
1962, 11, , , -0.117, -0.083, -0.150
1962, 12, , , -0.116, -0.083, -0.149
1963, 1, , , -0.116, -0.083, -0.149
1963, 2, , , -0.115, -0.082, -0.149
1963, 3, , , -0.115, -0.082, -0.148
1963, 4, , , -0.115, -0.082, -0.148
1963, 5, , , -0.114, -0.082, -0.147
1963, 6, , , -0.114, -0.081, -0.147
1963, 7, , , -0.114, -0.081, -0.147
1963, 8, , , -0.113, -0.081, -0.146
1963, 9, , , -0.113, -0.080, -0.146
1963, 10, , , -0.113, -0.080, -0.145
1963, 11, , , -0.112, -0.080, -0.145
1963, 12, , , -0.112, -0.080, -0.145
1964, 1, , , -0.112, -0.079, -0.144
1964, 2, , , -0.111, -0.079, -0.144
1964, 3, , , -0.111, -0.079, -0.143
1964, 4, , , -0.111, -0.079, -0.143
1964, 5, , , -0.110, -0.078, -0.142
1964, 6, , , -0.110, -0.078, -0.142
1964, 7, , , -0.110, -0.078, -0.142
1964, 8, , , -0.109, -0.077, -0.141
1964, 9, , , -0.109, -0.077, -0.141
1964, 10, , , -0.109, -0.077, -0.140
1964, 11, , , -0.108, -0.077, -0.140
1964, 12, , , -0.108, -0.076, -0.140
1965, 1, , , -0.108, -0.076, -0.139
1965, 2, , , -0.107, -0.076, -0.139
1965, 3, , , -0.107, -0.076, -0.138
1965, 4, , , -0.107, -0.075, -0.138
1965, 5, , , -0.106, -0.075, -0.137
1965, 6, , , -0.106, -0.075, -0.137
1965, 7, , , -0.106, -0.075, -0.137
1965, 8, , , -0.105, -0.074, -0.136
1965, 9, , , -0.105, -0.074, -0.136
1965, 10, , , -0.105, -0.074, -0.135
1965, 11, , , -0.104, -0.073, -0.135
1965, 12, , , -0.104, -0.073, -0.135
1966, 1, , , -0.104, -0.073, -0.134
1966, 2, , , -0.103, -0.073, -0.134
1966, 3, , , -0.103, -0.072, -0.133
1966, 4, , , -0.103, -0.072, -0.133
1966, 5, , , -0.102, -0.072, -0.133
1966, 6, , , -0.102, -0.072, -0.132
1966, 7, , , -0.101, -0.071, -0.132
1966, 8, , , -0.101, -0.071, -0.131
1966, 9, , , -0.101, -0.071, -0.131
1966, 10, , , -0.100, -0.070, -0.130
1966, 11, , , -0.100, -0.070, -0.130
1966, 12, , , -0.100, -0.070, -0.130
1967, 1, , , -0.099, -0.070, -0.129
1967, 2, , , -0.099, -0.069, -0.129
1967, 3, , , -0.099, -0.069, -0.128
1967, 4, , , -0.098, -0.069, -0.128
1967, 5, , , -0.098, -0.069, -0.128
1967, 6, , , -0.098, -0.068, -0.127
1967, 7, , , -0.097, -0.068, -0.127
1967, 8, , , -0.097, -0.068, -0.126
1967, 9, , , -0.097, -0.068, -0.126
1967, 10, , , -0.096, -0.067, -0.125
1967, 11, , , -0.096, -0.067, -0.125
1967, 12, , , -0.096, -0.067, -0.125
1968, 1, , , -0.095, -0.066, -0.124
1968, 2, , , -0.095, -0.066, -0.124
1968, 3, , , -0.095, -0.066, -0.123
1968, 4, , , -0.094, -0.066, -0.123
1968, 5, , , -0.094, -0.065, -0.123
1968, 6, , , -0.094, -0.065, -0.122
1968, 7, , , -0.093, -0.065, -0.122
1968, 8, , , -0.093, -0.065, -0.121
1968, 9, , , -0.093, -0.064, -0.121
1968, 10, , , -0.092, -0.064, -0.121
1968, 11, , , -0.092, -0.064, -0.120
1968, 12, , , -0.092, -0.063, -0.120
1969, 1, , , -0.091, -0.063, -0.119
1969, 2, , , -0.091, -0.063, -0.119
1969, 3, , , -0.091, -0.063, -0.118
1969, 4, , , -0.090, -0.062, -0.118
1969, 5, , , -0.090, -0.062, -0.118
1969, 6, , , -0.090, -0.062, -0.117
1969, 7, , , -0.089, -0.062, -0.117
1969, 8, , , -0.089, -0.061, -0.116
1969, 9, , , -0.089, -0.061, -0.116
1969, 10, , , -0.088, -0.061, -0.116
1969, 11, , , -0.088, -0.061, -0.115
1969, 12, , , -0.087, -0.060, -0.115
1970, 1, , , -0.087, -0.060, -0.114
1970, 2, , , -0.087, -0.060, -0.114
1970, 3, , , -0.086, -0.059, -0.113
1970, 4, , , -0.086, -0.059, -0.113
1970, 5, , , -0.086, -0.059, -0.113
1970, 6, , , -0.085, -0.059, -0.112
1970, 7, , , -0.085, -0.058, -0.112
1970, 8, , , -0.085, -0.058, -0.111
1970, 9, , , -0.084, -0.058, -0.111
1970, 10, , , -0.084, -0.058, -0.111
1970, 11, , , -0.084, -0.057, -0.110
1970, 12, , , -0.083, -0.057, -0.110
1971, 1, , , -0.083, -0.057, -0.109
1971, 2, , , -0.083, -0.056, -0.109
1971, 3, , , -0.082, -0.056, -0.109
1971, 4, , , -0.082, -0.056, -0.108
1971, 5, , , -0.082, -0.056, -0.108
1971, 6, , , -0.081, -0.055, -0.107
1971, 7, , , -0.081, -0.055, -0.107
1971, 8, , , -0.081, -0.055, -0.106
1971, 9, , , -0.080, -0.055, -0.106
1971, 10, , , -0.080, -0.054, -0.106
1971, 11, , , -0.080, -0.054, -0.105
1971, 12, , , -0.079, -0.054, -0.105
1972, 1, , , -0.079, -0.054, -0.104
1972, 2, , , -0.079, -0.053, -0.104
1972, 3, , , -0.078, -0.053, -0.104
1972, 4, , , -0.078, -0.053, -0.103
1972, 5, , , -0.078, -0.052, -0.103
1972, 6, , , -0.077, -0.052, -0.102
1972, 7, , , -0.077, -0.052, -0.102
1972, 8, , , -0.077, -0.052, -0.102
1972, 9, , , -0.076, -0.051, -0.101
1972, 10, , , -0.076, -0.051, -0.101
1972, 11, , , -0.076, -0.051, -0.100
1972, 12, , , -0.075, -0.051, -0.100
1973, 1, , , -0.075, -0.050, -0.099
1973, 2, , , -0.075, -0.050, -0.099
1973, 3, , , -0.074, -0.050, -0.099
1973, 4, , , -0.074, -0.049, -0.098
1973, 5, , , -0.074, -0.049, -0.098
1973, 6, , , -0.073, -0.049, -0.097
1973, 7, , , -0.073, -0.049, -0.097
1973, 8, , , -0.072, -0.048, -0.097
1973, 9, , , -0.072, -0.048, -0.096
1973, 10, , , -0.072, -0.048, -0.096
1973, 11, , , -0.071, -0.048, -0.095
1973, 12, , , -0.071, -0.047, -0.095
1974, 1, , , -0.071, -0.047, -0.095
1974, 2, , , -0.070, -0.047, -0.094
1974, 3, , , -0.070, -0.046, -0.094
1974, 4, , , -0.070, -0.046, -0.093
1974, 5, , , -0.069, -0.046, -0.093
1974, 6, , , -0.069, -0.046, -0.093
1974, 7, , , -0.069, -0.045, -0.092
1974, 8, , , -0.068, -0.045, -0.092
1974, 9, , , -0.068, -0.045, -0.091
1974, 10, , , -0.068, -0.045, -0.091
1974, 11, , , -0.067, -0.044, -0.090
1974, 12, , , -0.067, -0.044, -0.090
1975, 1, , , -0.067, -0.044, -0.090
1975, 2, , , -0.066, -0.043, -0.089
1975, 3, , , -0.066, -0.043, -0.089
1975, 4, , , -0.066, -0.043, -0.088
1975, 5, , , -0.065, -0.043, -0.088
1975, 6, , , -0.065, -0.042, -0.088
1975, 7, , , -0.065, -0.042, -0.087
1975, 8, , , -0.064, -0.042, -0.087
1975, 9, , , -0.064, -0.042, -0.086
1975, 10, , , -0.064, -0.041, -0.086
1975, 11, , , -0.063, -0.041, -0.086
1975, 12, , , -0.063, -0.041, -0.085
1976, 1, , , -0.063, -0.040, -0.085
1976, 2, , , -0.062, -0.040, -0.084
1976, 3, , , -0.062, -0.040, -0.084
1976, 4, , , -0.062, -0.040, -0.083
1976, 5, , , -0.061, -0.039, -0.083
1976, 6, , , -0.061, -0.039, -0.083
1976, 7, , , -0.061, -0.039, -0.082
1976, 8, , , -0.060, -0.039, -0.082
1976, 9, , , -0.060, -0.038, -0.081
1976, 10, , , -0.060, -0.038, -0.081
1976, 11, , , -0.059, -0.038, -0.081
1976, 12, , , -0.059, -0.037, -0.080
1977, 1, , , -0.058, -0.037, -0.080
1977, 2, , , -0.058, -0.037, -0.079
1977, 3, , , -0.058, -0.037, -0.079
1977, 4, , , -0.057, -0.036, -0.079
1977, 5, , , -0.057, -0.036, -0.078
1977, 6, , , -0.057, -0.036, -0.078
1977, 7, , , -0.056, -0.036, -0.077
1977, 8, , , -0.056, -0.035, -0.077
1977, 9, , , -0.056, -0.035, -0.077
1977, 10, , , -0.055, -0.035, -0.076
1977, 11, , , -0.055, -0.034, -0.076
1977, 12, , , -0.055, -0.034, -0.075
1978, 1, , , -0.054, -0.034, -0.075
1978, 2, , , -0.054, -0.034, -0.075
1978, 3, , , -0.054, -0.033, -0.074
1978, 4, , , -0.053, -0.033, -0.074
1978, 5, , , -0.053, -0.033, -0.073
1978, 6, -0.046, , -0.053, -0.032, -0.073
1978, 7, -0.044, , -0.052, -0.032, -0.072
1978, 8, -0.048, , -0.052, -0.032, -0.072
1978, 9, -0.060, , -0.052, -0.032, -0.072
1978, 10, -0.064, , -0.051, -0.031, -0.071
1978, 11, -0.006, , -0.051, -0.031, -0.071
1978, 12, -0.023, , -0.051, -0.031, -0.070
1979, 1, -0.092, , -0.050, -0.031, -0.070
1979, 2, -0.055, , -0.050, -0.030, -0.070
1979, 3, 0.010, , -0.050, -0.030, -0.069
1979, 4, 0.146, , -0.049, -0.030, -0.069
1979, 5, -0.036, , -0.049, -0.029, -0.068
1979, 6, -0.052, , -0.049, -0.029, -0.068
1979, 7, 0.099, , -0.048, -0.029, -0.068
1979, 8, 0.003, , -0.048, -0.029, -0.067
1979, 9, 0.006, , -0.048, -0.028, -0.067
1979, 10, -0.102, , -0.047, -0.028, -0.066
1979, 11, -0.122, , -0.047, -0.028, -0.066
1979, 12, -0.044, , -0.047, -0.028, -0.066
1980, 1, 0.042, , -0.046, -0.027, -0.065
1980, 2, -0.034, , -0.046, -0.027, -0.065
1980, 3, -0.039, , -0.046, -0.027, -0.064
1980, 4, -0.022, , -0.045, -0.026, -0.064
1980, 5, -0.051, , -0.045, -0.026, -0.064
1980, 6, -0.119, , -0.044, -0.026, -0.063
1980, 7, -0.069, , -0.044, -0.026, -0.063
1980, 8, -0.042, , -0.044, -0.025, -0.062
1980, 9, -0.090, , -0.043, -0.025, -0.062
1980, 10, -0.228, , -0.043, -0.025, -0.062
1980, 11, -0.104, , -0.043, -0.024, -0.061
1980, 12, -0.093, , -0.042, -0.024, -0.061
1981, 1, -0.119, , -0.042, -0.024, -0.060
1981, 2, -0.028, , -0.042, -0.024, -0.060
1981, 3, -0.121, , -0.041, -0.023, -0.059
1981, 4, -0.028, , -0.041, -0.023, -0.059
1981, 5, -0.039, , -0.041, -0.023, -0.059
1981, 6, -0.049, , -0.040, -0.023, -0.058
1981, 7, -0.035, , -0.040, -0.022, -0.058
1981, 8, -0.030, , -0.040, -0.022, -0.057
1981, 9, -0.176, , -0.039, -0.022, -0.057
1981, 10, -0.114, , -0.039, -0.021, -0.057
1981, 11, -0.067, , -0.039, -0.021, -0.056
1981, 12, -0.099, , -0.038, -0.021, -0.056
1982, 1, -0.071, , -0.038, -0.021, -0.055
1982, 2, -0.028, , -0.038, -0.020, -0.055
1982, 3, 0.007, , -0.037, -0.020, -0.055
1982, 4, -0.055, , -0.037, -0.020, -0.054
1982, 5, -0.045, , -0.037, -0.019, -0.054
1982, 6, -0.079, , -0.036, -0.019, -0.053
1982, 7, -0.108, , -0.036, -0.019, -0.053
1982, 8, -0.106, , -0.036, -0.019, -0.053
1982, 9, -0.094, , -0.035, -0.018, -0.052
1982, 10, -0.036, , -0.035, -0.018, -0.052
1982, 11, -0.015, , -0.035, -0.018, -0.051
1982, 12, 0.157, , -0.034, -0.017, -0.051
1983, 1, 0.106, , -0.034, -0.017, -0.051
1983, 2, 0.082, , -0.034, -0.017, -0.050
1983, 3, 0.019, , -0.033, -0.017, -0.050
1983, 4, 0.012, , -0.033, -0.016, -0.049
1983, 5, 0.061, , -0.033, -0.016, -0.049
1983, 6, 0.082, , -0.032, -0.016, -0.049
1983, 7, 0.023, , -0.032, -0.016, -0.048
1983, 8, -0.012, , -0.032, -0.015, -0.048
1983, 9, -0.072, , -0.031, -0.015, -0.047
1983, 10, 0.004, , -0.031, -0.015, -0.047
1983, 11, 0.015, , -0.031, -0.014, -0.047
1983, 12, -0.020, , -0.030, -0.014, -0.046
1984, 1, 0.009, , -0.030, -0.014, -0.046
1984, 2, -0.058, , -0.029, -0.014, -0.045
1984, 3, -0.079, , -0.029, -0.013, -0.045
1984, 4, -0.077, , -0.029, -0.013, -0.045
1984, 5, -0.030, , -0.028, -0.013, -0.044
1984, 6, -0.000, , -0.028, -0.012, -0.044
1984, 7, 0.050, , -0.028, -0.012, -0.043
1984, 8, -0.030, , -0.027, -0.012, -0.043
1984, 9, -0.012, , -0.027, -0.012, -0.043
1984, 10, 0.052, , -0.027, -0.011, -0.042
1984, 11, -0.003, , -0.026, -0.011, -0.042
1984, 12, 0.087, , -0.026, -0.011, -0.041
1985, 1, -0.068, , -0.026, -0.010, -0.041
1985, 2, -0.046, , -0.025, -0.010, -0.041
1985, 3, 0.025, , -0.025, -0.010, -0.040
1985, 4, -0.006, , -0.025, -0.010, -0.040
1985, 5, -0.073, , -0.024, -0.009, -0.039
1985, 6, -0.128, , -0.024, -0.009, -0.039
1985, 7, -0.078, , -0.024, -0.009, -0.039
1985, 8, 0.086, , -0.023, -0.008, -0.038
1985, 9, 0.026, , -0.023, -0.008, -0.038
1985, 10, 0.168, , -0.023, -0.008, -0.037
1985, 11, 0.040, , -0.022, -0.008, -0.037
1985, 12, -0.035, , -0.022, -0.007, -0.037
1986, 1, -0.062, , -0.022, -0.007, -0.036
1986, 2, -0.021, , -0.021, -0.007, -0.036
1986, 3, -0.103, , -0.021, -0.006, -0.035
1986, 4, -0.061, , -0.021, -0.006, -0.035
1986, 5, 0.043, , -0.020, -0.006, -0.035
1986, 6, -0.012, , -0.020, -0.006, -0.034
1986, 7, -0.096, , -0.020, -0.005, -0.034
1986, 8, -0.122, , -0.019, -0.005, -0.034
1986, 9, -0.048, , -0.019, -0.005, -0.033
1986, 10, 0.026, , -0.019, -0.004, -0.033
1986, 11, 0.052, , -0.018, -0.004, -0.032
1986, 12, 0.056, , -0.018, -0.004, -0.032
1987, 1, -0.040, , -0.018, -0.004, -0.032
1987, 2, 0.055, , -0.017, -0.003, -0.031
1987, 3, 0.117, , -0.017, -0.003, -0.031
1987, 4, -0.214, , -0.017, -0.003, -0.030
1987, 5, -0.057, , -0.016, -0.002, -0.030
1987, 6, 0.031, , -0.016, -0.002, -0.030
1987, 7, 0.053, , -0.015, -0.002, -0.029
1987, 8, -0.122, , -0.015, -0.001, -0.029
1987, 9, -0.134, , -0.015, -0.001, -0.028
1987, 10, -0.210, , -0.014, -0.001, -0.028
1987, 11, -0.033, , -0.014, -0.001, -0.028
1987, 12, 0.004, , -0.014, -0.000, -0.027
1988, 1, -0.034, , -0.013, -0.000, -0.027
1988, 2, -0.079, , -0.013, 0.000, -0.026
1988, 3, -0.085, , -0.013, 0.001, -0.026
1988, 4, -0.080, , -0.012, 0.001, -0.026
1988, 5, -0.137, , -0.012, 0.001, -0.025
1988, 6, -0.096, , -0.012, 0.001, -0.025
1988, 7, -0.054, , -0.011, 0.002, -0.025
1988, 8, 0.019, , -0.011, 0.002, -0.024
1988, 9, 0.028, , -0.011, 0.002, -0.024
1988, 10, 0.030, , -0.010, 0.003, -0.023
1988, 11, 0.099, , -0.010, 0.003, -0.023
1988, 12, 0.162, , -0.010, 0.003, -0.023
1989, 1, 0.051, , -0.009, 0.004, -0.022
1989, 2, -0.085, , -0.009, 0.004, -0.022
1989, 3, -0.051, , -0.009, 0.004, -0.021
1989, 4, -0.089, , -0.008, 0.004, -0.021
1989, 5, -0.118, , -0.008, 0.005, -0.021
1989, 6, 0.061, , -0.008, 0.005, -0.020
1989, 7, 0.004, , -0.007, 0.005, -0.020
1989, 8, -0.003, , -0.007, 0.006, -0.020
1989, 9, -0.030, , -0.007, 0.006, -0.019
1989, 10, -0.096, , -0.006, 0.006, -0.019
1989, 11, -0.064, , -0.006, 0.006, -0.018
1989, 12, -0.178, , -0.006, 0.007, -0.018
1990, 1, -0.028, , -0.005, 0.007, -0.018
1990, 2, 0.085, , -0.005, 0.007, -0.017
1990, 3, 0.120, , -0.005, 0.008, -0.017
1990, 4, 0.024, , -0.004, 0.008, -0.016
1990, 5, 0.080, , -0.004, 0.008, -0.016
1990, 6, -0.009, , -0.004, 0.009, -0.016
1990, 7, 0.029, , -0.003, 0.009, -0.015
1990, 8, -0.021, , -0.003, 0.009, -0.015
1990, 9, -0.082, , -0.003, 0.010, -0.015
1990, 10, -0.060, , -0.002, 0.010, -0.014
1990, 11, 0.046, , -0.002, 0.010, -0.014
1990, 12, 0.023, , -0.001, 0.010, -0.013
1991, 1, 0.106, , -0.001, 0.011, -0.013
1991, 2, -0.061, , -0.001, 0.011, -0.013
1991, 3, 0.022, , -0.000, 0.011, -0.012
1991, 4, 0.164, , -0.000, 0.012, -0.012
1991, 5, 0.220, , 0.000, 0.012, -0.012
1991, 6, 0.055, , 0.001, 0.012, -0.011
1991, 7, -0.017, , 0.001, 0.013, -0.011
1991, 8, -0.039, , 0.001, 0.013, -0.010
1991, 9, 0.004, , 0.002, 0.013, -0.010
1991, 10, 0.072, , 0.002, 0.013, -0.010
1991, 11, -0.046, , 0.002, 0.014, -0.009
1991, 12, 0.023, , 0.003, 0.014, -0.009
1992, 1, 0.063, , 0.003, 0.014, -0.009
1992, 2, 0.107, , 0.003, 0.015, -0.008
1992, 3, -0.036, , 0.004, 0.015, -0.008
1992, 4, 0.000, , 0.004, 0.015, -0.007
1992, 5, -0.125, , 0.004, 0.016, -0.007
1992, 6, 0.003, , 0.005, 0.016, -0.007
1992, 7, -0.057, , 0.005, 0.016, -0.006
1992, 8, 0.003, , 0.005, 0.017, -0.006
1992, 9, 0.010, , 0.006, 0.017, -0.006
1992, 10, 0.034, , 0.006, 0.017, -0.005
1992, 11, 0.031, , 0.006, 0.018, -0.005
1992, 12, 0.072, , 0.007, 0.018, -0.004
1993, 1, 0.137, , 0.007, 0.018, -0.004
1993, 2, 0.046, , 0.007, 0.018, -0.004
1993, 3, -0.079, , 0.008, 0.019, -0.003
1993, 4, 0.000, , 0.008, 0.019, -0.003
1993, 5, 0.040, , 0.008, 0.019, -0.003
1993, 6, -0.000, , 0.009, 0.020, -0.002
1993, 7, -0.069, , 0.009, 0.020, -0.002
1993, 8, -0.109, , 0.009, 0.020, -0.002
1993, 9, , , 0.010, 0.021, -0.001
1993, 10, , , 0.010, 0.021, -0.001
1993, 11, , , 0.010, 0.021, -0.000
1993, 12, , , 0.011, 0.022, -0.000
1994, 1, , , 0.011, 0.022, 0.000
1994, 2, , , 0.011, 0.022, 0.001
1994, 3, , , 0.012, 0.023, 0.001
1994, 4, , , 0.012, 0.023, 0.001
1994, 5, , , 0.012, 0.023, 0.002
1994, 6, , , 0.013, 0.024, 0.002
1994, 7, , , 0.013, 0.024, 0.002
1994, 8, 0.077, , 0.014, 0.024, 0.003
1994, 9, , , 0.014, 0.025, 0.003
1994, 10, , , 0.014, 0.025, 0.004
1994, 11, -0.008, , 0.015, 0.025, 0.004
1994, 12, 0.043, , 0.015, 0.026, 0.004
1995, 1, -0.044, , 0.015, 0.026, 0.005
1995, 2, , , 0.016, 0.026, 0.005
1995, 3, , , 0.016, 0.027, 0.005
1995, 4, , , 0.016, 0.027, 0.006
1995, 5, , , 0.017, 0.027, 0.006
1995, 6, , , 0.017, 0.028, 0.006
1995, 7, , , 0.017, 0.028, 0.007
1995, 8, , , 0.018, 0.028, 0.007
1995, 9, 0.060, , 0.018, 0.029, 0.007
1995, 10, 0.068, , 0.018, 0.029, 0.008
1995, 11, , , 0.019, 0.029, 0.008
1995, 12, , , 0.019, 0.030, 0.008
1996, 1, , , 0.019, 0.030, 0.009
1996, 2, , , 0.020, 0.030, 0.009
1996, 3, , , 0.020, 0.031, 0.010
1996, 4, , , 0.020, 0.031, 0.010
1996, 5, , , 0.021, 0.031, 0.010
1996, 6, , , 0.021, 0.032, 0.011
1996, 7, -0.034, , 0.021, 0.032, 0.011
1996, 8, 0.028, , 0.022, 0.032, 0.011
1996, 9, -0.062, , 0.022, 0.033, 0.012
1996, 10, 0.128, , 0.022, 0.033, 0.012
1996, 11, 0.100, , 0.023, 0.033, 0.012
1996, 12, 0.037, , 0.023, 0.034, 0.013
1997, 1, , , 0.023, 0.034, 0.013
1997, 2, , , 0.024, 0.034, 0.013
1997, 3, 0.088, U, 0.024, 0.035, 0.014
1997, 4, , , 0.024, 0.035, 0.014
1997, 5, , , 0.025, 0.035, 0.014
1997, 6, , , 0.025, 0.036, 0.015
1997, 7, 0.010, U, 0.025, 0.036, 0.015
1997, 8, 0.006, U, 0.026, 0.036, 0.015
1997, 9, -0.060, U, 0.026, 0.037, 0.016
1997, 10, 0.022, U, 0.026, 0.037, 0.016
1997, 11, -0.086, U, 0.027, 0.037, 0.016
1997, 12, -0.103, U, 0.027, 0.038, 0.017
1998, 1, 0.106, U, 0.028, 0.038, 0.017
1998, 2, 0.127, U, 0.028, 0.038, 0.017
1998, 3, 0.104, U, 0.028, 0.039, 0.018
1998, 4, 0.020, U, 0.029, 0.039, 0.018
1998, 5, 0.003, U, 0.029, 0.039, 0.018
1998, 6, -0.071, U, 0.029, 0.040, 0.019
1998, 7, -0.096, U, 0.030, 0.040, 0.019
1998, 8, 0.030, U, 0.030, 0.040, 0.019
1998, 9, 0.224, U, 0.030, 0.041, 0.020
1998, 10, 0.090, U, 0.031, 0.041, 0.020
1998, 11, -0.095, U, 0.031, 0.042, 0.020
1998, 12, -0.219, U, 0.031, 0.042, 0.021
1999, 1, 0.093, U, 0.032, 0.042, 0.021
1999, 2, 0.076, U, 0.032, 0.043, 0.021
1999, 3, 0.085, U, 0.032, 0.043, 0.022
1999, 4, 0.026, U, 0.033, 0.043, 0.022
1999, 5, 0.050, U, 0.033, 0.044, 0.022
1999, 6, 0.041, U, 0.033, 0.044, 0.023
1999, 7, 0.071, U, 0.034, 0.044, 0.023
1999, 8, -0.030, U, 0.034, 0.045, 0.023
1999, 9, 0.004, U, 0.034, 0.045, 0.024
1999, 10, 0.032, U, 0.035, 0.045, 0.024
1999, 11, -0.020, U, 0.035, 0.046, 0.024
1999, 12, 0.000, U, 0.035, 0.046, 0.025
2000, 1, -0.003, U, 0.036, 0.047, 0.025
2000, 2, -0.012, U, 0.036, 0.047, 0.025
2000, 3, 0.043, U, 0.036, 0.047, 0.026
2000, 4, -0.011, U, 0.037, 0.048, 0.026
2000, 5, 0.007, U, 0.037, 0.048, 0.026
2000, 6, 0.022, U, 0.037, 0.048, 0.026
2000, 7, -0.014, U, 0.038, 0.049, 0.027
2000, 8, -0.024, U, 0.038, 0.049, 0.027
2000, 9, -0.002, U, 0.038, 0.049, 0.027
2000, 10, -0.018, U, 0.039, 0.050, 0.028
2000, 11, 0.034, U, 0.039, 0.050, 0.028
2000, 12, -0.063, U, 0.039, 0.051, 0.028
2001, 1, -0.090, U, 0.040, 0.051, 0.029
2001, 2, -0.036, U, 0.040, 0.051, 0.029
2001, 3, -0.009, U, 0.040, 0.052, 0.029
2001, 4, 0.035, U, 0.041, 0.052, 0.030
2001, 5, -0.027, U, 0.041, 0.052, 0.030
2001, 6, -0.032, U, 0.042, 0.053, 0.030
2001, 7, 0.068, U, 0.042, 0.053, 0.031
2001, 8, 0.177, U, 0.042, 0.053, 0.031
2001, 9, -0.012, U, 0.043, 0.054, 0.031
2001, 10, 0.058, U, 0.043, 0.054, 0.032
2001, 11, 0.092, U, 0.043, 0.055, 0.032
2001, 12, 0.080, U, 0.044, 0.055, 0.032
2002, 1, 0.017, U, 0.044, 0.055, 0.032
2002, 2, 0.017, U, 0.044, 0.056, 0.033
2002, 3, 0.060, U, 0.045, 0.056, 0.033
2002, 4, 0.073, U, 0.045, 0.056, 0.033
2002, 5, 0.044, U, 0.045, 0.057, 0.034
2002, 6, 0.111, U, 0.046, 0.057, 0.034
2002, 7, 0.050, U, 0.046, 0.058, 0.034
2002, 8, 0.129, U, 0.046, 0.058, 0.035
2002, 9, 0.200, U, 0.047, 0.058, 0.035
2002, 10, , , 0.047, 0.059, 0.035
2002, 11, , , 0.047, 0.059, 0.036
2002, 12, , , 0.048, 0.059, 0.036
2003, 1, , , 0.048, 0.060, 0.036
2003, 2, , , 0.048, 0.060, 0.036
2003, 3, , , 0.049, 0.061, 0.037
2003, 4, 0.025, U, 0.049, 0.061, 0.037
2003, 5, 0.011, U, 0.049, 0.061, 0.037
2003, 6, 0.054, U, 0.050, 0.062, 0.038
2003, 7, 0.133, U, 0.050, 0.062, 0.038
2003, 8, 0.084, U, 0.050, 0.062, 0.038
2003, 9, 0.114, U, 0.051, 0.063, 0.039
2003, 10, 0.090, U, 0.051, 0.063, 0.039
2003, 11, 0.096, U, 0.051, 0.064, 0.039
2003, 12, 0.034, U, 0.052, 0.064, 0.039
2004, 1, 0.066, U, 0.052, 0.064, 0.040
2004, 2, 0.089, U, 0.052, 0.065, 0.040
2004, 3, 0.059, U, 0.053, 0.065, 0.040
2004, 4, -0.027, U, 0.053, 0.066, 0.041
2004, 5, 0.067, U, 0.053, 0.066, 0.041
2004, 6, 0.047, U, 0.054, 0.066, 0.041
2004, 7, 0.032, U, 0.054, 0.067, 0.042
2004, 8, 0.014, U, 0.054, 0.067, 0.042
2004, 9, 0.012, U, 0.055, 0.067, 0.042
2004, 10, 0.082, U, 0.055, 0.068, 0.042
2004, 11, 0.155, U, 0.056, 0.068, 0.043
2004, 12, -0.018, U, 0.056, 0.069, 0.043
2005, 1, 0.137, U, 0.056, 0.069, 0.043
2005, 2, 0.193, U, 0.057, 0.069, 0.044
2005, 3, -0.003, U, 0.057, 0.070, 0.044
2005, 4, 0.050, U, 0.057, 0.070, 0.044
2005, 5, 0.033, U, 0.058, 0.071, 0.045
2005, 6, 0.142, U, 0.058, 0.071, 0.045
2005, 7, 0.140, U, 0.058, 0.071, 0.045
2005, 8, , , 0.059, 0.072, 0.045
2005, 9, , , 0.059, 0.072, 0.046
2005, 10, , , 0.059, 0.072, 0.046
2005, 11, , , 0.060, 0.073, 0.046
2005, 12, 0.060, , 0.060, 0.073, 0.047
2006, 1, -0.022, , 0.060, 0.074, 0.047
2006, 2, -0.005, , 0.061, 0.074, 0.047
2006, 3, 0.062, , 0.061, 0.074, 0.047
2006, 4, 0.028, , 0.061, 0.075, 0.048
2006, 5, -0.053, , 0.062, 0.075, 0.048
2006, 6, -0.005, , 0.062, 0.076, 0.048
2006, 7, 0.044, , 0.062, 0.076, 0.049
2006, 8, 0.012, , 0.063, 0.076, 0.049
2006, 9, -0.020, , 0.063, 0.077, 0.049
2006, 10, 0.020, , 0.063, 0.077, 0.050
2006, 11, -0.041, , 0.064, 0.078, 0.050
2006, 12, 0.023, , 0.064, 0.078, 0.050
2007, 1, 0.074, , 0.064, 0.078, 0.050
2007, 2, -0.036, , 0.065, 0.079, 0.051
2007, 3, 0.029, , 0.065, 0.079, 0.051
2007, 4, 0.004, , 0.065, 0.080, 0.051
2007, 5, 0.122, , 0.066, 0.080, 0.052
2007, 6, 0.061, , 0.066, 0.080, 0.052
2007, 7, 0.035, , 0.066, 0.081, 0.052
2007, 8, 0.062, , 0.067, 0.081, 0.052
2007, 9, 0.028, , 0.067, 0.081, 0.053
2007, 10, 0.120, , 0.067, 0.082, 0.053
2007, 11, -0.000, , 0.068, 0.082, 0.053
2007, 12, 0.044, , 0.068, 0.083, 0.054
2008, 1, 0.067, , 0.068, 0.083, 0.054
2008, 2, 0.034, , 0.069, 0.083, 0.054
2008, 3, 0.042, , 0.069, 0.084, 0.054
2008, 4, 0.090, , 0.069, 0.084, 0.055
2008, 5, 0.061, , 0.070, 0.085, 0.055
2008, 6, 0.042, , 0.070, 0.085, 0.055
2008, 7, 0.075, , 0.071, 0.085, 0.056
2008, 8, -0.022, , 0.071, 0.086, 0.056
2008, 9, 0.312, , 0.071, 0.086, 0.056
2008, 10, 0.098, , 0.072, 0.087, 0.056
2008, 11, -0.005, , 0.072, 0.087, 0.057
2008, 12, 0.012, , 0.072, 0.087, 0.057
2009, 1, -0.012, , 0.073, 0.088, 0.057
2009, 2, 0.021, , 0.073, 0.088, 0.058
2009, 3, 0.112, , 0.073, 0.089, 0.058
2009, 4, 0.097, , 0.074, 0.089, 0.058
2009, 5, 0.113, , 0.074, 0.089, 0.058
2009, 6, 0.003, , 0.074, 0.090, 0.059
2009, 7, 0.043, , 0.075, 0.090, 0.059
2009, 8, 0.104, , 0.075, 0.091, 0.059
2009, 9, 0.174, , 0.075, 0.091, 0.060
2009, 10, 0.118, , 0.076, 0.091, 0.060
2009, 11, 0.149, , 0.076, 0.092, 0.060
2009, 12, 0.195, , 0.076, 0.092, 0.060
2010, 1, 0.064, , 0.077, 0.093, 0.061
2010, 2, 0.031, , 0.077, 0.093, 0.061
2010, 3, -0.042, , 0.077, 0.093, 0.061
2010, 4, 0.049, , 0.078, 0.094, 0.062
2010, 5, 0.104, , 0.078, 0.094, 0.062
2010, 6, 0.140, , 0.078, 0.095, 0.062
2010, 7, 0.247, , 0.079, 0.095, 0.062
2010, 8, 0.146, , 0.079, 0.095, 0.063
2010, 9, 0.146, , 0.079, 0.096, 0.063
2010, 10, -0.032, , 0.080, 0.096, 0.063
2010, 11, 0.046, , 0.080, 0.097, 0.064
2010, 12, -0.114, , 0.080, 0.097, 0.064
2011, 1, -0.030, , 0.081, 0.097, 0.064
2011, 2, -0.044, , 0.081, 0.098, 0.064
2011, 3, 0.114, , 0.081, 0.098, 0.065
2011, 4, 0.086, , 0.082, 0.099, 0.065
2011, 5, 0.050, , 0.082, 0.099, 0.065
2011, 6, 0.056, , 0.082, 0.099, 0.065
2011, 7, , , 0.083, 0.100, 0.066
2011, 8, 0.015, , 0.083, 0.100, 0.066
2011, 9, 0.064, , 0.083, 0.101, 0.066
2011, 10, -0.004, , 0.084, 0.101, 0.067
2011, 11, 0.071, , 0.084, 0.101, 0.067
2011, 12, 0.101, , 0.085, 0.102, 0.067
2012, 1, 0.049, , 0.085, 0.102, 0.067
2012, 2, 0.119, , 0.085, 0.103, 0.068
2012, 3, 0.185, , 0.086, 0.103, 0.068
2012, 4, 0.120, , 0.086, 0.103, 0.068
2012, 5, 0.107, , 0.086, 0.104, 0.069
2012, 6, 0.254, , 0.087, 0.104, 0.069
2012, 7, 0.197, , 0.087, 0.105, 0.069
2012, 8, 0.265, , 0.087, 0.105, 0.069
2012, 9, 0.120, , 0.088, 0.105, 0.070
2012, 10, 0.034, , 0.088, 0.106, 0.070
2012, 11, 0.062, , 0.088, 0.106, 0.070
2012, 12, 0.090, , 0.089, 0.107, 0.071
2013, 1, 0.136, , 0.089, 0.107, 0.071
2013, 2, 0.169, , 0.089, 0.107, 0.071
2013, 3, 0.064, , 0.090, 0.108, 0.071
2013, 4, 0.169, , 0.090, 0.108, 0.072
2013, 5, 0.108, , 0.090, 0.109, 0.072
2013, 6, 0.089, , 0.091, 0.109, 0.072
2013, 7, , , 0.091, 0.110, 0.072
2013, 8, 0.125, , 0.091, 0.110, 0.073
2013, 9, , , 0.092, 0.110, 0.073
2013, 10, 0.150, , 0.092, 0.111, 0.073
2013, 11, 0.161, , 0.092, 0.111, 0.074
2013, 12, 0.093, , 0.093, 0.112, 0.074
2014, 1, -0.010, , 0.093, 0.112, 0.074
2014, 2, 0.056, , 0.093, 0.112, 0.074
2014, 3, 0.051, , 0.094, 0.113, 0.075
2014, 4, 0.126, , 0.094, 0.113, 0.075
2014, 5, 0.119, , 0.094, 0.114, 0.075
2014, 6, 0.127, , 0.095, 0.114, 0.076
2014, 7, 0.005, , 0.095, 0.114, 0.076
2014, 8, 0.048, , 0.095, 0.115, 0.076
2014, 9, 0.096, , 0.096, 0.115, 0.076
2014, 10, 0.042, , 0.096, 0.116, 0.077
2014, 11, -0.010, , 0.096, 0.116, 0.077
2014, 12, 0.158, , 0.097, 0.116, 0.077
2015, 1, 0.078, , 0.097, 0.117, 0.077
2015, 2, 0.048, , 0.097, 0.117, 0.078
2015, 3, 0.041, , 0.098, 0.118, 0.078
2015, 4, 0.130, , 0.098, 0.118, 0.078
2015, 5, 0.185, , 0.099, 0.118, 0.079
2015, 6, 0.101, , 0.099, 0.119, 0.079
2015, 7, 0.034, , 0.099, 0.119, 0.079
2015, 8, 0.092, , 0.100, 0.120, 0.079
2015, 9, 0.052, , 0.100, 0.120, 0.080
2015, 10, 0.180, , 0.100, 0.120, 0.080
2015, 11, 0.252, , 0.101, 0.121, 0.080
2015, 12, 0.313, , 0.101, 0.121, 0.080
2016, 1, , , 0.101, 0.122, 0.081
2016, 2, 0.089, , 0.102, 0.122, 0.081
2016, 3, 0.241, , 0.102, 0.123, 0.081
2016, 4, 0.272, , 0.102, 0.123, 0.082
2016, 5, 0.193, , 0.103, 0.123, 0.082
2016, 6, 0.152, , 0.103, 0.124, 0.082
2016, 7, 0.152, , 0.103, 0.124, 0.082
2016, 8, 0.199, , 0.104, 0.125, 0.083
2016, 9, 0.154, , 0.104, 0.125, 0.083
2016, 10, 0.146, , 0.104, 0.125, 0.083
2016, 11, 0.212, , 0.105, 0.126, 0.084
2016, 12, 0.173, , 0.105, 0.126, 0.084
2017, 1, , , 0.105, 0.127, 0.084
2017, 2, , , 0.106, 0.127, 0.084
2017, 3, , , 0.106, 0.127, 0.085
2017, 4, , , 0.106, 0.128, 0.085
2017, 5, , , 0.107, 0.128, 0.085
2017, 6, , , 0.107, 0.129, 0.085
2017, 7, , , 0.107, 0.129, 0.086
2017, 8, , , 0.108, 0.129, 0.086
2017, 9, , , 0.108, 0.130, 0.086
2017, 10, , , 0.108, 0.130, 0.087
2017, 11, , , 0.109, 0.131, 0.087
2017, 12, , , 0.109, 0.131, 0.087
2018, 1, , , 0.109, 0.132, 0.087
2018, 2, , , 0.110, 0.132, 0.088
2018, 3, , , 0.110, 0.132, 0.088
2018, 4, , , 0.110, 0.133, 0.088
2018, 5, , , 0.111, 0.133, 0.088
2018, 6, , , 0.111, 0.134, 0.089
2018, 7, , , 0.111, 0.134, 0.089
2018, 8, , , 0.112, 0.134, 0.089
2018, 9, , , 0.112, 0.135, 0.090
2018, 10, , , 0.112, 0.135, 0.090
2018, 11, , , 0.113, 0.136, 0.090
2018, 12, , , 0.113, 0.136, 0.090
2019, 1, , , 0.114, 0.136, 0.091
2019, 2, , , 0.114, 0.137, 0.091
2019, 3, , , 0.114, 0.137, 0.091
2019, 4, , , 0.115, 0.138, 0.091
2019, 5, , , 0.115, 0.138, 0.092
2019, 6, , , 0.115, 0.138, 0.092
2019, 7, , , 0.116, 0.139, 0.092
2019, 8, , , 0.116, 0.139, 0.093
2019, 9, , , 0.116, 0.140, 0.093
2019, 10, , , 0.117, 0.140, 0.093
2019, 11, , , 0.117, 0.141, 0.093
2019, 12, , , 0.117, 0.141, 0.094
2020, 1, , , 0.118, 0.141, 0.094
2020, 2, , , 0.118, 0.142, 0.094
2020, 3, , , 0.118, 0.142, 0.094
2020, 4, , , 0.119, 0.143, 0.095
2020, 5, , , 0.119, 0.143, 0.095
2020, 6, , , 0.119, 0.143, 0.095
2020, 7, , , 0.120, 0.144, 0.096
2020, 8, , , 0.120, 0.144, 0.096
2020, 9, , , 0.120, 0.145, 0.096
2020, 10, , , 0.121, 0.145, 0.096
2020, 11, , , 0.121, 0.145, 0.097
2020, 12, , , 0.121, 0.146, 0.097
