Year, Month, Monthly_MSL, Unverified, Linear_Trend, High_Conf., Low_Conf.
1900, 1, , , -0.614, -0.400, -0.829
1900, 2, , , -0.614, -0.400, -0.828
1900, 3, , , -0.614, -0.400, -0.827
1900, 4, , , -0.613, -0.400, -0.827
1900, 5, , , -0.613, -0.400, -0.826
1900, 6, , , -0.613, -0.400, -0.826
1900, 7, , , -0.612, -0.399, -0.825
1900, 8, , , -0.612, -0.399, -0.824
1900, 9, , , -0.611, -0.399, -0.824
1900, 10, , , -0.611, -0.399, -0.823
1900, 11, , , -0.611, -0.399, -0.822
1900, 12, , , -0.610, -0.399, -0.822
1901, 1, , , -0.610, -0.399, -0.821
1901, 2, , , -0.610, -0.399, -0.820
1901, 3, , , -0.609, -0.399, -0.820
1901, 4, , , -0.609, -0.399, -0.819
1901, 5, , , -0.608, -0.399, -0.818
1901, 6, , , -0.608, -0.398, -0.818
1901, 7, , , -0.608, -0.398, -0.817
1901, 8, , , -0.607, -0.398, -0.816
1901, 9, , , -0.607, -0.398, -0.816
1901, 10, , , -0.607, -0.398, -0.815
1901, 11, , , -0.606, -0.398, -0.814
1901, 12, , , -0.606, -0.398, -0.814
1902, 1, , , -0.606, -0.398, -0.813
1902, 2, , , -0.605, -0.398, -0.813
1902, 3, , , -0.605, -0.398, -0.812
1902, 4, , , -0.604, -0.398, -0.811
1902, 5, , , -0.604, -0.397, -0.811
1902, 6, , , -0.604, -0.397, -0.810
1902, 7, , , -0.603, -0.397, -0.809
1902, 8, , , -0.603, -0.397, -0.809
1902, 9, , , -0.603, -0.397, -0.808
1902, 10, , , -0.602, -0.397, -0.807
1902, 11, , , -0.602, -0.397, -0.807
1902, 12, , , -0.601, -0.397, -0.806
1903, 1, , , -0.601, -0.397, -0.805
1903, 2, , , -0.601, -0.397, -0.805
1903, 3, , , -0.600, -0.397, -0.804
1903, 4, , , -0.600, -0.397, -0.803
1903, 5, , , -0.600, -0.396, -0.803
1903, 6, , , -0.599, -0.396, -0.802
1903, 7, , , -0.599, -0.396, -0.801
1903, 8, , , -0.598, -0.396, -0.801
1903, 9, , , -0.598, -0.396, -0.800
1903, 10, , , -0.598, -0.396, -0.800
1903, 11, , , -0.597, -0.396, -0.799
1903, 12, , , -0.597, -0.396, -0.798
1904, 1, , , -0.597, -0.396, -0.798
1904, 2, , , -0.596, -0.396, -0.797
1904, 3, , , -0.596, -0.396, -0.796
1904, 4, , , -0.596, -0.395, -0.796
1904, 5, , , -0.595, -0.395, -0.795
1904, 6, , , -0.595, -0.395, -0.794
1904, 7, , , -0.594, -0.395, -0.794
1904, 8, , , -0.594, -0.395, -0.793
1904, 9, , , -0.594, -0.395, -0.792
1904, 10, , , -0.593, -0.395, -0.792
1904, 11, , , -0.593, -0.395, -0.791
1904, 12, , , -0.593, -0.395, -0.790
1905, 1, , , -0.592, -0.395, -0.790
1905, 2, , , -0.592, -0.395, -0.789
1905, 3, , , -0.591, -0.394, -0.788
1905, 4, , , -0.591, -0.394, -0.788
1905, 5, , , -0.591, -0.394, -0.787
1905, 6, , , -0.590, -0.394, -0.786
1905, 7, , , -0.590, -0.394, -0.786
1905, 8, , , -0.590, -0.394, -0.785
1905, 9, , , -0.589, -0.394, -0.785
1905, 10, , , -0.589, -0.394, -0.784
1905, 11, , , -0.589, -0.394, -0.783
1905, 12, , , -0.588, -0.394, -0.783
1906, 1, , , -0.588, -0.394, -0.782
1906, 2, , , -0.587, -0.394, -0.781
1906, 3, , , -0.587, -0.393, -0.781
1906, 4, , , -0.587, -0.393, -0.780
1906, 5, , , -0.586, -0.393, -0.779
1906, 6, , , -0.586, -0.393, -0.779
1906, 7, , , -0.586, -0.393, -0.778
1906, 8, , , -0.585, -0.393, -0.777
1906, 9, , , -0.585, -0.393, -0.777
1906, 10, , , -0.584, -0.393, -0.776
1906, 11, , , -0.584, -0.393, -0.775
1906, 12, , , -0.584, -0.393, -0.775
1907, 1, , , -0.583, -0.393, -0.774
1907, 2, , , -0.583, -0.392, -0.773
1907, 3, , , -0.583, -0.392, -0.773
1907, 4, , , -0.582, -0.392, -0.772
1907, 5, , , -0.582, -0.392, -0.772
1907, 6, , , -0.581, -0.392, -0.771
1907, 7, , , -0.581, -0.392, -0.770
1907, 8, , , -0.581, -0.392, -0.770
1907, 9, , , -0.580, -0.392, -0.769
1907, 10, , , -0.580, -0.392, -0.768
1907, 11, , , -0.580, -0.392, -0.768
1907, 12, , , -0.579, -0.392, -0.767
1908, 1, , , -0.579, -0.391, -0.766
1908, 2, , , -0.579, -0.391, -0.766
1908, 3, , , -0.578, -0.391, -0.765
1908, 4, , , -0.578, -0.391, -0.764
1908, 5, , , -0.577, -0.391, -0.764
1908, 6, , , -0.577, -0.391, -0.763
1908, 7, , , -0.577, -0.391, -0.762
1908, 8, , , -0.576, -0.391, -0.762
1908, 9, , , -0.576, -0.391, -0.761
1908, 10, , , -0.576, -0.391, -0.760
1908, 11, , , -0.575, -0.391, -0.760
1908, 12, , , -0.575, -0.391, -0.759
1909, 1, , , -0.574, -0.390, -0.759
1909, 2, , , -0.574, -0.390, -0.758
1909, 3, , , -0.574, -0.390, -0.757
1909, 4, , , -0.573, -0.390, -0.757
1909, 5, , , -0.573, -0.390, -0.756
1909, 6, , , -0.573, -0.390, -0.755
1909, 7, , , -0.572, -0.390, -0.755
1909, 8, , , -0.572, -0.390, -0.754
1909, 9, , , -0.572, -0.390, -0.753
1909, 10, , , -0.571, -0.390, -0.753
1909, 11, , , -0.571, -0.390, -0.752
1909, 12, , , -0.570, -0.389, -0.751
1910, 1, , , -0.570, -0.389, -0.751
1910, 2, , , -0.570, -0.389, -0.750
1910, 3, , , -0.569, -0.389, -0.749
1910, 4, , , -0.569, -0.389, -0.749
1910, 5, , , -0.569, -0.389, -0.748
1910, 6, , , -0.568, -0.389, -0.747
1910, 7, , , -0.568, -0.389, -0.747
1910, 8, , , -0.567, -0.389, -0.746
1910, 9, , , -0.567, -0.389, -0.746
1910, 10, , , -0.567, -0.389, -0.745
1910, 11, , , -0.566, -0.388, -0.744
1910, 12, , , -0.566, -0.388, -0.744
1911, 1, , , -0.566, -0.388, -0.743
1911, 2, , , -0.565, -0.388, -0.742
1911, 3, , , -0.565, -0.388, -0.742
1911, 4, , , -0.564, -0.388, -0.741
1911, 5, , , -0.564, -0.388, -0.740
1911, 6, , , -0.564, -0.388, -0.740
1911, 7, , , -0.563, -0.388, -0.739
1911, 8, , , -0.563, -0.388, -0.738
1911, 9, , , -0.563, -0.388, -0.738
1911, 10, , , -0.562, -0.387, -0.737
1911, 11, , , -0.562, -0.387, -0.736
1911, 12, , , -0.562, -0.387, -0.736
1912, 1, , , -0.561, -0.387, -0.735
1912, 2, , , -0.561, -0.387, -0.734
1912, 3, , , -0.560, -0.387, -0.734
1912, 4, , , -0.560, -0.387, -0.733
1912, 5, , , -0.560, -0.387, -0.733
1912, 6, , , -0.559, -0.387, -0.732
1912, 7, , , -0.559, -0.387, -0.731
1912, 8, , , -0.559, -0.387, -0.731
1912, 9, , , -0.558, -0.387, -0.730
1912, 10, , , -0.558, -0.386, -0.729
1912, 11, , , -0.557, -0.386, -0.729
1912, 12, , , -0.557, -0.386, -0.728
1913, 1, , , -0.557, -0.386, -0.727
1913, 2, , , -0.556, -0.386, -0.727
1913, 3, , , -0.556, -0.386, -0.726
1913, 4, , , -0.556, -0.386, -0.725
1913, 5, , , -0.555, -0.386, -0.725
1913, 6, , , -0.555, -0.386, -0.724
1913, 7, , , -0.555, -0.386, -0.723
1913, 8, , , -0.554, -0.386, -0.723
1913, 9, , , -0.554, -0.385, -0.722
1913, 10, , , -0.553, -0.385, -0.721
1913, 11, , , -0.553, -0.385, -0.721
1913, 12, , , -0.553, -0.385, -0.720
1914, 1, , , -0.552, -0.385, -0.720
1914, 2, , , -0.552, -0.385, -0.719
1914, 3, , , -0.552, -0.385, -0.718
1914, 4, , , -0.551, -0.385, -0.718
1914, 5, , , -0.551, -0.385, -0.717
1914, 6, , , -0.550, -0.385, -0.716
1914, 7, , , -0.550, -0.385, -0.716
1914, 8, , , -0.550, -0.384, -0.715
1914, 9, , , -0.549, -0.384, -0.714
1914, 10, , , -0.549, -0.384, -0.714
1914, 11, , , -0.549, -0.384, -0.713
1914, 12, , , -0.548, -0.384, -0.712
1915, 1, , , -0.548, -0.384, -0.712
1915, 2, , , -0.547, -0.384, -0.711
1915, 3, , , -0.547, -0.384, -0.710
1915, 4, , , -0.547, -0.384, -0.710
1915, 5, , , -0.546, -0.384, -0.709
1915, 6, , , -0.546, -0.384, -0.708
1915, 7, , , -0.546, -0.383, -0.708
1915, 8, , , -0.545, -0.383, -0.707
1915, 9, , , -0.545, -0.383, -0.707
1915, 10, , , -0.545, -0.383, -0.706
1915, 11, , , -0.544, -0.383, -0.705
1915, 12, , , -0.544, -0.383, -0.705
1916, 1, , , -0.543, -0.383, -0.704
1916, 2, , , -0.543, -0.383, -0.703
1916, 3, , , -0.543, -0.383, -0.703
1916, 4, , , -0.542, -0.383, -0.702
1916, 5, , , -0.542, -0.383, -0.701
1916, 6, , , -0.542, -0.383, -0.701
1916, 7, , , -0.541, -0.382, -0.700
1916, 8, , , -0.541, -0.382, -0.699
1916, 9, , , -0.540, -0.382, -0.699
1916, 10, , , -0.540, -0.382, -0.698
1916, 11, , , -0.540, -0.382, -0.697
1916, 12, , , -0.539, -0.382, -0.697
1917, 1, , , -0.539, -0.382, -0.696
1917, 2, , , -0.539, -0.382, -0.695
1917, 3, , , -0.538, -0.382, -0.695
1917, 4, , , -0.538, -0.382, -0.694
1917, 5, , , -0.538, -0.382, -0.694
1917, 6, , , -0.537, -0.381, -0.693
1917, 7, , , -0.537, -0.381, -0.692
1917, 8, , , -0.536, -0.381, -0.692
1917, 9, , , -0.536, -0.381, -0.691
1917, 10, , , -0.536, -0.381, -0.690
1917, 11, , , -0.535, -0.381, -0.690
1917, 12, , , -0.535, -0.381, -0.689
1918, 1, , , -0.535, -0.381, -0.688
1918, 2, , , -0.534, -0.381, -0.688
1918, 3, , , -0.534, -0.381, -0.687
1918, 4, , , -0.533, -0.381, -0.686
1918, 5, , , -0.533, -0.380, -0.686
1918, 6, , , -0.533, -0.380, -0.685
1918, 7, , , -0.532, -0.380, -0.684
1918, 8, , , -0.532, -0.380, -0.684
1918, 9, , , -0.532, -0.380, -0.683
1918, 10, , , -0.531, -0.380, -0.682
1918, 11, , , -0.531, -0.380, -0.682
1918, 12, , , -0.530, -0.380, -0.681
1919, 1, , , -0.530, -0.380, -0.681
1919, 2, , , -0.530, -0.380, -0.680
1919, 3, , , -0.529, -0.380, -0.679
1919, 4, , , -0.529, -0.379, -0.679
1919, 5, , , -0.529, -0.379, -0.678
1919, 6, , , -0.528, -0.379, -0.677
1919, 7, , , -0.528, -0.379, -0.677
1919, 8, , , -0.528, -0.379, -0.676
1919, 9, , , -0.527, -0.379, -0.675
1919, 10, , , -0.527, -0.379, -0.675
1919, 11, , , -0.526, -0.379, -0.674
1919, 12, , , -0.526, -0.379, -0.673
1920, 1, , , -0.526, -0.379, -0.673
1920, 2, , , -0.525, -0.379, -0.672
1920, 3, , , -0.525, -0.378, -0.671
1920, 4, , , -0.525, -0.378, -0.671
1920, 5, , , -0.524, -0.378, -0.670
1920, 6, , , -0.524, -0.378, -0.669
1920, 7, , , -0.523, -0.378, -0.669
1920, 8, , , -0.523, -0.378, -0.668
1920, 9, , , -0.523, -0.378, -0.668
1920, 10, , , -0.522, -0.378, -0.667
1920, 11, , , -0.522, -0.378, -0.666
1920, 12, , , -0.522, -0.378, -0.666
1921, 1, , , -0.521, -0.378, -0.665
1921, 2, , , -0.521, -0.378, -0.664
1921, 3, , , -0.521, -0.377, -0.664
1921, 4, , , -0.520, -0.377, -0.663
1921, 5, , , -0.520, -0.377, -0.662
1921, 6, , , -0.519, -0.377, -0.662
1921, 7, , , -0.519, -0.377, -0.661
1921, 8, , , -0.519, -0.377, -0.660
1921, 9, , , -0.518, -0.377, -0.660
1921, 10, , , -0.518, -0.377, -0.659
1921, 11, , , -0.518, -0.377, -0.658
1921, 12, , , -0.517, -0.377, -0.658
1922, 1, , , -0.517, -0.377, -0.657
1922, 2, , , -0.516, -0.376, -0.656
1922, 3, , , -0.516, -0.376, -0.656
1922, 4, , , -0.516, -0.376, -0.655
1922, 5, , , -0.515, -0.376, -0.655
1922, 6, , , -0.515, -0.376, -0.654
1922, 7, , , -0.515, -0.376, -0.653
1922, 8, , , -0.514, -0.376, -0.653
1922, 9, , , -0.514, -0.376, -0.652
1922, 10, , , -0.514, -0.376, -0.651
1922, 11, , , -0.513, -0.376, -0.651
1922, 12, , , -0.513, -0.376, -0.650
1923, 1, , , -0.512, -0.375, -0.649
1923, 2, , , -0.512, -0.375, -0.649
1923, 3, , , -0.512, -0.375, -0.648
1923, 4, , , -0.511, -0.375, -0.647
1923, 5, , , -0.511, -0.375, -0.647
1923, 6, , , -0.511, -0.375, -0.646
1923, 7, , , -0.510, -0.375, -0.645
1923, 8, , , -0.510, -0.375, -0.645
1923, 9, , , -0.509, -0.375, -0.644
1923, 10, , , -0.509, -0.375, -0.643
1923, 11, , , -0.509, -0.375, -0.643
1923, 12, , , -0.508, -0.374, -0.642
1924, 1, , , -0.508, -0.374, -0.642
1924, 2, , , -0.508, -0.374, -0.641
1924, 3, , , -0.507, -0.374, -0.640
1924, 4, , , -0.507, -0.374, -0.640
1924, 5, , , -0.506, -0.374, -0.639
1924, 6, , , -0.506, -0.374, -0.638
1924, 7, , , -0.506, -0.374, -0.638
1924, 8, , , -0.505, -0.374, -0.637
1924, 9, , , -0.505, -0.374, -0.636
1924, 10, , , -0.505, -0.374, -0.636
1924, 11, , , -0.504, -0.373, -0.635
1924, 12, , , -0.504, -0.373, -0.634
1925, 1, , , -0.504, -0.373, -0.634
1925, 2, , , -0.503, -0.373, -0.633
1925, 3, , , -0.503, -0.373, -0.632
1925, 4, , , -0.502, -0.373, -0.632
1925, 5, , , -0.502, -0.373, -0.631
1925, 6, , , -0.502, -0.373, -0.631
1925, 7, , , -0.501, -0.373, -0.630
1925, 8, , , -0.501, -0.373, -0.629
1925, 9, , , -0.501, -0.373, -0.629
1925, 10, , , -0.500, -0.372, -0.628
1925, 11, , , -0.500, -0.372, -0.627
1925, 12, , , -0.499, -0.372, -0.627
1926, 1, , , -0.499, -0.372, -0.626
1926, 2, , , -0.499, -0.372, -0.625
1926, 3, , , -0.498, -0.372, -0.625
1926, 4, , , -0.498, -0.372, -0.624
1926, 5, , , -0.498, -0.372, -0.623
1926, 6, , , -0.497, -0.372, -0.623
1926, 7, , , -0.497, -0.372, -0.622
1926, 8, , , -0.497, -0.372, -0.621
1926, 9, , , -0.496, -0.372, -0.621
1926, 10, , , -0.496, -0.371, -0.620
1926, 11, , , -0.495, -0.371, -0.619
1926, 12, , , -0.495, -0.371, -0.619
1927, 1, , , -0.495, -0.371, -0.618
1927, 2, , , -0.494, -0.371, -0.618
1927, 3, , , -0.494, -0.371, -0.617
1927, 4, , , -0.494, -0.371, -0.616
1927, 5, , , -0.493, -0.371, -0.616
1927, 6, , , -0.493, -0.371, -0.615
1927, 7, , , -0.492, -0.371, -0.614
1927, 8, , , -0.492, -0.371, -0.614
1927, 9, , , -0.492, -0.370, -0.613
1927, 10, , , -0.491, -0.370, -0.612
1927, 11, , , -0.491, -0.370, -0.612
1927, 12, , , -0.491, -0.370, -0.611
1928, 1, , , -0.490, -0.370, -0.610
1928, 2, , , -0.490, -0.370, -0.610
1928, 3, , , -0.489, -0.370, -0.609
1928, 4, , , -0.489, -0.370, -0.608
1928, 5, , , -0.489, -0.370, -0.608
1928, 6, , , -0.488, -0.370, -0.607
1928, 7, , , -0.488, -0.370, -0.606
1928, 8, , , -0.488, -0.369, -0.606
1928, 9, , , -0.487, -0.369, -0.605
1928, 10, , , -0.487, -0.369, -0.605
1928, 11, , , -0.487, -0.369, -0.604
1928, 12, , , -0.486, -0.369, -0.603
1929, 1, , , -0.486, -0.369, -0.603
1929, 2, , , -0.485, -0.369, -0.602
1929, 3, , , -0.485, -0.369, -0.601
1929, 4, , , -0.485, -0.369, -0.601
1929, 5, , , -0.484, -0.369, -0.600
1929, 6, , , -0.484, -0.369, -0.599
1929, 7, , , -0.484, -0.368, -0.599
1929, 8, , , -0.483, -0.368, -0.598
1929, 9, , , -0.483, -0.368, -0.597
1929, 10, , , -0.482, -0.368, -0.597
1929, 11, , , -0.482, -0.368, -0.596
1929, 12, , , -0.482, -0.368, -0.595
1930, 1, , , -0.481, -0.368, -0.595
1930, 2, , , -0.481, -0.368, -0.594
1930, 3, , , -0.481, -0.368, -0.594
1930, 4, , , -0.480, -0.368, -0.593
1930, 5, , , -0.480, -0.368, -0.592
1930, 6, , , -0.480, -0.367, -0.592
1930, 7, , , -0.479, -0.367, -0.591
1930, 8, , , -0.479, -0.367, -0.590
1930, 9, , , -0.478, -0.367, -0.590
1930, 10, , , -0.478, -0.367, -0.589
1930, 11, , , -0.478, -0.367, -0.588
1930, 12, , , -0.477, -0.367, -0.588
1931, 1, , , -0.477, -0.367, -0.587
1931, 2, , , -0.477, -0.367, -0.586
1931, 3, , , -0.476, -0.367, -0.586
1931, 4, , , -0.476, -0.367, -0.585
1931, 5, , , -0.475, -0.366, -0.584
1931, 6, , , -0.475, -0.366, -0.584
1931, 7, , , -0.475, -0.366, -0.583
1931, 8, , , -0.474, -0.366, -0.583
1931, 9, , , -0.474, -0.366, -0.582
1931, 10, , , -0.474, -0.366, -0.581
1931, 11, , , -0.473, -0.366, -0.581
1931, 12, , , -0.473, -0.366, -0.580
1932, 1, , , -0.472, -0.366, -0.579
1932, 2, , , -0.472, -0.366, -0.579
1932, 3, , , -0.472, -0.366, -0.578
1932, 4, , , -0.471, -0.365, -0.577
1932, 5, , , -0.471, -0.365, -0.577
1932, 6, , , -0.471, -0.365, -0.576
1932, 7, , , -0.470, -0.365, -0.575
1932, 8, , , -0.470, -0.365, -0.575
1932, 9, , , -0.470, -0.365, -0.574
1932, 10, , , -0.469, -0.365, -0.573
1932, 11, , , -0.469, -0.365, -0.573
1932, 12, , , -0.468, -0.365, -0.572
1933, 1, , , -0.468, -0.365, -0.571
1933, 2, , , -0.468, -0.365, -0.571
1933, 3, , , -0.467, -0.364, -0.570
1933, 4, , , -0.467, -0.364, -0.570
1933, 5, , , -0.467, -0.364, -0.569
1933, 6, , , -0.466, -0.364, -0.568
1933, 7, , , -0.466, -0.364, -0.568
1933, 8, , , -0.465, -0.364, -0.567
1933, 9, , , -0.465, -0.364, -0.566
1933, 10, , , -0.465, -0.364, -0.566
1933, 11, , , -0.464, -0.364, -0.565
1933, 12, , , -0.464, -0.364, -0.564
1934, 1, , , -0.464, -0.364, -0.564
1934, 2, , , -0.463, -0.363, -0.563
1934, 3, , , -0.463, -0.363, -0.562
1934, 4, , , -0.463, -0.363, -0.562
1934, 5, , , -0.462, -0.363, -0.561
1934, 6, , , -0.462, -0.363, -0.560
1934, 7, , , -0.461, -0.363, -0.560
1934, 8, , , -0.461, -0.363, -0.559
1934, 9, , , -0.461, -0.363, -0.559
1934, 10, , , -0.460, -0.363, -0.558
1934, 11, , , -0.460, -0.363, -0.557
1934, 12, , , -0.460, -0.363, -0.557
1935, 1, , , -0.459, -0.362, -0.556
1935, 2, , , -0.459, -0.362, -0.555
1935, 3, , , -0.458, -0.362, -0.555
1935, 4, , , -0.458, -0.362, -0.554
1935, 5, , , -0.458, -0.362, -0.553
1935, 6, , , -0.457, -0.362, -0.553
1935, 7, , , -0.457, -0.362, -0.552
1935, 8, , , -0.457, -0.362, -0.551
1935, 9, , , -0.456, -0.362, -0.551
1935, 10, , , -0.456, -0.362, -0.550
1935, 11, , , -0.455, -0.361, -0.549
1935, 12, , , -0.455, -0.361, -0.549
1936, 1, , , -0.455, -0.361, -0.548
1936, 2, , , -0.454, -0.361, -0.548
1936, 3, , , -0.454, -0.361, -0.547
1936, 4, , , -0.454, -0.361, -0.546
1936, 5, , , -0.453, -0.361, -0.546
1936, 6, , , -0.453, -0.361, -0.545
1936, 7, , , -0.453, -0.361, -0.544
1936, 8, , , -0.452, -0.361, -0.544
1936, 9, , , -0.452, -0.361, -0.543
1936, 10, , , -0.451, -0.360, -0.542
1936, 11, , , -0.451, -0.360, -0.542
1936, 12, , , -0.451, -0.360, -0.541
1937, 1, , , -0.450, -0.360, -0.540
1937, 2, , , -0.450, -0.360, -0.540
1937, 3, , , -0.450, -0.360, -0.539
1937, 4, , , -0.449, -0.360, -0.538
1937, 5, , , -0.449, -0.360, -0.538
1937, 6, , , -0.448, -0.360, -0.537
1937, 7, , , -0.448, -0.360, -0.537
1937, 8, , , -0.448, -0.360, -0.536
1937, 9, , , -0.447, -0.359, -0.535
1937, 10, , , -0.447, -0.359, -0.535
1937, 11, , , -0.447, -0.359, -0.534
1937, 12, , , -0.446, -0.359, -0.533
1938, 1, , , -0.446, -0.359, -0.533
1938, 2, , , -0.446, -0.359, -0.532
1938, 3, , , -0.445, -0.359, -0.531
1938, 4, , , -0.445, -0.359, -0.531
1938, 5, , , -0.444, -0.359, -0.530
1938, 6, , , -0.444, -0.359, -0.529
1938, 7, , , -0.444, -0.359, -0.529
1938, 8, , , -0.443, -0.358, -0.528
1938, 9, , , -0.443, -0.358, -0.528
1938, 10, , , -0.443, -0.358, -0.527
1938, 11, , , -0.442, -0.358, -0.526
1938, 12, , , -0.442, -0.358, -0.526
1939, 1, , , -0.441, -0.358, -0.525
1939, 2, , , -0.441, -0.358, -0.524
1939, 3, , , -0.441, -0.358, -0.524
1939, 4, , , -0.440, -0.358, -0.523
1939, 5, , , -0.440, -0.358, -0.522
1939, 6, , , -0.440, -0.357, -0.522
1939, 7, , , -0.439, -0.357, -0.521
1939, 8, , , -0.439, -0.357, -0.520
1939, 9, , , -0.438, -0.357, -0.520
1939, 10, , , -0.438, -0.357, -0.519
1939, 11, , , -0.438, -0.357, -0.518
1939, 12, , , -0.437, -0.357, -0.518
1940, 1, , , -0.437, -0.357, -0.517
1940, 2, , , -0.437, -0.357, -0.517
1940, 3, , , -0.436, -0.357, -0.516
1940, 4, , , -0.436, -0.357, -0.515
1940, 5, , , -0.436, -0.356, -0.515
1940, 6, , , -0.435, -0.356, -0.514
1940, 7, , , -0.435, -0.356, -0.513
1940, 8, , , -0.434, -0.356, -0.513
1940, 9, , , -0.434, -0.356, -0.512
1940, 10, , , -0.434, -0.356, -0.511
1940, 11, , , -0.433, -0.356, -0.511
1940, 12, , , -0.433, -0.356, -0.510
1941, 1, , , -0.433, -0.356, -0.509
1941, 2, , , -0.432, -0.356, -0.509
1941, 3, , , -0.432, -0.356, -0.508
1941, 4, , , -0.431, -0.355, -0.508
1941, 5, , , -0.431, -0.355, -0.507
1941, 6, , , -0.431, -0.355, -0.506
1941, 7, , , -0.430, -0.355, -0.506
1941, 8, , , -0.430, -0.355, -0.505
1941, 9, , , -0.430, -0.355, -0.504
1941, 10, , , -0.429, -0.355, -0.504
1941, 11, , , -0.429, -0.355, -0.503
1941, 12, , , -0.429, -0.355, -0.502
1942, 1, , , -0.428, -0.355, -0.502
1942, 2, , , -0.428, -0.354, -0.501
1942, 3, , , -0.427, -0.354, -0.500
1942, 4, , , -0.427, -0.354, -0.500
1942, 5, , , -0.427, -0.354, -0.499
1942, 6, , , -0.426, -0.354, -0.498
1942, 7, , , -0.426, -0.354, -0.498
1942, 8, , , -0.426, -0.354, -0.497
1942, 9, , , -0.425, -0.354, -0.497
1942, 10, , , -0.425, -0.354, -0.496
1942, 11, , , -0.424, -0.354, -0.495
1942, 12, , , -0.424, -0.354, -0.495
1943, 1, , , -0.424, -0.353, -0.494
1943, 2, , , -0.423, -0.353, -0.493
1943, 3, , , -0.423, -0.353, -0.493
1943, 4, , , -0.423, -0.353, -0.492
1943, 5, , , -0.422, -0.353, -0.491
1943, 6, , , -0.422, -0.353, -0.491
1943, 7, , , -0.421, -0.353, -0.490
1943, 8, , , -0.421, -0.353, -0.489
1943, 9, , , -0.421, -0.353, -0.489
1943, 10, , , -0.420, -0.353, -0.488
1943, 11, , , -0.420, -0.352, -0.488
1943, 12, , , -0.420, -0.352, -0.487
1944, 1, , , -0.419, -0.352, -0.486
1944, 2, , , -0.419, -0.352, -0.486
1944, 3, , , -0.419, -0.352, -0.485
1944, 4, , , -0.418, -0.352, -0.484
1944, 5, , , -0.418, -0.352, -0.484
1944, 6, , , -0.417, -0.352, -0.483
1944, 7, , , -0.417, -0.352, -0.482
1944, 8, , , -0.417, -0.352, -0.482
1944, 9, , , -0.416, -0.351, -0.481
1944, 10, , , -0.416, -0.351, -0.481
1944, 11, , , -0.416, -0.351, -0.480
1944, 12, , , -0.415, -0.351, -0.479
1945, 1, , , -0.415, -0.351, -0.479
1945, 2, , , -0.414, -0.351, -0.478
1945, 3, , , -0.414, -0.351, -0.477
1945, 4, , , -0.414, -0.351, -0.477
1945, 5, , , -0.413, -0.351, -0.476
1945, 6, , , -0.413, -0.351, -0.475
1945, 7, , , -0.413, -0.351, -0.475
1945, 8, , , -0.412, -0.350, -0.474
1945, 9, , , -0.412, -0.350, -0.473
1945, 10, , , -0.412, -0.350, -0.473
1945, 11, , , -0.411, -0.350, -0.472
1945, 12, , , -0.411, -0.350, -0.472
1946, 1, , , -0.410, -0.350, -0.471
1946, 2, , , -0.410, -0.350, -0.470
1946, 3, , , -0.410, -0.350, -0.470
1946, 4, , , -0.409, -0.350, -0.469
1946, 5, , , -0.409, -0.350, -0.468
1946, 6, , , -0.409, -0.349, -0.468
1946, 7, , , -0.408, -0.349, -0.467
1946, 8, , , -0.408, -0.349, -0.466
1946, 9, , , -0.407, -0.349, -0.466
1946, 10, , , -0.407, -0.349, -0.465
1946, 11, , , -0.407, -0.349, -0.465
1946, 12, , , -0.406, -0.349, -0.464
1947, 1, , , -0.406, -0.349, -0.463
1947, 2, , , -0.406, -0.349, -0.463
1947, 3, , , -0.405, -0.349, -0.462
1947, 4, , , -0.405, -0.348, -0.461
1947, 5, , , -0.404, -0.348, -0.461
1947, 6, , , -0.404, -0.348, -0.460
1947, 7, , , -0.404, -0.348, -0.459
1947, 8, , , -0.403, -0.348, -0.459
1947, 9, , , -0.403, -0.348, -0.458
1947, 10, , , -0.403, -0.348, -0.457
1947, 11, , , -0.402, -0.348, -0.457
1947, 12, , , -0.402, -0.348, -0.456
1948, 1, , , -0.402, -0.348, -0.456
1948, 2, , , -0.401, -0.347, -0.455
1948, 3, , , -0.401, -0.347, -0.454
1948, 4, , , -0.400, -0.347, -0.454
1948, 5, , , -0.400, -0.347, -0.453
1948, 6, , , -0.400, -0.347, -0.452
1948, 7, , , -0.399, -0.347, -0.452
1948, 8, , , -0.399, -0.347, -0.451
1948, 9, , , -0.399, -0.347, -0.450
1948, 10, , , -0.398, -0.347, -0.450
1948, 11, , , -0.398, -0.346, -0.449
1948, 12, , , -0.397, -0.346, -0.449
1949, 1, , , -0.397, -0.346, -0.448
1949, 2, , , -0.397, -0.346, -0.447
1949, 3, , , -0.396, -0.346, -0.447
1949, 4, , , -0.396, -0.346, -0.446
1949, 5, , , -0.396, -0.346, -0.445
1949, 6, , , -0.395, -0.346, -0.445
1949, 7, , , -0.395, -0.346, -0.444
1949, 8, , , -0.395, -0.346, -0.444
1949, 9, , , -0.394, -0.345, -0.443
1949, 10, , , -0.394, -0.345, -0.442
1949, 11, , , -0.393, -0.345, -0.442
1949, 12, , , -0.393, -0.345, -0.441
1950, 1, , , -0.393, -0.345, -0.440
1950, 2, , , -0.392, -0.345, -0.440
1950, 3, , , -0.392, -0.345, -0.439
1950, 4, , , -0.392, -0.345, -0.438
1950, 5, , , -0.391, -0.345, -0.438
1950, 6, , , -0.391, -0.344, -0.437
1950, 7, , , -0.390, -0.344, -0.437
1950, 8, , , -0.390, -0.344, -0.436
1950, 9, , , -0.390, -0.344, -0.435
1950, 10, , , -0.389, -0.344, -0.435
1950, 11, , , -0.389, -0.344, -0.434
1950, 12, , , -0.389, -0.344, -0.433
1951, 1, , , -0.388, -0.344, -0.433
1951, 2, , , -0.388, -0.344, -0.432
1951, 3, , , -0.387, -0.343, -0.432
1951, 4, , , -0.387, -0.343, -0.431
1951, 5, , , -0.387, -0.343, -0.430
1951, 6, , , -0.386, -0.343, -0.430
1951, 7, , , -0.386, -0.343, -0.429
1951, 8, , , -0.386, -0.343, -0.428
1951, 9, , , -0.385, -0.343, -0.428
1951, 10, , , -0.385, -0.343, -0.427
1951, 11, , , -0.385, -0.343, -0.426
1951, 12, , , -0.384, -0.342, -0.426
1952, 1, , , -0.384, -0.342, -0.425
1952, 2, , , -0.383, -0.342, -0.425
1952, 3, , , -0.383, -0.342, -0.424
1952, 4, , , -0.383, -0.342, -0.423
1952, 5, , , -0.382, -0.342, -0.423
1952, 6, , , -0.382, -0.342, -0.422
1952, 7, , , -0.382, -0.342, -0.421
1952, 8, , , -0.381, -0.342, -0.421
1952, 9, , , -0.381, -0.341, -0.420
1952, 10, , , -0.380, -0.341, -0.420
1952, 11, , , -0.380, -0.341, -0.419
1952, 12, , , -0.380, -0.341, -0.418
1953, 1, , , -0.379, -0.341, -0.418
1953, 2, , , -0.379, -0.341, -0.417
1953, 3, , , -0.379, -0.341, -0.417
1953, 4, , , -0.378, -0.341, -0.416
1953, 5, , , -0.378, -0.341, -0.415
1953, 6, , , -0.378, -0.340, -0.415
1953, 7, , , -0.377, -0.340, -0.414
1953, 8, , , -0.377, -0.340, -0.413
1953, 9, , , -0.376, -0.340, -0.413
1953, 10, , , -0.376, -0.340, -0.412
1953, 11, , , -0.376, -0.340, -0.412
1953, 12, , , -0.375, -0.340, -0.411
1954, 1, , , -0.375, -0.340, -0.410
1954, 2, , , -0.375, -0.339, -0.410
1954, 3, , , -0.374, -0.339, -0.409
1954, 4, , , -0.374, -0.339, -0.408
1954, 5, -0.423, , -0.373, -0.339, -0.408
1954, 6, -0.475, , -0.373, -0.339, -0.407
1954, 7, -0.508, , -0.373, -0.339, -0.407
1954, 8, -0.457, , -0.372, -0.339, -0.406
1954, 9, -0.399, , -0.372, -0.339, -0.405
1954, 10, -0.422, , -0.372, -0.338, -0.405
1954, 11, -0.517, , -0.371, -0.338, -0.404
1954, 12, -0.578, , -0.371, -0.338, -0.404
1955, 1, -0.464, , -0.370, -0.338, -0.403
1955, 2, -0.371, , -0.370, -0.338, -0.402
1955, 3, -0.454, , -0.370, -0.338, -0.402
1955, 4, -0.402, , -0.369, -0.338, -0.401
1955, 5, -0.441, , -0.369, -0.337, -0.401
1955, 6, -0.423, , -0.369, -0.337, -0.400
1955, 7, -0.328, , -0.368, -0.337, -0.399
1955, 8, -0.403, , -0.368, -0.337, -0.399
1955, 9, -0.372, , -0.368, -0.337, -0.398
1955, 10, -0.459, , -0.367, -0.337, -0.398
1955, 11, -0.377, , -0.367, -0.337, -0.397
1955, 12, -0.417, , -0.366, -0.337, -0.396
1956, 1, -0.427, , -0.366, -0.336, -0.396
1956, 2, -0.405, , -0.366, -0.336, -0.395
1956, 3, -0.390, , -0.365, -0.336, -0.395
1956, 4, -0.399, , -0.365, -0.336, -0.394
1956, 5, -0.399, , -0.365, -0.336, -0.393
1956, 6, -0.387, , -0.364, -0.336, -0.393
1956, 7, -0.496, , -0.364, -0.336, -0.392
1956, 8, -0.451, , -0.363, -0.335, -0.392
1956, 9, -0.408, , -0.363, -0.335, -0.391
1956, 10, -0.432, , -0.363, -0.335, -0.390
1956, 11, -0.472, , -0.362, -0.335, -0.390
1956, 12, -0.535, , -0.362, -0.335, -0.389
1957, 1, -0.427, , -0.362, -0.335, -0.389
1957, 2, -0.335, , -0.361, -0.334, -0.388
1957, 3, -0.424, , -0.361, -0.334, -0.387
1957, 4, -0.305, , -0.361, -0.334, -0.387
1957, 5, -0.274, , -0.360, -0.334, -0.386
1957, 6, -0.225, , -0.360, -0.334, -0.386
1957, 7, -0.340, , -0.359, -0.334, -0.385
1957, 8, -0.323, , -0.359, -0.334, -0.385
1957, 9, -0.344, , -0.359, -0.333, -0.384
1957, 10, -0.328, , -0.358, -0.333, -0.383
1957, 11, -0.274, , -0.358, -0.333, -0.383
1957, 12, -0.404, , -0.358, -0.333, -0.382
1958, 1, -0.354, , -0.357, -0.333, -0.382
1958, 2, -0.405, , -0.357, -0.333, -0.381
1958, 3, -0.378, , -0.356, -0.332, -0.381
1958, 4, -0.387, , -0.356, -0.332, -0.380
1958, 5, -0.405, , -0.356, -0.332, -0.379
1958, 6, -0.359, , -0.355, -0.332, -0.379
1958, 7, -0.310, , -0.355, -0.332, -0.378
1958, 8, -0.409, , -0.355, -0.331, -0.378
1958, 9, -0.250, , -0.354, -0.331, -0.377
1958, 10, -0.218, , -0.354, -0.331, -0.377
1958, 11, -0.277, , -0.354, -0.331, -0.376
1958, 12, -0.334, , -0.353, -0.331, -0.376
1959, 1, -0.348, , -0.353, -0.331, -0.375
1959, 2, -0.280, , -0.352, -0.330, -0.374
1959, 3, -0.384, , -0.352, -0.330, -0.374
1959, 4, -0.363, , -0.352, -0.330, -0.373
1959, 5, -0.292, , -0.351, -0.330, -0.373
1959, 6, -0.305, , -0.351, -0.330, -0.372
1959, 7, -0.328, , -0.351, -0.329, -0.372
1959, 8, -0.281, , -0.350, -0.329, -0.371
1959, 9, -0.372, , -0.350, -0.329, -0.371
1959, 10, -0.337, , -0.349, -0.329, -0.370
1959, 11, -0.408, , -0.349, -0.329, -0.370
1959, 12, -0.371, , -0.349, -0.328, -0.369
1960, 1, -0.293, , -0.348, -0.328, -0.369
1960, 2, -0.356, , -0.348, -0.328, -0.368
1960, 3, -0.372, , -0.348, -0.328, -0.368
1960, 4, -0.402, , -0.347, -0.327, -0.367
1960, 5, -0.432, , -0.347, -0.327, -0.367
1960, 6, -0.384, , -0.346, -0.327, -0.366
1960, 7, -0.365, , -0.346, -0.327, -0.366
1960, 8, -0.320, , -0.346, -0.326, -0.365
1960, 9, -0.378, , -0.345, -0.326, -0.365
1960, 10, -0.413, , -0.345, -0.326, -0.364
1960, 11, -0.338, , -0.345, -0.326, -0.364
1960, 12, -0.289, , -0.344, -0.325, -0.363
1961, 1, -0.372, , -0.344, -0.325, -0.363
1961, 2, -0.359, , -0.344, -0.325, -0.362
1961, 3, -0.314, , -0.343, -0.325, -0.362
1961, 4, -0.417, , -0.343, -0.324, -0.361
1961, 5, -0.353, , -0.342, -0.324, -0.361
1961, 6, -0.375, , -0.342, -0.324, -0.360
1961, 7, -0.258, , -0.342, -0.324, -0.360
1961, 8, -0.238, , -0.341, -0.323, -0.359
1961, 9, -0.082, , -0.341, -0.323, -0.359
1961, 10, -0.310, , -0.341, -0.323, -0.358
1961, 11, -0.234, , -0.340, -0.322, -0.358
1961, 12, -0.228, , -0.340, -0.322, -0.358
1962, 1, -0.436, , -0.339, -0.322, -0.357
1962, 2, -0.301, , -0.339, -0.321, -0.357
1962, 3, -0.265, , -0.339, -0.321, -0.356
1962, 4, -0.332, , -0.338, -0.321, -0.356
1962, 5, -0.347, , -0.338, -0.321, -0.355
1962, 6, -0.335, , -0.338, -0.320, -0.355
1962, 7, -0.413, , -0.337, -0.320, -0.355
1962, 8, -0.351, , -0.337, -0.320, -0.354
1962, 9, -0.368, , -0.337, -0.319, -0.354
1962, 10, -0.429, , -0.336, -0.319, -0.353
1962, 11, -0.408, , -0.336, -0.318, -0.353
1962, 12, -0.359, , -0.335, -0.318, -0.353
1963, 1, -0.333, , -0.335, -0.318, -0.352
1963, 2, -0.414, , -0.335, -0.317, -0.352
1963, 3, -0.369, , -0.334, -0.317, -0.352
1963, 4, -0.390, , -0.334, -0.317, -0.351
1963, 5, -0.456, , -0.334, -0.316, -0.351
1963, 6, -0.411, , -0.333, -0.316, -0.350
1963, 7, -0.389, , -0.333, -0.315, -0.350
1963, 8, -0.448, , -0.332, -0.315, -0.350
1963, 9, -0.356, , -0.332, -0.315, -0.349
1963, 10, -0.374, , -0.332, -0.314, -0.349
1963, 11, -0.332, , -0.331, -0.314, -0.349
1963, 12, -0.432, , -0.331, -0.313, -0.348
1964, 1, -0.473, , -0.331, -0.313, -0.348
1964, 2, -0.466, , -0.330, -0.313, -0.348
1964, 3, -0.402, , -0.330, -0.312, -0.347
1964, 4, -0.393, , -0.329, -0.312, -0.347
1964, 5, -0.362, , -0.329, -0.311, -0.347
1964, 6, -0.420, , -0.329, -0.311, -0.347
1964, 7, -0.407, , -0.328, -0.310, -0.346
1964, 8, -0.357, , -0.328, -0.310, -0.346
1964, 9, -0.353, , -0.328, -0.310, -0.346
1964, 10, -0.392, , -0.327, -0.309, -0.345
1964, 11, -0.371, , -0.327, -0.309, -0.345
1964, 12, -0.289, , -0.327, -0.308, -0.345
1965, 1, -0.372, , -0.326, -0.308, -0.345
1965, 2, -0.313, , -0.326, -0.307, -0.344
1965, 3, -0.485, , -0.325, -0.307, -0.344
1965, 4, -0.378, , -0.325, -0.306, -0.344
1965, 5, -0.310, , -0.325, -0.306, -0.343
1965, 6, -0.308, , -0.324, -0.305, -0.343
1965, 7, -0.368, , -0.324, -0.305, -0.343
1965, 8, -0.323, , -0.324, -0.304, -0.343
1965, 9, -0.247, , -0.323, -0.304, -0.342
1965, 10, -0.301, , -0.323, -0.303, -0.342
1965, 11, -0.228, , -0.322, -0.303, -0.342
1965, 12, -0.194, , -0.322, -0.302, -0.342
1966, 1, -0.217, , -0.322, -0.302, -0.342
1966, 2, -0.307, , -0.321, -0.301, -0.341
1966, 3, -0.366, , -0.321, -0.301, -0.341
1966, 4, -0.335, , -0.321, -0.300, -0.341
1966, 5, -0.258, , -0.320, -0.300, -0.341
1966, 6, -0.286, , -0.320, -0.299, -0.340
1966, 7, -0.285, , -0.320, -0.299, -0.340
1966, 8, -0.339, , -0.319, -0.298, -0.340
1966, 9, -0.420, , -0.319, -0.298, -0.340
1966, 10, -0.380, , -0.318, -0.297, -0.340
1966, 11, -0.377, , -0.318, -0.297, -0.339
1966, 12, -0.365, , -0.318, -0.296, -0.339
1967, 1, -0.376, , -0.317, -0.296, -0.339
1967, 2, -0.320, , -0.317, -0.295, -0.339
1967, 3, -0.320, , -0.317, -0.295, -0.339
1967, 4, -0.235, , -0.316, -0.294, -0.338
1967, 5, -0.271, , -0.316, -0.293, -0.338
1967, 6, -0.219, , -0.315, -0.293, -0.338
1967, 7, -0.298, , -0.315, -0.292, -0.338
1967, 8, -0.262, , -0.315, -0.292, -0.338
1967, 9, -0.280, , -0.314, -0.291, -0.337
1967, 10, -0.355, , -0.314, -0.291, -0.337
1967, 11, -0.219, , -0.314, -0.290, -0.337
1967, 12, -0.197, , -0.313, -0.290, -0.337
1968, 1, -0.220, , -0.313, -0.289, -0.337
1968, 2, -0.283, , -0.312, -0.288, -0.337
1968, 3, -0.378, , -0.312, -0.288, -0.336
1968, 4, -0.302, , -0.312, -0.287, -0.336
1968, 5, -0.335, , -0.311, -0.287, -0.336
1968, 6, -0.302, , -0.311, -0.286, -0.336
1968, 7, -0.197, , -0.311, -0.286, -0.336
1968, 8, -0.226, , -0.310, -0.285, -0.336
1968, 9, -0.280, , -0.310, -0.284, -0.335
1968, 10, -0.313, , -0.310, -0.284, -0.335
1968, 11, -0.383, , -0.309, -0.283, -0.335
1968, 12, -0.340, , -0.309, -0.283, -0.335
1969, 1, -0.193, , -0.308, -0.282, -0.335
1969, 2, -0.155, , -0.308, -0.281, -0.335
1969, 3, -0.253, , -0.308, -0.281, -0.334
1969, 4, -0.268, , -0.307, -0.280, -0.334
1969, 5, -0.274, , -0.307, -0.280, -0.334
1969, 6, -0.234, , -0.307, -0.279, -0.334
1969, 7, -0.298, , -0.306, -0.279, -0.334
1969, 8, -0.220, , -0.306, -0.278, -0.334
1969, 9, -0.320, , -0.305, -0.277, -0.334
1969, 10, -0.169, , -0.305, -0.277, -0.333
1969, 11, -0.377, , -0.305, -0.276, -0.333
1969, 12, -0.328, , -0.304, -0.276, -0.333
1970, 1, -0.315, , -0.304, -0.275, -0.333
1970, 2, -0.344, , -0.304, -0.274, -0.333
1970, 3, -0.244, , -0.303, -0.274, -0.333
1970, 4, -0.229, , -0.303, -0.273, -0.333
1970, 5, -0.194, , -0.303, -0.273, -0.332
1970, 6, -0.289, , -0.302, -0.272, -0.332
1970, 7, -0.234, , -0.302, -0.271, -0.332
1970, 8, -0.189, , -0.301, -0.271, -0.332
1970, 9, -0.225, , -0.301, -0.270, -0.332
1970, 10, -0.197, , -0.301, -0.270, -0.332
1970, 11, -0.380, , -0.300, -0.269, -0.332
1970, 12, -0.176, , -0.300, -0.268, -0.331
1971, 1, -0.171, , -0.300, -0.268, -0.331
1971, 2, -0.219, , -0.299, -0.267, -0.331
1971, 3, -0.293, , -0.299, -0.267, -0.331
1971, 4, -0.253, , -0.298, -0.266, -0.331
1971, 5, -0.304, , -0.298, -0.265, -0.331
1971, 6, -0.369, , -0.298, -0.265, -0.331
1971, 7, -0.301, , -0.297, -0.264, -0.331
1971, 8, -0.284, , -0.297, -0.264, -0.330
1971, 9, -0.158, , -0.297, -0.263, -0.330
1971, 10, -0.218, , -0.296, -0.262, -0.330
1971, 11, -0.109, , -0.296, -0.262, -0.330
1971, 12, -0.051, , -0.295, -0.261, -0.330
1972, 1, -0.043, , -0.110, -0.087, -0.133
1972, 2, -0.210, , -0.110, -0.087, -0.133
1972, 3, -0.128, , -0.109, -0.087, -0.132
1972, 4, -0.067, , -0.109, -0.086, -0.132
1972, 5, -0.100, , -0.109, -0.086, -0.132
1972, 6, -0.064, , -0.108, -0.086, -0.131
1972, 7, 0.010, , -0.108, -0.085, -0.131
1972, 8, -0.150, , -0.108, -0.085, -0.130
1972, 9, -0.137, , -0.107, -0.085, -0.130
1972, 10, -0.060, , -0.107, -0.085, -0.129
1972, 11, -0.094, , -0.107, -0.084, -0.129
1972, 12, -0.084, , -0.106, -0.084, -0.128
1973, 1, -0.034, , -0.106, -0.084, -0.128
1973, 2, -0.054, , -0.105, -0.083, -0.128
1973, 3, 0.046, , -0.105, -0.083, -0.127
1973, 4, -0.018, , -0.105, -0.083, -0.127
1973, 5, -0.133, , -0.104, -0.082, -0.126
1973, 6, -0.085, , -0.104, -0.082, -0.126
1973, 7, -0.173, , -0.104, -0.082, -0.125
1973, 8, -0.092, , -0.103, -0.082, -0.125
1973, 9, -0.045, , -0.103, -0.081, -0.124
1973, 10, -0.032, U, -0.102, -0.081, -0.124
1973, 11, -0.008, , -0.102, -0.081, -0.123
1973, 12, -0.133, , -0.102, -0.080, -0.123
1974, 1, -0.025, , -0.101, -0.080, -0.123
1974, 2, -0.155, , -0.101, -0.080, -0.122
1974, 3, -0.052, , -0.101, -0.080, -0.122
1974, 4, 0.003, , -0.100, -0.079, -0.121
1974, 5, 0.031, , -0.100, -0.079, -0.121
1974, 6, -0.049, , -0.100, -0.079, -0.120
1974, 7, -0.133, , -0.099, -0.078, -0.120
1974, 8, -0.119, , -0.099, -0.078, -0.119
1974, 9, -0.112, , -0.098, -0.078, -0.119
1974, 10, -0.032, , -0.098, -0.078, -0.119
1974, 11, -0.075, , -0.098, -0.077, -0.118
1974, 12, -0.124, , -0.097, -0.077, -0.118
1975, 1, -0.022, , -0.097, -0.077, -0.117
1975, 2, -0.015, , -0.097, -0.076, -0.117
1975, 3, 0.024, , -0.096, -0.076, -0.116
1975, 4, 0.046, , -0.096, -0.076, -0.116
1975, 5, 0.016, , -0.095, -0.075, -0.115
1975, 6, -0.000, , -0.095, -0.075, -0.115
1975, 7, -0.017, , -0.095, -0.075, -0.115
1975, 8, -0.012, , -0.094, -0.075, -0.114
1975, 9, -0.000, , -0.094, -0.074, -0.114
1975, 10, -0.112, , -0.094, -0.074, -0.113
1975, 11, -0.027, , -0.093, -0.074, -0.113
1975, 12, -0.017, , -0.093, -0.073, -0.112
1976, 1, -0.144, , -0.092, -0.073, -0.112
1976, 2, -0.256, , -0.092, -0.073, -0.111
1976, 3, -0.076, , -0.092, -0.073, -0.111
1976, 4, -0.067, , -0.091, -0.072, -0.111
1976, 5, -0.161, , -0.091, -0.072, -0.110
1976, 6, -0.036, , -0.091, -0.072, -0.110
1976, 7, -0.087, , -0.090, -0.071, -0.109
1976, 8, -0.143, , -0.090, -0.071, -0.109
1976, 9, -0.219, , -0.090, -0.071, -0.108
1976, 10, -0.255, , -0.089, -0.070, -0.108
1976, 11, -0.234, , -0.089, -0.070, -0.107
1976, 12, -0.154, , -0.088, -0.070, -0.107
1977, 1, -0.162, , -0.088, -0.070, -0.107
1977, 2, -0.176, , -0.088, -0.069, -0.106
1977, 3, -0.073, , -0.087, -0.069, -0.106
1977, 4, -0.143, , -0.087, -0.069, -0.105
1977, 5, -0.054, , -0.087, -0.068, -0.105
1977, 6, -0.131, , -0.086, -0.068, -0.104
1977, 7, -0.115, , -0.086, -0.068, -0.104
1977, 8, -0.031, , -0.085, -0.067, -0.104
1977, 9, -0.082, , -0.085, -0.067, -0.103
1977, 10, -0.160, , -0.085, -0.067, -0.103
1977, 11, -0.118, , -0.084, -0.067, -0.102
1977, 12, -0.087, , -0.084, -0.066, -0.102
1978, 1, -0.089, , -0.084, -0.066, -0.101
1978, 2, -0.109, , -0.083, -0.066, -0.101
1978, 3, -0.207, , -0.083, -0.065, -0.100
1978, 4, -0.134, , -0.083, -0.065, -0.100
1978, 5, -0.091, , -0.082, -0.065, -0.100
1978, 6, -0.067, , -0.082, -0.064, -0.099
1978, 7, -0.106, , -0.081, -0.064, -0.099
1978, 8, -0.186, , -0.081, -0.064, -0.098
1978, 9, -0.100, , -0.081, -0.064, -0.098
1978, 10, -0.112, , -0.080, -0.063, -0.097
1978, 11, -0.051, , -0.080, -0.063, -0.097
1978, 12, -0.063, , -0.080, -0.063, -0.096
1979, 1, -0.162, , -0.079, -0.062, -0.096
1979, 2, -0.082, , -0.079, -0.062, -0.096
1979, 3, -0.091, , -0.078, -0.062, -0.095
1979, 4, 0.015, , -0.078, -0.061, -0.095
1979, 5, -0.072, , -0.078, -0.061, -0.094
1979, 6, -0.042, , -0.077, -0.061, -0.094
1979, 7, 0.050, , -0.077, -0.061, -0.093
1979, 8, -0.006, , -0.077, -0.060, -0.093
1979, 9, 0.070, , -0.076, -0.060, -0.093
1979, 10, -0.151, , -0.076, -0.060, -0.092
1979, 11, -0.109, , -0.076, -0.059, -0.092
1979, 12, -0.093, , -0.075, -0.059, -0.091
1980, 1, -0.010, , -0.075, -0.059, -0.091
1980, 2, -0.015, , -0.074, -0.058, -0.090
1980, 3, -0.049, , -0.074, -0.058, -0.090
1980, 4, -0.128, U, -0.074, -0.058, -0.090
1980, 5, -0.088, , -0.073, -0.057, -0.089
1980, 6, -0.146, , -0.073, -0.057, -0.089
1980, 7, -0.124, , -0.073, -0.057, -0.088
1980, 8, -0.018, , -0.072, -0.057, -0.088
1980, 9, -0.149, , -0.072, -0.056, -0.087
1980, 10, -0.237, , -0.071, -0.056, -0.087
1980, 11, -0.149, , -0.071, -0.056, -0.087
1980, 12, -0.124, , -0.071, -0.055, -0.086
1981, 1, -0.132, , -0.070, -0.055, -0.086
1981, 2, -0.121, , -0.070, -0.055, -0.085
1981, 3, -0.171, , -0.070, -0.054, -0.085
1981, 4, -0.097, , -0.069, -0.054, -0.084
1981, 5, -0.045, , -0.069, -0.054, -0.084
1981, 6, -0.003, , -0.068, -0.053, -0.083
1981, 7, 0.007, , -0.068, -0.053, -0.083
1981, 8, -0.037, , -0.068, -0.053, -0.083
1981, 9, -0.137, , -0.067, -0.053, -0.082
1981, 10, -0.109, , -0.067, -0.052, -0.082
1981, 11, -0.085, , -0.067, -0.052, -0.081
1981, 12, -0.039, , -0.066, -0.052, -0.081
1982, 1, -0.095, , -0.066, -0.051, -0.081
1982, 2, -0.067, , -0.066, -0.051, -0.080
1982, 3, -0.003, , -0.065, -0.051, -0.080
1982, 4, -0.030, , -0.065, -0.050, -0.079
1982, 5, -0.060, , -0.064, -0.050, -0.079
1982, 6, -0.134, , -0.064, -0.050, -0.078
1982, 7, -0.145, , -0.064, -0.049, -0.078
1982, 8, -0.143, , -0.063, -0.049, -0.078
1982, 9, -0.125, , -0.063, -0.049, -0.077
1982, 10, -0.060, , -0.063, -0.048, -0.077
1982, 11, 0.004, , -0.062, -0.048, -0.076
1982, 12, 0.092, , -0.062, -0.048, -0.076
1983, 1, 0.054, , -0.061, -0.047, -0.075
1983, 2, 0.058, , -0.061, -0.047, -0.075
1983, 3, 0.003, , -0.061, -0.047, -0.075
1983, 4, -0.085, , -0.060, -0.047, -0.074
1983, 5, 0.013, , -0.060, -0.046, -0.074
1983, 6, 0.009, , -0.060, -0.046, -0.073
1983, 7, 0.035, , -0.059, -0.046, -0.073
1983, 8, -0.006, , -0.059, -0.045, -0.072
1983, 9, -0.039, , -0.059, -0.045, -0.072
1983, 10, -0.026, , -0.058, -0.045, -0.072
1983, 11, -0.018, , -0.058, -0.044, -0.071
1983, 12, -0.045, , -0.057, -0.044, -0.071
1984, 1, 0.009, , -0.057, -0.044, -0.070
1984, 2, -0.097, , -0.057, -0.043, -0.070
1984, 3, -0.128, , -0.056, -0.043, -0.070
1984, 4, -0.134, , -0.056, -0.043, -0.069
1984, 5, -0.078, , -0.056, -0.042, -0.069
1984, 6, -0.055, , -0.055, -0.042, -0.068
1984, 7, -0.036, , -0.055, -0.042, -0.068
1984, 8, -0.040, , -0.054, -0.041, -0.068
1984, 9, -0.015, , -0.054, -0.041, -0.067
1984, 10, 0.047, , -0.054, -0.041, -0.067
1984, 11, 0.022, , -0.053, -0.040, -0.066
1984, 12, 0.089, , -0.053, -0.040, -0.066
1985, 1, -0.064, , -0.053, -0.040, -0.065
1985, 2, -0.048, , -0.052, -0.039, -0.065
1985, 3, 0.018, , -0.052, -0.039, -0.065
1985, 4, -0.027, , -0.051, -0.039, -0.064
1985, 5, -0.100, , -0.051, -0.038, -0.064
1985, 6, -0.088, , -0.051, -0.038, -0.063
1985, 7, -0.112, , -0.050, -0.038, -0.063
1985, 8, -0.064, , -0.050, -0.037, -0.063
1985, 9, -0.000, , -0.050, -0.037, -0.062
1985, 10, -0.041, , -0.049, -0.037, -0.062
1985, 11, 0.037, , -0.049, -0.036, -0.061
1985, 12, -0.020, , -0.049, -0.036, -0.061
1986, 1, -0.043, , -0.048, -0.036, -0.061
1986, 2, -0.024, , -0.048, -0.035, -0.060
1986, 3, -0.094, , -0.047, -0.035, -0.060
1986, 4, -0.006, , -0.047, -0.035, -0.059
1986, 5, 0.022, , -0.047, -0.034, -0.059
1986, 6, -0.021, , -0.046, -0.034, -0.059
1986, 7, -0.121, , -0.046, -0.034, -0.058
1986, 8, -0.134, , -0.046, -0.033, -0.058
1986, 9, -0.073, , -0.045, -0.033, -0.057
1986, 10, 0.019, , -0.045, -0.033, -0.057
1986, 11, 0.056, , -0.044, -0.032, -0.057
1986, 12, 0.074, , -0.044, -0.032, -0.056
1987, 1, -0.062, , -0.044, -0.032, -0.056
1987, 2, -0.018, , -0.043, -0.031, -0.055
1987, 3, 0.067, , -0.043, -0.031, -0.055
1987, 4, -0.244, , -0.043, -0.031, -0.055
1987, 5, -0.133, , -0.042, -0.030, -0.054
1987, 6, -0.003, , -0.042, -0.030, -0.054
1987, 7, 0.065, , -0.042, -0.030, -0.053
1987, 8, -0.116, , -0.041, -0.029, -0.053
1987, 9, -0.155, , -0.041, -0.029, -0.053
1987, 10, -0.142, , -0.040, -0.029, -0.052
1987, 11, -0.024, , -0.040, -0.028, -0.052
1987, 12, -0.014, , -0.040, -0.028, -0.051
1988, 1, -0.034, , -0.039, -0.027, -0.051
1988, 2, -0.048, , -0.039, -0.027, -0.051
1988, 3, -0.110, , -0.039, -0.027, -0.050
1988, 4, -0.125, , -0.038, -0.026, -0.050
1988, 5, -0.124, , -0.038, -0.026, -0.050
1988, 6, -0.036, , -0.037, -0.026, -0.049
1988, 7, -0.026, , -0.037, -0.025, -0.049
1988, 8, -0.092, , -0.037, -0.025, -0.048
1988, 9, -0.012, , -0.036, -0.025, -0.048
1988, 10, -0.102, , -0.036, -0.024, -0.048
1988, 11, -0.097, , -0.036, -0.024, -0.047
1988, 12, -0.066, , -0.035, -0.024, -0.047
1989, 1, 0.042, , -0.035, -0.023, -0.046
1989, 2, -0.027, , -0.034, -0.023, -0.046
1989, 3, -0.076, , -0.034, -0.022, -0.046
1989, 4, -0.064, , -0.034, -0.022, -0.045
1989, 5, -0.078, , -0.033, -0.022, -0.045
1989, 6, -0.009, , -0.033, -0.021, -0.045
1989, 7, -0.020, , -0.033, -0.021, -0.044
1989, 8, 0.024, , -0.032, -0.021, -0.044
1989, 9, -0.042, , -0.032, -0.020, -0.043
1989, 10, -0.078, , -0.032, -0.020, -0.043
1989, 11, -0.057, , -0.031, -0.020, -0.043
1989, 12, -0.218, , -0.031, -0.019, -0.042
1990, 1, -0.104, , -0.030, -0.019, -0.042
1990, 2, -0.006, , -0.030, -0.018, -0.042
1990, 3, 0.092, , -0.030, -0.018, -0.041
1990, 4, 0.058, , -0.029, -0.018, -0.041
1990, 5, 0.098, , -0.029, -0.017, -0.041
1990, 6, -0.027, , -0.029, -0.017, -0.040
1990, 7, 0.013, , -0.028, -0.017, -0.040
1990, 8, -0.003, , -0.028, -0.016, -0.039
1990, 9, -0.115, , -0.027, -0.016, -0.039
1990, 10, -0.063, , -0.027, -0.015, -0.039
1990, 11, 0.065, , -0.027, -0.015, -0.038
1990, 12, 0.016, , -0.026, -0.015, -0.038
1991, 1, 0.097, , -0.026, -0.014, -0.038
1991, 2, -0.012, , -0.026, -0.014, -0.037
1991, 3, 0.012, , -0.025, -0.014, -0.037
1991, 4, 0.146, , -0.025, -0.013, -0.037
1991, 5, 0.196, , -0.025, -0.013, -0.036
1991, 6, 0.064, , -0.024, -0.012, -0.036
1991, 7, -0.023, , -0.024, -0.012, -0.035
1991, 8, -0.055, , -0.023, -0.012, -0.035
1991, 9, 0.025, , -0.023, -0.011, -0.035
1991, 10, -0.008, , -0.023, -0.011, -0.034
1991, 11, -0.005, , -0.022, -0.011, -0.034
1991, 12, 0.071, , -0.022, -0.010, -0.034
1992, 1, 0.088, , -0.022, -0.010, -0.033
1992, 2, 0.074, , -0.021, -0.009, -0.033
1992, 3, -0.015, , -0.021, -0.009, -0.033
1992, 4, -0.003, , -0.020, -0.009, -0.032
1992, 5, -0.091, , -0.020, -0.008, -0.032
1992, 6, -0.067, , -0.020, -0.008, -0.032
1992, 7, -0.039, , -0.019, -0.007, -0.031
1992, 8, -0.015, , -0.019, -0.007, -0.031
1992, 9, -0.018, , -0.019, -0.007, -0.031
1992, 10, 0.026, , -0.018, -0.006, -0.030
1992, 11, -0.008, , -0.018, -0.006, -0.030
1992, 12, 0.056, , -0.017, -0.005, -0.029
1993, 1, 0.088, , -0.017, -0.005, -0.029
1993, 2, 0.071, , -0.017, -0.005, -0.029
1993, 3, -0.052, , -0.016, -0.004, -0.028
1993, 4, -0.058, , -0.016, -0.004, -0.028
1993, 5, -0.014, , -0.016, -0.003, -0.028
1993, 6, 0.058, , -0.015, -0.003, -0.027
1993, 7, -0.066, , -0.015, -0.003, -0.027
1993, 8, -0.119, , -0.015, -0.002, -0.027
1993, 9, -0.131, , -0.014, -0.002, -0.026
1993, 10, -0.048, , -0.014, -0.002, -0.026
1993, 11, -0.048, , -0.013, -0.001, -0.026
1993, 12, -0.039, , -0.013, -0.001, -0.025
1994, 1, -0.034, , -0.013, -0.000, -0.025
1994, 2, -0.012, , -0.012, 0.000, -0.025
1994, 3, -0.064, , -0.012, 0.001, -0.024
1994, 4, 0.031, , -0.012, 0.001, -0.024
1994, 5, -0.054, , -0.011, 0.001, -0.024
1994, 6, -0.073, , -0.011, 0.002, -0.023
1994, 7, -0.058, , -0.010, 0.002, -0.023
1994, 8, -0.000, , -0.010, 0.003, -0.023
1994, 9, -0.084, , -0.010, 0.003, -0.022
1994, 10, 0.047, , -0.009, 0.003, -0.022
1994, 11, 0.043, , -0.009, 0.004, -0.022
1994, 12, 0.057, , -0.009, 0.004, -0.021
1995, 1, -0.098, , -0.008, 0.005, -0.021
1995, 2, -0.134, , -0.008, 0.005, -0.021
1995, 3, 0.106, , -0.008, 0.005, -0.020
1995, 4, 0.122, , -0.007, 0.006, -0.020
1995, 5, 0.059, , -0.007, 0.006, -0.020
1995, 6, 0.012, , -0.006, 0.007, -0.019
1995, 7, 0.020, , -0.006, 0.007, -0.019
1995, 8, 0.206, , -0.006, 0.007, -0.019
1995, 9, 0.093, , -0.005, 0.008, -0.018
1995, 10, 0.130, , -0.005, 0.008, -0.018
1995, 11, -0.005, , -0.005, 0.009, -0.018
1995, 12, -0.006, , -0.004, 0.009, -0.017
1996, 1, -0.083, , -0.004, 0.010, -0.017
1996, 2, -0.069, , -0.003, 0.010, -0.017
1996, 3, -0.072, , -0.003, 0.010, -0.016
1996, 4, -0.074, , -0.003, 0.011, -0.016
1996, 5, -0.074, , -0.002, 0.011, -0.016
1996, 6, -0.125, , -0.002, 0.012, -0.016
1996, 7, -0.045, , -0.002, 0.012, -0.015
1996, 8, 0.006, , -0.001, 0.012, -0.015
1996, 9, -0.119, , -0.001, 0.013, -0.015
1996, 10, 0.186, , -0.000, 0.013, -0.014
1996, 11, 0.108, , -0.000, 0.014, -0.014
1996, 12, 0.045, , 0.000, 0.014, -0.014
1997, 1, 0.082, , 0.001, 0.015, -0.013
1997, 2, 0.116, , 0.001, 0.015, -0.013
1997, 3, 0.091, , 0.001, 0.015, -0.013
1997, 4, 0.132, , 0.002, 0.016, -0.012
1997, 5, -0.000, , 0.002, 0.016, -0.012
1997, 6, -0.027, , 0.002, 0.017, -0.012
1997, 7, -0.022, , 0.003, 0.017, -0.011
1997, 8, -0.022, , 0.003, 0.017, -0.011
1997, 9, -0.051, , 0.004, 0.018, -0.011
1997, 10, 0.030, , 0.004, 0.018, -0.010
1997, 11, -0.082, , 0.004, 0.019, -0.010
1997, 12, -0.139, , 0.005, 0.019, -0.010
1998, 1, -0.015, , 0.005, 0.020, -0.010
1998, 2, 0.071, , 0.005, 0.020, -0.009
1998, 3, 0.027, , 0.006, 0.020, -0.009
1998, 4, 0.049, , 0.006, 0.021, -0.009
1998, 5, 0.013, , 0.007, 0.021, -0.008
1998, 6, 0.003, , 0.007, 0.022, -0.008
1998, 7, -0.051, , 0.007, 0.022, -0.008
1998, 8, 0.053, , 0.008, 0.023, -0.007
1998, 9, 0.266, , 0.008, 0.023, -0.007
1998, 10, 0.113, , 0.008, 0.023, -0.007
1998, 11, 0.049, , 0.009, 0.024, -0.006
1998, 12, 0.013, , 0.009, 0.024, -0.006
1999, 1, 0.028, , 0.009, 0.025, -0.006
1999, 2, 0.076, , 0.010, 0.025, -0.005
1999, 3, 0.079, , 0.010, 0.026, -0.005
1999, 4, 0.040, , 0.011, 0.026, -0.005
1999, 5, 0.056, , 0.011, 0.026, -0.005
1999, 6, 0.034, , 0.011, 0.027, -0.004
1999, 7, 0.061, , 0.012, 0.027, -0.004
1999, 8, -0.046, , 0.012, 0.028, -0.004
1999, 9, -0.042, , 0.012, 0.028, -0.003
1999, 10, -0.021, , 0.013, 0.029, -0.003
1999, 11, -0.062, , 0.013, 0.029, -0.003
1999, 12, -0.047, , 0.014, 0.029, -0.002
2000, 1, -0.050, , 0.014, 0.030, -0.002
2000, 2, -0.045, , 0.014, 0.030, -0.002
2000, 3, 0.010, , 0.015, 0.031, -0.001
2000, 4, -0.061, , 0.015, 0.031, -0.001
2000, 5, -0.011, , 0.015, 0.032, -0.001
2000, 6, -0.012, , 0.016, 0.032, -0.001
2000, 7, -0.039, , 0.016, 0.033, -0.000
2000, 8, -0.064, , 0.017, 0.033, 0.000
2000, 9, -0.110, , 0.017, 0.033, 0.000
2000, 10, -0.023, , 0.017, 0.034, 0.001
2000, 11, 0.007, , 0.018, 0.034, 0.001
2000, 12, -0.084, , 0.018, 0.035, 0.001
2001, 1, -0.121, , 0.018, 0.035, 0.002
2001, 2, -0.065, , 0.019, 0.036, 0.002
2001, 3, -0.080, , 0.019, 0.036, 0.002
2001, 4, 0.018, , 0.019, 0.036, 0.002
2001, 5, -0.056, , 0.020, 0.037, 0.003
2001, 6, -0.070, , 0.020, 0.037, 0.003
2001, 7, -0.019, , 0.021, 0.038, 0.003
2001, 8, 0.006, , 0.021, 0.038, 0.004
2001, 9, -0.067, , 0.021, 0.039, 0.004
2001, 10, 0.028, , 0.022, 0.039, 0.004
2001, 11, 0.046, , 0.022, 0.040, 0.005
2001, 12, 0.040, , 0.022, 0.040, 0.005
2002, 1, -0.036, , 0.023, 0.040, 0.005
2002, 2, -0.014, , 0.023, 0.041, 0.005
2002, 3, 0.072, , 0.024, 0.041, 0.006
2002, 4, 0.045, , 0.024, 0.042, 0.006
2002, 5, 0.057, , 0.024, 0.042, 0.006
2002, 6, 0.084, , 0.025, 0.043, 0.007
2002, 7, 0.035, , 0.025, 0.043, 0.007
2002, 8, 0.104, , 0.025, 0.043, 0.007
2002, 9, 0.172, , 0.026, 0.044, 0.008
2002, 10, 0.071, , 0.026, 0.044, 0.008
2002, 11, -0.048, , 0.026, 0.045, 0.008
2002, 12, -0.046, , 0.027, 0.045, 0.008
2003, 1, -0.092, , 0.027, 0.046, 0.009
2003, 2, 0.003, , 0.028, 0.046, 0.009
2003, 3, 0.035, , 0.028, 0.047, 0.009
2003, 4, -0.060, , 0.028, 0.047, 0.010
2003, 5, -0.048, , 0.029, 0.047, 0.010
2003, 6, -0.056, , 0.029, 0.048, 0.010
2003, 7, 0.080, , 0.029, 0.048, 0.011
2003, 8, -0.002, , 0.030, 0.049, 0.011
2003, 9, 0.058, , 0.030, 0.049, 0.011
2003, 10, 0.050, , 0.031, 0.050, 0.011
2003, 11, 0.056, , 0.031, 0.050, 0.012
2003, 12, 0.006, , 0.031, 0.051, 0.012
2004, 1, 0.060, , 0.032, 0.051, 0.012
2004, 2, 0.060, , 0.032, 0.051, 0.013
2004, 3, 0.068, , 0.032, 0.052, 0.013
2004, 4, -0.041, , 0.033, 0.052, 0.013
2004, 5, 0.053, , 0.033, 0.053, 0.014
2004, 6, 0.026, , 0.034, 0.053, 0.014
2004, 7, 0.013, , 0.034, 0.054, 0.014
2004, 8, 0.001, , 0.034, 0.054, 0.014
2004, 9, 0.020, , 0.035, 0.055, 0.015
2004, 10, -0.037, , 0.035, 0.055, 0.015
2004, 11, 0.074, , 0.035, 0.055, 0.015
2004, 12, 0.006, , 0.036, 0.056, 0.016
2005, 1, 0.115, , 0.036, 0.056, 0.016
2005, 2, 0.210, , 0.036, 0.057, 0.016
2005, 3, 0.011, , 0.037, 0.057, 0.016
2005, 4, -0.045, , 0.037, 0.058, 0.017
2005, 5, -0.010, , 0.038, 0.058, 0.017
2005, 6, 0.093, , 0.038, 0.059, 0.017
2005, 7, 0.118, , 0.038, 0.059, 0.018
2005, 8, 0.021, , 0.039, 0.059, 0.018
2005, 9, 0.052, , 0.039, 0.060, 0.018
2005, 10, 0.016, , 0.039, 0.060, 0.019
2005, 11, -0.097, , 0.040, 0.061, 0.019
2005, 12, -0.055, , 0.040, 0.061, 0.019
2006, 1, -0.128, , 0.041, 0.062, 0.019
2006, 2, -0.050, , 0.041, 0.062, 0.020
2006, 3, 0.041, , 0.041, 0.063, 0.020
2006, 4, -0.038, , 0.042, 0.063, 0.020
2006, 5, -0.085, , 0.042, 0.063, 0.021
2006, 6, -0.066, , 0.042, 0.064, 0.021
2006, 7, -0.001, , 0.043, 0.064, 0.021
2006, 8, -0.018, , 0.043, 0.065, 0.021
2006, 9, -0.078, , 0.043, 0.065, 0.022
2006, 10, 0.024, , 0.044, 0.066, 0.022
2006, 11, -0.026, , 0.044, 0.066, 0.022
2006, 12, -0.005, , 0.045, 0.067, 0.023
2007, 1, 0.070, , 0.045, 0.067, 0.023
2007, 2, -0.012, , 0.045, 0.067, 0.023
2007, 3, 0.041, , 0.046, 0.068, 0.023
2007, 4, 0.071, , 0.046, 0.068, 0.024
2007, 5, 0.118, , 0.046, 0.069, 0.024
2007, 6, 0.079, , 0.047, 0.069, 0.024
2007, 7, 0.085, , 0.047, 0.070, 0.025
2007, 8, 0.109, , 0.048, 0.070, 0.025
2007, 9, 0.041, , 0.048, 0.071, 0.025
2007, 10, 0.101, , 0.048, 0.071, 0.025
2007, 11, 0.018, , 0.049, 0.072, 0.026
2007, 12, 0.005, , 0.049, 0.072, 0.026
2008, 1, 0.116, , 0.049, 0.072, 0.026
2008, 2, 0.027, , 0.050, 0.073, 0.027
2008, 3, , , 0.050, 0.073, 0.027
2008, 4, , , 0.051, 0.074, 0.027
2008, 5, , , 0.051, 0.074, 0.028
2008, 6, , , 0.051, 0.075, 0.028
2008, 7, , , 0.052, 0.075, 0.028
2008, 8, , , 0.052, 0.076, 0.028
2008, 9, , , 0.052, 0.076, 0.029
2008, 10, , , 0.053, 0.076, 0.029
2008, 11, , , 0.053, 0.077, 0.029
2008, 12, , , 0.053, 0.077, 0.030
2009, 1, , , 0.054, 0.078, 0.030
2009, 2, , , 0.054, 0.078, 0.030
2009, 3, , , 0.055, 0.079, 0.030
2009, 4, , , 0.055, 0.079, 0.031
2009, 5, , , 0.055, 0.080, 0.031
2009, 6, , , 0.056, 0.080, 0.031
2009, 7, , , 0.056, 0.081, 0.032
2009, 8, , , 0.056, 0.081, 0.032
2009, 9, , , 0.057, 0.081, 0.032
2009, 10, , , 0.057, 0.082, 0.032
2009, 11, , , 0.058, 0.082, 0.033
2009, 12, , , 0.058, 0.083, 0.033
2010, 1, , , 0.058, 0.083, 0.033
2010, 2, , , 0.059, 0.084, 0.034
2010, 3, , , 0.059, 0.084, 0.034
2010, 4, , , 0.059, 0.085, 0.034
2010, 5, , , 0.060, 0.085, 0.034
2010, 6, , , 0.060, 0.086, 0.035
2010, 7, , , 0.060, 0.086, 0.035
2010, 8, , , 0.061, 0.086, 0.035
2010, 9, , , 0.061, 0.087, 0.036
2010, 10, , , 0.062, 0.087, 0.036
2010, 11, , , 0.062, 0.088, 0.036
2010, 12, , , 0.062, 0.088, 0.036
2011, 1, , , 0.063, 0.089, 0.037
2011, 2, , , 0.063, 0.089, 0.037
2011, 3, , , 0.063, 0.090, 0.037
2011, 4, , , 0.064, 0.090, 0.038
2011, 5, , , 0.064, 0.090, 0.038
2011, 6, , , 0.065, 0.091, 0.038
2011, 7, , , 0.065, 0.091, 0.038
2011, 8, , , 0.065, 0.092, 0.039
2011, 9, , , 0.066, 0.092, 0.039
2011, 10, , , 0.066, 0.093, 0.039
2011, 11, , , 0.066, 0.093, 0.040
2011, 12, , , 0.067, 0.094, 0.040
2012, 1, , , 0.067, 0.094, 0.040
2012, 2, , , 0.068, 0.095, 0.040
2012, 3, , , 0.068, 0.095, 0.041
2012, 4, , , 0.068, 0.095, 0.041
2012, 5, , , 0.069, 0.096, 0.041
2012, 6, , , 0.069, 0.096, 0.042
2012, 7, , , 0.069, 0.097, 0.042
2012, 8, , , 0.070, 0.097, 0.042
2012, 9, , , 0.070, 0.098, 0.042
2012, 10, , , 0.070, 0.098, 0.043
2012, 11, , , 0.071, 0.099, 0.043
2012, 12, , , 0.071, 0.099, 0.043
2013, 1, , , 0.072, 0.100, 0.044
2013, 2, , , 0.072, 0.100, 0.044
2013, 3, , , 0.072, 0.100, 0.044
2013, 4, , , 0.073, 0.101, 0.044
2013, 5, , , 0.073, 0.101, 0.045
2013, 6, , , 0.073, 0.102, 0.045
2013, 7, , , 0.074, 0.102, 0.045
2013, 8, , , 0.074, 0.103, 0.046
2013, 9, , , 0.075, 0.103, 0.046
2013, 10, , , 0.075, 0.104, 0.046
2013, 11, , , 0.075, 0.104, 0.046
2013, 12, , , 0.076, 0.105, 0.047
2014, 1, , , 0.076, 0.105, 0.047
2014, 2, , , 0.076, 0.105, 0.047
2014, 3, , , 0.077, 0.106, 0.048
2014, 4, , , 0.077, 0.106, 0.048
2014, 5, , , 0.077, 0.107, 0.048
2014, 6, , , 0.078, 0.107, 0.048
2014, 7, , , 0.078, 0.108, 0.049
2014, 8, , , 0.079, 0.108, 0.049
2014, 9, , , 0.079, 0.109, 0.049
2014, 10, , , 0.079, 0.109, 0.050
2014, 11, , , 0.080, 0.110, 0.050
2014, 12, , , 0.080, 0.110, 0.050
2015, 1, , , 0.080, 0.110, 0.050
2015, 2, , , 0.081, 0.111, 0.051
2015, 3, , , 0.081, 0.111, 0.051
2015, 4, , , 0.082, 0.112, 0.051
2015, 5, , , 0.082, 0.112, 0.052
2015, 6, , , 0.082, 0.113, 0.052
2015, 7, , , 0.083, 0.113, 0.052
2015, 8, , , 0.083, 0.114, 0.052
2015, 9, , , 0.083, 0.114, 0.053
2015, 10, , , 0.084, 0.115, 0.053
2015, 11, , , 0.084, 0.115, 0.053
2015, 12, , , 0.085, 0.115, 0.054
2016, 1, , , 0.085, 0.116, 0.054
2016, 2, , , 0.085, 0.116, 0.054
2016, 3, , , 0.086, 0.117, 0.054
2016, 4, , , 0.086, 0.117, 0.055
2016, 5, , , 0.086, 0.118, 0.055
2016, 6, , , 0.087, 0.118, 0.055
2016, 7, , , 0.087, 0.119, 0.056
2016, 8, , , 0.087, 0.119, 0.056
2016, 9, , , 0.088, 0.120, 0.056
2016, 10, , , 0.088, 0.120, 0.056
2016, 11, , , 0.089, 0.120, 0.057
2016, 12, , , 0.089, 0.121, 0.057
2017, 1, , , 0.089, 0.121, 0.057
2017, 2, , , 0.090, 0.122, 0.058
2017, 3, , , 0.090, 0.122, 0.058
2017, 4, , , 0.090, 0.123, 0.058
2017, 5, , , 0.091, 0.123, 0.058
2017, 6, , , 0.091, 0.124, 0.059
2017, 7, , , 0.092, 0.124, 0.059
2017, 8, , , 0.092, 0.125, 0.059
2017, 9, , , 0.092, 0.125, 0.060
2017, 10, , , 0.093, 0.125, 0.060
2017, 11, , , 0.093, 0.126, 0.060
2017, 12, , , 0.093, 0.126, 0.060
2018, 1, , , 0.094, 0.127, 0.061
2018, 2, , , 0.094, 0.127, 0.061
2018, 3, , , 0.094, 0.128, 0.061
2018, 4, , , 0.095, 0.128, 0.061
2018, 5, , , 0.095, 0.129, 0.062
2018, 6, , , 0.096, 0.129, 0.062
2018, 7, , , 0.096, 0.130, 0.062
2018, 8, , , 0.096, 0.130, 0.063
2018, 9, , , 0.097, 0.130, 0.063
2018, 10, , , 0.097, 0.131, 0.063
2018, 11, , , 0.097, 0.131, 0.063
2018, 12, , , 0.098, 0.132, 0.064
2019, 1, , , 0.098, 0.132, 0.064
2019, 2, , , 0.099, 0.133, 0.064
2019, 3, , , 0.099, 0.133, 0.065
2019, 4, , , 0.099, 0.134, 0.065
2019, 5, , , 0.100, 0.134, 0.065
2019, 6, , , 0.100, 0.135, 0.065
2019, 7, , , 0.100, 0.135, 0.066
2019, 8, , , 0.101, 0.136, 0.066
2019, 9, , , 0.101, 0.136, 0.066
2019, 10, , , 0.101, 0.136, 0.067
2019, 11, , , 0.102, 0.137, 0.067
2019, 12, , , 0.102, 0.137, 0.067
2020, 1, , , 0.103, 0.138, 0.067
2020, 2, , , 0.103, 0.138, 0.068
2020, 3, , , 0.103, 0.139, 0.068
2020, 4, , , 0.104, 0.139, 0.068
2020, 5, , , 0.104, 0.140, 0.069
2020, 6, , , 0.104, 0.140, 0.069
2020, 7, , , 0.105, 0.141, 0.069
2020, 8, , , 0.105, 0.141, 0.069
2020, 9, , , 0.106, 0.141, 0.070
2020, 10, , , 0.106, 0.142, 0.070
2020, 11, , , 0.106, 0.142, 0.070
2020, 12, , , 0.107, 0.143, 0.071
