Year, Month, Monthly_MSL, Unverified, Linear_Trend, High_Conf., Low_Conf.
1900, 1, , , 1.453, 1.481, 1.424
1900, 2, , , 1.451, 1.480, 1.423
1900, 3, , , 1.450, 1.479, 1.422
1900, 4, , , 1.449, 1.478, 1.421
1900, 5, , , 1.448, 1.477, 1.420
1900, 6, , , 1.447, 1.476, 1.419
1900, 7, , , 1.446, 1.474, 1.418
1900, 8, , , 1.445, 1.473, 1.417
1900, 9, , , 1.444, 1.472, 1.415
1900, 10, , , 1.443, 1.471, 1.414
1900, 11, , , 1.442, 1.470, 1.413
1900, 12, , , 1.441, 1.469, 1.412
1901, 1, , , 1.439, 1.468, 1.411
1901, 2, , , 1.438, 1.467, 1.410
1901, 3, , , 1.437, 1.465, 1.409
1901, 4, , , 1.436, 1.464, 1.408
1901, 5, , , 1.435, 1.463, 1.407
1901, 6, , , 1.434, 1.462, 1.406
1901, 7, , , 1.433, 1.461, 1.405
1901, 8, , , 1.432, 1.460, 1.404
1901, 9, , , 1.431, 1.459, 1.403
1901, 10, , , 1.430, 1.458, 1.402
1901, 11, , , 1.428, 1.456, 1.401
1901, 12, , , 1.427, 1.455, 1.399
1902, 1, , , 1.426, 1.454, 1.398
1902, 2, , , 1.425, 1.453, 1.397
1902, 3, , , 1.424, 1.452, 1.396
1902, 4, , , 1.423, 1.451, 1.395
1902, 5, , , 1.422, 1.450, 1.394
1902, 6, , , 1.421, 1.449, 1.393
1902, 7, , , 1.420, 1.447, 1.392
1902, 8, , , 1.419, 1.446, 1.391
1902, 9, , , 1.418, 1.445, 1.390
1902, 10, , , 1.416, 1.444, 1.389
1902, 11, , , 1.415, 1.443, 1.388
1902, 12, , , 1.414, 1.442, 1.387
1903, 1, , , 1.413, 1.441, 1.386
1903, 2, , , 1.412, 1.440, 1.385
1903, 3, , , 1.411, 1.438, 1.383
1903, 4, , , 1.410, 1.437, 1.382
1903, 5, , , 1.409, 1.436, 1.381
1903, 6, , , 1.408, 1.435, 1.380
1903, 7, , , 1.407, 1.434, 1.379
1903, 8, , , 1.405, 1.433, 1.378
1903, 9, , , 1.404, 1.432, 1.377
1903, 10, , , 1.403, 1.431, 1.376
1903, 11, , , 1.402, 1.429, 1.375
1903, 12, , , 1.401, 1.428, 1.374
1904, 1, , , 1.400, 1.427, 1.373
1904, 2, , , 1.399, 1.426, 1.372
1904, 3, , , 1.398, 1.425, 1.371
1904, 4, , , 1.397, 1.424, 1.370
1904, 5, , , 1.396, 1.423, 1.369
1904, 6, , , 1.395, 1.422, 1.367
1904, 7, , , 1.393, 1.421, 1.366
1904, 8, , , 1.392, 1.419, 1.365
1904, 9, , , 1.391, 1.418, 1.364
1904, 10, , , 1.390, 1.417, 1.363
1904, 11, , , 1.389, 1.416, 1.362
1904, 12, , , 1.388, 1.415, 1.361
1905, 1, , , 1.387, 1.414, 1.360
1905, 2, , , 1.386, 1.413, 1.359
1905, 3, , , 1.385, 1.412, 1.358
1905, 4, , , 1.384, 1.410, 1.357
1905, 5, , , 1.383, 1.409, 1.356
1905, 6, , , 1.381, 1.408, 1.355
1905, 7, , , 1.380, 1.407, 1.354
1905, 8, , , 1.379, 1.406, 1.353
1905, 9, , , 1.378, 1.405, 1.351
1905, 10, , , 1.377, 1.404, 1.350
1905, 11, , , 1.376, 1.403, 1.349
1905, 12, , , 1.375, 1.401, 1.348
1906, 1, , , 1.374, 1.400, 1.347
1906, 2, , , 1.373, 1.399, 1.346
1906, 3, , , 1.372, 1.398, 1.345
1906, 4, , , 1.370, 1.397, 1.344
1906, 5, , , 1.369, 1.396, 1.343
1906, 6, , , 1.368, 1.395, 1.342
1906, 7, , , 1.367, 1.394, 1.341
1906, 8, , , 1.366, 1.392, 1.340
1906, 9, , , 1.365, 1.391, 1.339
1906, 10, , , 1.364, 1.390, 1.338
1906, 11, , , 1.363, 1.389, 1.337
1906, 12, , , 1.362, 1.388, 1.335
1907, 1, , , 1.361, 1.387, 1.334
1907, 2, , , 1.360, 1.386, 1.333
1907, 3, , , 1.358, 1.385, 1.332
1907, 4, , , 1.357, 1.383, 1.331
1907, 5, , , 1.356, 1.382, 1.330
1907, 6, , , 1.355, 1.381, 1.329
1907, 7, , , 1.354, 1.380, 1.328
1907, 8, , , 1.353, 1.379, 1.327
1907, 9, , , 1.352, 1.378, 1.326
1907, 10, , , 1.351, 1.377, 1.325
1907, 11, , , 1.350, 1.376, 1.324
1907, 12, , , 1.349, 1.374, 1.323
1908, 1, , , 1.347, 1.373, 1.322
1908, 2, , , 1.346, 1.372, 1.321
1908, 3, , , 1.345, 1.371, 1.319
1908, 4, , , 1.344, 1.370, 1.318
1908, 5, , , 1.343, 1.369, 1.317
1908, 6, , , 1.342, 1.368, 1.316
1908, 7, , , 1.341, 1.367, 1.315
1908, 8, , , 1.340, 1.365, 1.314
1908, 9, , , 1.339, 1.364, 1.313
1908, 10, , , 1.338, 1.363, 1.312
1908, 11, , , 1.337, 1.362, 1.311
1908, 12, , , 1.335, 1.361, 1.310
1909, 1, , , 1.334, 1.360, 1.309
1909, 2, , , 1.333, 1.359, 1.308
1909, 3, , , 1.332, 1.358, 1.307
1909, 4, , , 1.331, 1.357, 1.306
1909, 5, , , 1.330, 1.355, 1.305
1909, 6, , , 1.329, 1.354, 1.303
1909, 7, , , 1.328, 1.353, 1.302
1909, 8, , , 1.327, 1.352, 1.301
1909, 9, , , 1.326, 1.351, 1.300
1909, 10, , , 1.324, 1.350, 1.299
1909, 11, , , 1.323, 1.349, 1.298
1909, 12, , , 1.322, 1.348, 1.297
1910, 1, , , 1.321, 1.346, 1.296
1910, 2, , , 1.320, 1.345, 1.295
1910, 3, , , 1.319, 1.344, 1.294
1910, 4, , , 1.318, 1.343, 1.293
1910, 5, , , 1.317, 1.342, 1.292
1910, 6, , , 1.316, 1.341, 1.291
1910, 7, , , 1.315, 1.340, 1.290
1910, 8, , , 1.314, 1.339, 1.289
1910, 9, , , 1.312, 1.337, 1.287
1910, 10, , , 1.311, 1.336, 1.286
1910, 11, , , 1.310, 1.335, 1.285
1910, 12, , , 1.309, 1.334, 1.284
1911, 1, , , 1.308, 1.333, 1.283
1911, 2, , , 1.307, 1.332, 1.282
1911, 3, , , 1.306, 1.331, 1.281
1911, 4, , , 1.305, 1.330, 1.280
1911, 5, , , 1.304, 1.328, 1.279
1911, 6, , , 1.303, 1.327, 1.278
1911, 7, , , 1.301, 1.326, 1.277
1911, 8, , , 1.300, 1.325, 1.276
1911, 9, , , 1.299, 1.324, 1.275
1911, 10, , , 1.298, 1.323, 1.274
1911, 11, , , 1.297, 1.322, 1.273
1911, 12, , , 1.296, 1.321, 1.271
1912, 1, , , 1.295, 1.319, 1.270
1912, 2, , , 1.294, 1.318, 1.269
1912, 3, , , 1.293, 1.317, 1.268
1912, 4, , , 1.292, 1.316, 1.267
1912, 5, , , 1.291, 1.315, 1.266
1912, 6, , , 1.289, 1.314, 1.265
1912, 7, , , 1.288, 1.313, 1.264
1912, 8, , , 1.287, 1.312, 1.263
1912, 9, , , 1.286, 1.310, 1.262
1912, 10, , , 1.285, 1.309, 1.261
1912, 11, , , 1.284, 1.308, 1.260
1912, 12, , , 1.283, 1.307, 1.259
1913, 1, , , 1.282, 1.306, 1.258
1913, 2, , , 1.281, 1.305, 1.257
1913, 3, , , 1.280, 1.304, 1.255
1913, 4, , , 1.279, 1.303, 1.254
1913, 5, , , 1.277, 1.301, 1.253
1913, 6, , , 1.276, 1.300, 1.252
1913, 7, , , 1.275, 1.299, 1.251
1913, 8, , , 1.274, 1.298, 1.250
1913, 9, , , 1.273, 1.297, 1.249
1913, 10, , , 1.272, 1.296, 1.248
1913, 11, , , 1.271, 1.295, 1.247
1913, 12, , , 1.270, 1.294, 1.246
1914, 1, , , 1.269, 1.293, 1.245
1914, 2, , , 1.268, 1.291, 1.244
1914, 3, , , 1.266, 1.290, 1.243
1914, 4, , , 1.265, 1.289, 1.242
1914, 5, , , 1.264, 1.288, 1.241
1914, 6, , , 1.263, 1.287, 1.239
1914, 7, , , 1.262, 1.286, 1.238
1914, 8, , , 1.261, 1.285, 1.237
1914, 9, , , 1.260, 1.284, 1.236
1914, 10, , , 1.259, 1.282, 1.235
1914, 11, , , 1.258, 1.281, 1.234
1914, 12, , , 1.257, 1.280, 1.233
1915, 1, , , 1.256, 1.279, 1.232
1915, 2, , , 1.254, 1.278, 1.231
1915, 3, , , 1.253, 1.277, 1.230
1915, 4, , , 1.252, 1.276, 1.229
1915, 5, , , 1.251, 1.275, 1.228
1915, 6, , , 1.250, 1.273, 1.227
1915, 7, , , 1.249, 1.272, 1.226
1915, 8, , , 1.248, 1.271, 1.225
1915, 9, , , 1.247, 1.270, 1.223
1915, 10, , , 1.246, 1.269, 1.222
1915, 11, , , 1.245, 1.268, 1.221
1915, 12, , , 1.243, 1.267, 1.220
1916, 1, , , 1.242, 1.266, 1.219
1916, 2, , , 1.241, 1.264, 1.218
1916, 3, , , 1.240, 1.263, 1.217
1916, 4, , , 1.239, 1.262, 1.216
1916, 5, , , 1.238, 1.261, 1.215
1916, 6, , , 1.237, 1.260, 1.214
1916, 7, , , 1.236, 1.259, 1.213
1916, 8, , , 1.235, 1.258, 1.212
1916, 9, , , 1.234, 1.257, 1.211
1916, 10, , , 1.233, 1.255, 1.210
1916, 11, , , 1.231, 1.254, 1.209
1916, 12, , , 1.230, 1.253, 1.207
1917, 1, , , 1.229, 1.252, 1.206
1917, 2, , , 1.228, 1.251, 1.205
1917, 3, , , 1.227, 1.250, 1.204
1917, 4, , , 1.226, 1.249, 1.203
1917, 5, , , 1.225, 1.248, 1.202
1917, 6, , , 1.224, 1.246, 1.201
1917, 7, , , 1.223, 1.245, 1.200
1917, 8, , , 1.222, 1.244, 1.199
1917, 9, , , 1.220, 1.243, 1.198
1917, 10, , , 1.219, 1.242, 1.197
1917, 11, , , 1.218, 1.241, 1.196
1917, 12, , , 1.217, 1.240, 1.195
1918, 1, , , 1.216, 1.239, 1.194
1918, 2, , , 1.215, 1.238, 1.193
1918, 3, , , 1.214, 1.236, 1.191
1918, 4, , , 1.213, 1.235, 1.190
1918, 5, , , 1.212, 1.234, 1.189
1918, 6, , , 1.211, 1.233, 1.188
1918, 7, , , 1.210, 1.232, 1.187
1918, 8, , , 1.208, 1.231, 1.186
1918, 9, , , 1.207, 1.230, 1.185
1918, 10, , , 1.206, 1.229, 1.184
1918, 11, , , 1.205, 1.227, 1.183
1918, 12, , , 1.204, 1.226, 1.182
1919, 1, , , 1.203, 1.225, 1.181
1919, 2, , , 1.202, 1.224, 1.180
1919, 3, , , 1.201, 1.223, 1.179
1919, 4, , , 1.200, 1.222, 1.178
1919, 5, , , 1.199, 1.221, 1.177
1919, 6, , , 1.197, 1.220, 1.175
1919, 7, , , 1.196, 1.218, 1.174
1919, 8, , , 1.195, 1.217, 1.173
1919, 9, , , 1.194, 1.216, 1.172
1919, 10, , , 1.193, 1.215, 1.171
1919, 11, , , 1.192, 1.214, 1.170
1919, 12, , , 1.191, 1.213, 1.169
1920, 1, , , 1.190, 1.212, 1.168
1920, 2, , , 1.189, 1.211, 1.167
1920, 3, , , 1.188, 1.209, 1.166
1920, 4, , , 1.187, 1.208, 1.165
1920, 5, , , 1.185, 1.207, 1.164
1920, 6, , , 1.184, 1.206, 1.163
1920, 7, , , 1.183, 1.205, 1.162
1920, 8, , , 1.182, 1.204, 1.161
1920, 9, , , 1.181, 1.203, 1.159
1920, 10, , , 1.180, 1.202, 1.158
1920, 11, , , 1.179, 1.200, 1.157
1920, 12, , , 1.178, 1.199, 1.156
1921, 1, , , 1.177, 1.198, 1.155
1921, 2, , , 1.176, 1.197, 1.154
1921, 3, , , 1.175, 1.196, 1.153
1921, 4, , , 1.173, 1.195, 1.152
1921, 5, , , 1.172, 1.194, 1.151
1921, 6, , , 1.171, 1.193, 1.150
1921, 7, , , 1.170, 1.191, 1.149
1921, 8, , , 1.169, 1.190, 1.148
1921, 9, , , 1.168, 1.189, 1.147
1921, 10, , , 1.167, 1.188, 1.146
1921, 11, , , 1.166, 1.187, 1.144
1921, 12, , , 1.165, 1.186, 1.143
1922, 1, , , 1.164, 1.185, 1.142
1922, 2, , , 1.162, 1.184, 1.141
1922, 3, , , 1.161, 1.183, 1.140
1922, 4, , , 1.160, 1.181, 1.139
1922, 5, , , 1.159, 1.180, 1.138
1922, 6, , , 1.158, 1.179, 1.137
1922, 7, , , 1.157, 1.178, 1.136
1922, 8, , , 1.156, 1.177, 1.135
1922, 9, , , 1.155, 1.176, 1.134
1922, 10, , , 1.154, 1.175, 1.133
1922, 11, , , 1.153, 1.174, 1.132
1922, 12, , , 1.152, 1.172, 1.131
1923, 1, , , 1.150, 1.171, 1.130
1923, 2, , , 1.149, 1.170, 1.128
1923, 3, , , 1.148, 1.169, 1.127
1923, 4, , , 1.147, 1.168, 1.126
1923, 5, , , 1.146, 1.167, 1.125
1923, 6, , , 1.145, 1.166, 1.124
1923, 7, , , 1.144, 1.165, 1.123
1923, 8, , , 1.143, 1.163, 1.122
1923, 9, , , 1.142, 1.162, 1.121
1923, 10, , , 1.141, 1.161, 1.120
1923, 11, , , 1.139, 1.160, 1.119
1923, 12, , , 1.138, 1.159, 1.118
1924, 1, , , 1.137, 1.158, 1.117
1924, 2, , , 1.136, 1.157, 1.116
1924, 3, , , 1.135, 1.156, 1.115
1924, 4, , , 1.134, 1.154, 1.114
1924, 5, , , 1.133, 1.153, 1.112
1924, 6, , , 1.132, 1.152, 1.111
1924, 7, , , 1.131, 1.151, 1.110
1924, 8, , , 1.130, 1.150, 1.109
1924, 9, , , 1.129, 1.149, 1.108
1924, 10, , , 1.127, 1.148, 1.107
1924, 11, , , 1.126, 1.147, 1.106
1924, 12, , , 1.125, 1.145, 1.105
1925, 1, , , 1.124, 1.144, 1.104
1925, 2, , , 1.123, 1.143, 1.103
1925, 3, , , 1.122, 1.142, 1.102
1925, 4, , , 1.121, 1.141, 1.101
1925, 5, , , 1.120, 1.140, 1.100
1925, 6, , , 1.119, 1.139, 1.099
1925, 7, , , 1.118, 1.138, 1.098
1925, 8, , , 1.116, 1.137, 1.096
1925, 9, , , 1.115, 1.135, 1.095
1925, 10, , , 1.114, 1.134, 1.094
1925, 11, , , 1.113, 1.133, 1.093
1925, 12, , , 1.112, 1.132, 1.092
1926, 1, , , 1.111, 1.131, 1.091
1926, 2, , , 1.110, 1.130, 1.090
1926, 3, , , 1.109, 1.129, 1.089
1926, 4, , , 1.108, 1.128, 1.088
1926, 5, , , 1.107, 1.126, 1.087
1926, 6, , , 1.106, 1.125, 1.086
1926, 7, , , 1.104, 1.124, 1.085
1926, 8, , , 1.103, 1.123, 1.084
1926, 9, , , 1.102, 1.122, 1.083
1926, 10, , , 1.101, 1.121, 1.082
1926, 11, , , 1.100, 1.120, 1.080
1926, 12, , , 1.099, 1.119, 1.079
1927, 1, , , 1.098, 1.117, 1.078
1927, 2, , , 1.097, 1.116, 1.077
1927, 3, , , 1.096, 1.115, 1.076
1927, 4, , , 1.095, 1.114, 1.075
1927, 5, , , 1.093, 1.113, 1.074
1927, 6, , , 1.092, 1.112, 1.073
1927, 7, , , 1.091, 1.111, 1.072
1927, 8, , , 1.090, 1.110, 1.071
1927, 9, , , 1.089, 1.108, 1.070
1927, 10, , , 1.088, 1.107, 1.069
1927, 11, , , 1.087, 1.106, 1.068
1927, 12, , , 1.086, 1.105, 1.067
1928, 1, , , 1.085, 1.104, 1.065
1928, 2, , , 1.084, 1.103, 1.064
1928, 3, , , 1.083, 1.102, 1.063
1928, 4, , , 1.081, 1.101, 1.062
1928, 5, , , 1.080, 1.099, 1.061
1928, 6, , , 1.079, 1.098, 1.060
1928, 7, , , 1.078, 1.097, 1.059
1928, 8, , , 1.077, 1.096, 1.058
1928, 9, , , 1.076, 1.095, 1.057
1928, 10, , , 1.075, 1.094, 1.056
1928, 11, , , 1.074, 1.093, 1.055
1928, 12, , , 1.073, 1.092, 1.054
1929, 1, , , 1.072, 1.091, 1.053
1929, 2, , , 1.071, 1.089, 1.052
1929, 3, , , 1.069, 1.088, 1.051
1929, 4, , , 1.068, 1.087, 1.049
1929, 5, , , 1.067, 1.086, 1.048
1929, 6, , , 1.066, 1.085, 1.047
1929, 7, , , 1.065, 1.084, 1.046
1929, 8, , , 1.064, 1.083, 1.045
1929, 9, , , 1.063, 1.082, 1.044
1929, 10, , , 1.062, 1.080, 1.043
1929, 11, , , 1.061, 1.079, 1.042
1929, 12, , , 1.060, 1.078, 1.041
1930, 1, , , 1.058, 1.077, 1.040
1930, 2, , , 1.057, 1.076, 1.039
1930, 3, , , 1.056, 1.075, 1.038
1930, 4, , , 1.055, 1.074, 1.037
1930, 5, , , 1.054, 1.073, 1.036
1930, 6, , , 1.053, 1.071, 1.035
1930, 7, , , 1.052, 1.070, 1.033
1930, 8, , , 1.051, 1.069, 1.032
1930, 9, , , 1.050, 1.068, 1.031
1930, 10, , , 1.049, 1.067, 1.030
1930, 11, , , 1.048, 1.066, 1.029
1930, 12, , , 1.046, 1.065, 1.028
1931, 1, , , 1.045, 1.064, 1.027
1931, 2, , , 1.044, 1.062, 1.026
1931, 3, , , 1.043, 1.061, 1.025
1931, 4, , , 1.042, 1.060, 1.024
1931, 5, , , 1.041, 1.059, 1.023
1931, 6, , , 1.040, 1.058, 1.022
1931, 7, , , 1.039, 1.057, 1.021
1931, 8, , , 1.038, 1.056, 1.020
1931, 9, , , 1.037, 1.055, 1.019
1931, 10, , , 1.035, 1.054, 1.017
1931, 11, , , 1.034, 1.052, 1.016
1931, 12, , , 1.033, 1.051, 1.015
1932, 1, , , 1.032, 1.050, 1.014
1932, 2, , , 1.031, 1.049, 1.013
1932, 3, , , 1.030, 1.048, 1.012
1932, 4, , , 1.029, 1.047, 1.011
1932, 5, , , 1.028, 1.046, 1.010
1932, 6, , , 1.027, 1.045, 1.009
1932, 7, , , 1.026, 1.043, 1.008
1932, 8, , , 1.025, 1.042, 1.007
1932, 9, , , 1.023, 1.041, 1.006
1932, 10, , , 1.022, 1.040, 1.005
1932, 11, , , 1.021, 1.039, 1.004
1932, 12, , , 1.020, 1.038, 1.002
1933, 1, , , 1.019, 1.037, 1.001
1933, 2, , , 1.018, 1.036, 1.000
1933, 3, , , 1.017, 1.034, 0.999
1933, 4, , , 1.016, 1.033, 0.998
1933, 5, , , 1.015, 1.032, 0.997
1933, 6, , , 1.014, 1.031, 0.996
1933, 7, , , 1.012, 1.030, 0.995
1933, 8, , , 1.011, 1.029, 0.994
1933, 9, , , 1.010, 1.028, 0.993
1933, 10, , , 1.009, 1.027, 0.992
1933, 11, , , 1.008, 1.025, 0.991
1933, 12, , , 1.007, 1.024, 0.990
1934, 1, , , 1.006, 1.023, 0.989
1934, 2, , , 1.005, 1.022, 0.988
1934, 3, , , 1.004, 1.021, 0.986
1934, 4, , , 1.003, 1.020, 0.985
1934, 5, , , 1.002, 1.019, 0.984
1934, 6, , , 1.000, 1.018, 0.983
1934, 7, , , 0.999, 1.017, 0.982
1934, 8, , , 0.998, 1.015, 0.981
1934, 9, , , 0.997, 1.014, 0.980
1934, 10, , , 0.996, 1.013, 0.979
1934, 11, , , 0.995, 1.012, 0.978
1934, 12, , , 0.994, 1.011, 0.977
1935, 1, , , 0.993, 1.010, 0.976
1935, 2, , , 0.992, 1.009, 0.975
1935, 3, , , 0.991, 1.008, 0.974
1935, 4, , , 0.989, 1.006, 0.973
1935, 5, , , 0.988, 1.005, 0.971
1935, 6, , , 0.987, 1.004, 0.970
1935, 7, , , 0.986, 1.003, 0.969
1935, 8, , , 0.985, 1.002, 0.968
1935, 9, , , 0.984, 1.001, 0.967
1935, 10, , , 0.983, 1.000, 0.966
1935, 11, , , 0.982, 0.999, 0.965
1935, 12, , , 0.981, 0.997, 0.964
1936, 1, 0.991, U, 0.980, 0.996, 0.963
1936, 2, 0.850, U, 0.979, 0.995, 0.962
1936, 3, 0.865, U, 0.977, 0.994, 0.961
1936, 4, 0.900, U, 0.976, 0.993, 0.960
1936, 5, 0.986, U, 0.975, 0.992, 0.959
1936, 6, 1.036, , 0.974, 0.991, 0.958
1936, 7, 1.046, , 0.973, 0.990, 0.957
1936, 8, 0.959, , 0.972, 0.988, 0.955
1936, 9, 0.930, , 0.971, 0.987, 0.954
1936, 10, 0.934, , 0.970, 0.986, 0.953
1936, 11, 1.017, , 0.969, 0.985, 0.952
1936, 12, 1.006, , 0.968, 0.984, 0.951
1937, 1, 0.650, , 0.967, 0.983, 0.950
1937, 2, 0.932, , 0.965, 0.982, 0.949
1937, 3, 0.960, , 0.964, 0.981, 0.948
1937, 4, 1.001, , 0.963, 0.980, 0.947
1937, 5, 0.979, , 0.962, 0.978, 0.946
1937, 6, 0.984, , 0.961, 0.977, 0.945
1937, 7, 0.973, , 0.960, 0.976, 0.944
1937, 8, 1.032, , 0.959, 0.975, 0.943
1937, 9, 0.912, , 0.958, 0.974, 0.942
1937, 10, 0.938, , 0.957, 0.973, 0.940
1937, 11, 0.986, , 0.956, 0.972, 0.939
1937, 12, 0.960, , 0.954, 0.971, 0.938
1938, 1, 0.976, , 0.953, 0.969, 0.937
1938, 2, 0.920, , 0.952, 0.968, 0.936
1938, 3, 1.042, , 0.951, 0.967, 0.935
1938, 4, 0.983, , 0.950, 0.966, 0.934
1938, 5, 0.946, , 0.949, 0.965, 0.933
1938, 6, 0.926, , 0.948, 0.964, 0.932
1938, 7, 0.924, , 0.947, 0.963, 0.931
1938, 8, 0.868, , 0.946, 0.962, 0.930
1938, 9, 0.958, , 0.945, 0.960, 0.929
1938, 10, 0.990, , 0.944, 0.959, 0.928
1938, 11, 0.919, , 0.942, 0.958, 0.927
1938, 12, 0.939, , 0.941, 0.957, 0.926
1939, 1, 1.001, , 0.940, 0.956, 0.924
1939, 2, 0.807, , 0.939, 0.955, 0.923
1939, 3, 0.859, , 0.938, 0.954, 0.922
1939, 4, 0.873, , 0.937, 0.953, 0.921
1939, 5, 0.961, , 0.936, 0.952, 0.920
1939, 6, 0.899, , 0.935, 0.950, 0.919
1939, 7, 0.958, , 0.934, 0.949, 0.918
1939, 8, 0.965, , 0.933, 0.948, 0.917
1939, 9, 0.986, , 0.931, 0.947, 0.916
1939, 10, 0.920, , 0.930, 0.946, 0.915
1939, 11, 1.044, , 0.929, 0.945, 0.914
1939, 12, 1.207, , 0.928, 0.944, 0.913
1940, 1, 1.028, , 0.927, 0.943, 0.912
1940, 2, 1.066, , 0.926, 0.941, 0.911
1940, 3, 1.045, , 0.925, 0.940, 0.909
1940, 4, 0.943, , 0.924, 0.939, 0.908
1940, 5, 1.001, , 0.923, 0.938, 0.907
1940, 6, 0.938, , 0.922, 0.937, 0.906
1940, 7, 0.976, , 0.921, 0.936, 0.905
1940, 8, 1.020, , 0.919, 0.935, 0.904
1940, 9, 0.986, U, 0.918, 0.934, 0.903
1940, 10, 0.966, U, 0.917, 0.932, 0.902
1940, 11, 0.925, U, 0.916, 0.931, 0.901
1940, 12, 1.082, U, 0.915, 0.930, 0.900
1941, 1, , , 0.914, 0.929, 0.899
1941, 2, , , 0.913, 0.928, 0.898
1941, 3, , , 0.912, 0.927, 0.897
1941, 4, , , 0.911, 0.926, 0.896
1941, 5, , , 0.910, 0.925, 0.895
1941, 6, , , 0.908, 0.924, 0.893
1941, 7, , , 0.907, 0.922, 0.892
1941, 8, , , 0.906, 0.921, 0.891
1941, 9, , , 0.905, 0.920, 0.890
1941, 10, , , 0.904, 0.919, 0.889
1941, 11, 0.928, U, 0.903, 0.918, 0.888
1941, 12, 0.951, U, 0.902, 0.917, 0.887
1942, 1, , , 0.901, 0.916, 0.886
1942, 2, , , 0.900, 0.915, 0.885
1942, 3, , , 0.899, 0.913, 0.884
1942, 4, , , 0.898, 0.912, 0.883
1942, 5, , , 0.896, 0.911, 0.882
1942, 6, , , 0.895, 0.910, 0.881
1942, 7, , , 0.894, 0.909, 0.880
1942, 8, , , 0.893, 0.908, 0.878
1942, 9, , , 0.892, 0.907, 0.877
1942, 10, , , 0.891, 0.906, 0.876
1942, 11, , , 0.890, 0.904, 0.875
1942, 12, , , 0.889, 0.903, 0.874
1943, 1, , , 0.888, 0.902, 0.873
1943, 2, , , 0.887, 0.901, 0.872
1943, 3, , , 0.885, 0.900, 0.871
1943, 4, , , 0.884, 0.899, 0.870
1943, 5, , , 0.883, 0.898, 0.869
1943, 6, , , 0.882, 0.897, 0.868
1943, 7, , , 0.881, 0.896, 0.867
1943, 8, , , 0.880, 0.894, 0.866
1943, 9, , , 0.879, 0.893, 0.865
1943, 10, , , 0.878, 0.892, 0.863
1943, 11, , , 0.877, 0.891, 0.862
1943, 12, , , 0.876, 0.890, 0.861
1944, 1, 1.052, , 0.875, 0.889, 0.860
1944, 2, 0.770, , 0.873, 0.888, 0.859
1944, 3, 0.807, , 0.872, 0.887, 0.858
1944, 4, 0.876, , 0.871, 0.885, 0.857
1944, 5, 0.885, , 0.870, 0.884, 0.856
1944, 6, 0.862, , 0.869, 0.883, 0.855
1944, 7, 0.845, , 0.868, 0.882, 0.854
1944, 8, 0.874, , 0.867, 0.881, 0.853
1944, 9, 0.796, , 0.866, 0.880, 0.852
1944, 10, 0.816, , 0.865, 0.879, 0.851
1944, 11, 0.907, , 0.864, 0.878, 0.850
1944, 12, 0.792, , 0.863, 0.877, 0.849
1945, 1, 0.885, , 0.861, 0.875, 0.847
1945, 2, 0.816, , 0.860, 0.874, 0.846
1945, 3, 0.978, , 0.859, 0.873, 0.845
1945, 4, 0.727, , 0.858, 0.872, 0.844
1945, 5, 0.800, , 0.857, 0.871, 0.843
1945, 6, 0.814, , 0.856, 0.870, 0.842
1945, 7, 0.879, , 0.855, 0.869, 0.841
1945, 8, 0.758, , 0.854, 0.868, 0.840
1945, 9, 0.760, , 0.853, 0.866, 0.839
1945, 10, 0.844, , 0.852, 0.865, 0.838
1945, 11, 0.779, , 0.850, 0.864, 0.837
1945, 12, 0.841, , 0.849, 0.863, 0.836
1946, 1, 0.854, , 0.848, 0.862, 0.835
1946, 2, 0.923, , 0.847, 0.861, 0.834
1946, 3, 0.917, , 0.846, 0.860, 0.832
1946, 4, 0.900, , 0.845, 0.859, 0.831
1946, 5, 0.797, , 0.844, 0.857, 0.830
1946, 6, 0.832, , 0.843, 0.856, 0.829
1946, 7, 0.891, , 0.842, 0.855, 0.828
1946, 8, 0.822, U, 0.841, 0.854, 0.827
1946, 9, 0.872, U, 0.840, 0.853, 0.826
1946, 10, 0.820, , 0.838, 0.852, 0.825
1946, 11, 0.688, , 0.837, 0.851, 0.824
1946, 12, 0.701, , 0.836, 0.850, 0.823
1947, 1, 0.732, , 0.835, 0.849, 0.822
1947, 2, 0.700, , 0.834, 0.847, 0.821
1947, 3, 0.771, , 0.833, 0.846, 0.820
1947, 4, 0.778, , 0.832, 0.845, 0.819
1947, 5, 0.821, , 0.831, 0.844, 0.817
1947, 6, 0.865, , 0.830, 0.843, 0.816
1947, 7, 0.863, , 0.829, 0.842, 0.815
1947, 8, 0.791, , 0.827, 0.841, 0.814
1947, 9, 0.814, , 0.826, 0.840, 0.813
1947, 10, 1.006, , 0.825, 0.838, 0.812
1947, 11, 0.800, , 0.824, 0.837, 0.811
1947, 12, 0.920, , 0.823, 0.836, 0.810
1948, 1, 0.927, , 0.822, 0.835, 0.809
1948, 2, 0.700, , 0.821, 0.834, 0.808
1948, 3, 0.762, , 0.820, 0.833, 0.807
1948, 4, 0.760, , 0.819, 0.832, 0.806
1948, 5, 0.833, , 0.818, 0.831, 0.805
1948, 6, 0.786, , 0.817, 0.830, 0.804
1948, 7, 0.836, , 0.815, 0.828, 0.802
1948, 8, 0.782, , 0.814, 0.827, 0.801
1948, 9, 0.842, , 0.813, 0.826, 0.800
1948, 10, 0.856, , 0.812, 0.825, 0.799
1948, 11, 0.904, , 0.811, 0.824, 0.798
1948, 12, 0.756, , 0.810, 0.823, 0.797
1949, 1, 0.699, U, 0.809, 0.822, 0.796
1949, 2, 0.722, , 0.808, 0.821, 0.795
1949, 3, 0.786, , 0.807, 0.819, 0.794
1949, 4, 0.845, , 0.806, 0.818, 0.793
1949, 5, 0.864, , 0.804, 0.817, 0.792
1949, 6, 0.838, U, 0.803, 0.816, 0.791
1949, 7, 0.808, U, 0.802, 0.815, 0.790
1949, 8, 0.858, U, 0.801, 0.814, 0.789
1949, 9, 0.808, U, 0.800, 0.813, 0.787
1949, 10, 0.728, U, 0.799, 0.812, 0.786
1949, 11, 0.834, U, 0.798, 0.811, 0.785
1949, 12, 0.676, U, 0.797, 0.809, 0.784
1950, 1, 0.522, , 0.796, 0.808, 0.783
1950, 2, 0.786, , 0.795, 0.807, 0.782
1950, 3, 0.731, , 0.794, 0.806, 0.781
1950, 4, 0.766, , 0.792, 0.805, 0.780
1950, 5, 0.736, , 0.791, 0.804, 0.779
1950, 6, 0.759, , 0.790, 0.803, 0.778
1950, 7, 0.848, , 0.789, 0.802, 0.777
1950, 8, 0.883, , 0.788, 0.800, 0.776
1950, 9, 0.826, , 0.787, 0.799, 0.775
1950, 10, 0.814, , 0.786, 0.798, 0.774
1950, 11, 0.593, , 0.785, 0.797, 0.772
1950, 12, 0.792, , 0.784, 0.796, 0.771
1951, 1, 0.726, , 0.783, 0.795, 0.770
1951, 2, 0.658, , 0.781, 0.794, 0.769
1951, 3, 0.637, , 0.780, 0.793, 0.768
1951, 4, 0.672, , 0.779, 0.792, 0.767
1951, 5, 0.729, , 0.778, 0.790, 0.766
1951, 6, 0.734, , 0.777, 0.789, 0.765
1951, 7, 0.754, , 0.776, 0.788, 0.764
1951, 8, 0.758, , 0.775, 0.787, 0.763
1951, 9, 0.762, , 0.774, 0.786, 0.762
1951, 10, 0.654, , 0.773, 0.785, 0.761
1951, 11, 0.755, , 0.772, 0.784, 0.760
1951, 12, 0.622, , 0.771, 0.783, 0.758
1952, 1, 0.809, , 0.769, 0.781, 0.757
1952, 2, 0.761, , 0.768, 0.780, 0.756
1952, 3, 0.713, , 0.767, 0.779, 0.755
1952, 4, 0.760, U, 0.766, 0.778, 0.754
1952, 5, 0.742, U, 0.765, 0.777, 0.753
1952, 6, 0.789, U, 0.764, 0.776, 0.752
1952, 7, 0.711, U, 0.763, 0.775, 0.751
1952, 8, 0.727, U, 0.762, 0.774, 0.750
1952, 9, 0.788, U, 0.761, 0.773, 0.749
1952, 10, 0.706, , 0.760, 0.771, 0.748
1952, 11, 0.785, , 0.759, 0.770, 0.747
1952, 12, 0.978, , 0.757, 0.769, 0.746
1953, 1, 0.824, , 0.756, 0.768, 0.745
1953, 2, 0.761, , 0.755, 0.767, 0.743
1953, 3, 0.792, , 0.754, 0.766, 0.742
1953, 4, 0.742, , 0.753, 0.765, 0.741
1953, 5, 0.787, U, 0.752, 0.764, 0.740
1953, 6, 0.710, , 0.751, 0.762, 0.739
1953, 7, 0.738, , 0.750, 0.761, 0.738
1953, 8, 0.767, , 0.749, 0.760, 0.737
1953, 9, 0.756, , 0.748, 0.759, 0.736
1953, 10, 0.826, , 0.746, 0.758, 0.735
1953, 11, 0.852, , 0.745, 0.757, 0.734
1953, 12, 0.780, , 0.744, 0.756, 0.733
1954, 1, 0.656, , 0.743, 0.755, 0.732
1954, 2, 0.758, , 0.742, 0.754, 0.731
1954, 3, 0.588, , 0.741, 0.752, 0.730
1954, 4, 0.599, , 0.740, 0.751, 0.728
1954, 5, 0.638, , 0.739, 0.750, 0.727
1954, 6, 0.777, , 0.738, 0.749, 0.726
1954, 7, 0.735, , 0.737, 0.748, 0.725
1954, 8, 0.636, , 0.736, 0.747, 0.724
1954, 9, 0.628, , 0.734, 0.746, 0.723
1954, 10, 0.648, , 0.733, 0.745, 0.722
1954, 11, 0.788, , 0.732, 0.744, 0.721
1954, 12, 0.838, , 0.731, 0.742, 0.720
1955, 1, 0.699, , 0.730, 0.741, 0.719
1955, 2, 0.639, , 0.729, 0.740, 0.718
1955, 3, 0.554, , 0.728, 0.739, 0.717
1955, 4, 0.742, , 0.727, 0.738, 0.716
1955, 5, 0.678, , 0.726, 0.737, 0.714
1955, 6, 0.701, , 0.725, 0.736, 0.713
1955, 7, 0.653, , 0.723, 0.735, 0.712
1955, 8, 0.691, , 0.722, 0.733, 0.711
1955, 9, 0.648, , 0.721, 0.732, 0.710
1955, 10, 0.694, , 0.720, 0.731, 0.709
1955, 11, 0.541, , 0.719, 0.730, 0.708
1955, 12, 0.588, , 0.718, 0.729, 0.707
1956, 1, 0.702, , 0.717, 0.728, 0.706
1956, 2, 0.597, , 0.716, 0.727, 0.705
1956, 3, 0.637, , 0.715, 0.726, 0.704
1956, 4, 0.602, , 0.714, 0.725, 0.703
1956, 5, 0.656, , 0.713, 0.723, 0.702
1956, 6, 0.719, , 0.711, 0.722, 0.701
1956, 7, 0.656, , 0.710, 0.721, 0.699
1956, 8, 0.718, , 0.709, 0.720, 0.698
1956, 9, 0.638, , 0.708, 0.719, 0.697
1956, 10, 0.672, , 0.707, 0.718, 0.696
1956, 11, 0.621, , 0.706, 0.717, 0.695
1956, 12, 0.591, , 0.705, 0.716, 0.694
1957, 1, 0.394, , 0.704, 0.715, 0.693
1957, 2, 0.551, , 0.703, 0.713, 0.692
1957, 3, 0.661, , 0.702, 0.712, 0.691
1957, 4, 0.608, , 0.700, 0.711, 0.690
1957, 5, 0.693, , 0.699, 0.710, 0.689
1957, 6, 0.737, , 0.698, 0.709, 0.688
1957, 7, 0.729, , 0.697, 0.708, 0.687
1957, 8, 0.679, , 0.696, 0.707, 0.685
1957, 9, 0.666, , 0.695, 0.706, 0.684
1957, 10, 0.556, , 0.694, 0.705, 0.683
1957, 11, 0.679, , 0.693, 0.703, 0.682
1957, 12, 0.774, , 0.692, 0.702, 0.681
1958, 1, 0.885, , 0.691, 0.701, 0.680
1958, 2, 0.813, , 0.690, 0.700, 0.679
1958, 3, 0.606, , 0.688, 0.699, 0.678
1958, 4, 0.696, , 0.687, 0.698, 0.677
1958, 5, 0.638, , 0.686, 0.697, 0.676
1958, 6, 0.591, , 0.685, 0.696, 0.675
1958, 7, 0.580, , 0.684, 0.694, 0.674
1958, 8, 0.697, , 0.683, 0.693, 0.673
1958, 9, 0.660, , 0.682, 0.692, 0.671
1958, 10, 0.682, , 0.681, 0.691, 0.670
1958, 11, 0.685, , 0.680, 0.690, 0.669
1958, 12, 0.646, , 0.679, 0.689, 0.668
1959, 1, 0.610, , 0.677, 0.688, 0.667
1959, 2, 0.609, , 0.676, 0.687, 0.666
1959, 3, 0.765, , 0.675, 0.686, 0.665
1959, 4, 0.608, , 0.674, 0.684, 0.664
1959, 5, 0.601, , 0.673, 0.683, 0.663
1959, 6, 0.695, , 0.672, 0.682, 0.662
1959, 7, 0.687, , 0.671, 0.681, 0.661
1959, 8, 0.691, , 0.670, 0.680, 0.660
1959, 9, 0.666, , 0.669, 0.679, 0.659
1959, 10, 0.502, , 0.668, 0.678, 0.657
1959, 11, 0.547, , 0.667, 0.677, 0.656
1959, 12, 0.786, , 0.665, 0.676, 0.655
1960, 1, 0.693, , 0.664, 0.674, 0.654
1960, 2, 0.685, , 0.663, 0.673, 0.653
1960, 3, 0.640, , 0.662, 0.672, 0.652
1960, 4, 0.720, , 0.661, 0.671, 0.651
1960, 5, 0.696, , 0.660, 0.670, 0.650
1960, 6, 0.661, , 0.659, 0.669, 0.649
1960, 7, 0.668, , 0.658, 0.668, 0.648
1960, 8, 0.627, , 0.657, 0.667, 0.647
1960, 9, 0.602, , 0.656, 0.666, 0.646
1960, 10, 0.686, , 0.655, 0.664, 0.645
1960, 11, 0.703, , 0.653, 0.663, 0.643
1960, 12, 0.646, , 0.652, 0.662, 0.642
1961, 1, 0.745, , 0.651, 0.661, 0.641
1961, 2, 0.825, , 0.650, 0.660, 0.640
1961, 3, 0.792, , 0.649, 0.659, 0.639
1961, 4, 0.666, U, 0.648, 0.658, 0.638
1961, 5, 0.644, , 0.647, 0.657, 0.637
1961, 6, 0.704, , 0.646, 0.656, 0.636
1961, 7, 0.632, , 0.645, 0.654, 0.635
1961, 8, 0.673, , 0.644, 0.653, 0.634
1961, 9, 0.598, , 0.642, 0.652, 0.633
1961, 10, 0.634, , 0.641, 0.651, 0.632
1961, 11, 0.587, , 0.640, 0.650, 0.631
1961, 12, 0.542, , 0.639, 0.649, 0.629
1962, 1, 0.534, , 0.638, 0.648, 0.628
1962, 2, 0.539, , 0.637, 0.647, 0.627
1962, 3, 0.554, U, 0.636, 0.646, 0.626
1962, 4, 0.672, , 0.635, 0.644, 0.625
1962, 5, 0.620, , 0.634, 0.643, 0.624
1962, 6, 0.618, , 0.633, 0.642, 0.623
1962, 7, 0.601, , 0.632, 0.641, 0.622
1962, 8, 0.660, , 0.630, 0.640, 0.621
1962, 9, 0.672, , 0.629, 0.639, 0.620
1962, 10, 0.724, U, 0.628, 0.638, 0.619
1962, 11, 0.785, , 0.627, 0.637, 0.618
1962, 12, 0.692, U, 0.626, 0.636, 0.617
1963, 1, 0.479, , 0.625, 0.634, 0.615
1963, 2, 0.700, , 0.624, 0.633, 0.614
1963, 3, 0.573, , 0.623, 0.632, 0.613
1963, 4, 0.638, , 0.622, 0.631, 0.612
1963, 5, 0.684, , 0.621, 0.630, 0.611
1963, 6, 0.667, , 0.619, 0.629, 0.610
1963, 7, 0.674, , 0.618, 0.628, 0.609
1963, 8, 0.615, , 0.617, 0.627, 0.608
1963, 9, 0.730, , 0.616, 0.626, 0.607
1963, 10, 0.856, , 0.615, 0.624, 0.606
1963, 11, 0.727, , 0.614, 0.623, 0.605
1963, 12, 0.640, , 0.613, 0.622, 0.604
1964, 1, 0.784, , 0.612, 0.621, 0.603
1964, 2, 0.621, , 0.611, 0.620, 0.601
1964, 3, 0.579, , 0.610, 0.619, 0.600
1964, 4, 0.562, , 0.609, 0.618, 0.599
1964, 5, 0.574, , 0.607, 0.617, 0.598
1964, 6, 0.591, , 0.606, 0.616, 0.597
1964, 7, 0.680, U, 0.605, 0.614, 0.596
1964, 8, 0.685, , 0.604, 0.613, 0.595
1964, 9, 0.552, , 0.603, 0.612, 0.594
1964, 10, 0.614, , 0.602, 0.611, 0.593
1964, 11, 0.560, , 0.601, 0.610, 0.592
1964, 12, 0.536, , 0.600, 0.609, 0.591
1965, 1, 0.568, , 0.599, 0.608, 0.590
1965, 2, 0.587, , 0.598, 0.607, 0.588
1965, 3, 0.445, , 0.596, 0.606, 0.587
1965, 4, 0.611, , 0.595, 0.604, 0.586
1965, 5, 0.547, , 0.594, 0.603, 0.585
1965, 6, 0.573, , 0.593, 0.602, 0.584
1965, 7, 0.598, , 0.592, 0.601, 0.583
1965, 8, 0.602, , 0.591, 0.600, 0.582
1965, 9, 0.474, , 0.590, 0.599, 0.581
1965, 10, 0.694, , 0.589, 0.598, 0.580
1965, 11, 0.554, , 0.588, 0.597, 0.579
1965, 12, 0.619, , 0.587, 0.596, 0.578
1966, 1, 0.559, U, 0.586, 0.594, 0.577
1966, 2, 0.575, , 0.584, 0.593, 0.575
1966, 3, 0.682, , 0.583, 0.592, 0.574
1966, 4, 0.504, , 0.582, 0.591, 0.573
1966, 5, 0.629, , 0.581, 0.590, 0.572
1966, 6, 0.628, , 0.580, 0.589, 0.571
1966, 7, 0.577, , 0.579, 0.588, 0.570
1966, 8, 0.612, , 0.578, 0.587, 0.569
1966, 9, 0.692, , 0.577, 0.586, 0.568
1966, 10, 0.648, , 0.576, 0.585, 0.567
1966, 11, 0.499, , 0.575, 0.583, 0.566
1966, 12, 0.612, , 0.573, 0.582, 0.565
1967, 1, 0.601, , 0.572, 0.581, 0.564
1967, 2, 0.600, , 0.571, 0.580, 0.563
1967, 3, 0.454, , 0.570, 0.579, 0.561
1967, 4, 0.489, , 0.569, 0.578, 0.560
1967, 5, 0.537, , 0.568, 0.577, 0.559
1967, 6, 0.521, , 0.567, 0.576, 0.558
1967, 7, 0.580, , 0.566, 0.575, 0.557
1967, 8, 0.548, , 0.565, 0.573, 0.556
1967, 9, 0.718, , 0.564, 0.572, 0.555
1967, 10, 0.664, , 0.563, 0.571, 0.554
1967, 11, 0.529, , 0.561, 0.570, 0.553
1967, 12, 0.533, U, 0.560, 0.569, 0.552
1968, 1, 0.498, , 0.559, 0.568, 0.551
1968, 2, 0.575, , 0.558, 0.567, 0.550
1968, 3, 0.625, , 0.557, 0.566, 0.548
1968, 4, 0.574, , 0.556, 0.565, 0.547
1968, 5, 0.541, , 0.555, 0.564, 0.546
1968, 6, 0.567, , 0.554, 0.562, 0.545
1968, 7, 0.574, , 0.553, 0.561, 0.544
1968, 8, 0.596, , 0.552, 0.560, 0.543
1968, 9, 0.650, , 0.551, 0.559, 0.542
1968, 10, 0.678, , 0.549, 0.558, 0.541
1968, 11, 0.727, , 0.548, 0.557, 0.540
1968, 12, 0.548, , 0.547, 0.556, 0.539
1969, 1, 0.473, , 0.546, 0.555, 0.538
1969, 2, 0.621, , 0.545, 0.554, 0.536
1969, 3, 0.469, , 0.544, 0.552, 0.535
1969, 4, 0.684, , 0.543, 0.551, 0.534
1969, 5, 0.562, , 0.542, 0.550, 0.533
1969, 6, 0.573, , 0.541, 0.549, 0.532
1969, 7, 0.562, , 0.540, 0.548, 0.531
1969, 8, 0.633, , 0.538, 0.547, 0.530
1969, 9, 0.602, , 0.537, 0.546, 0.529
1969, 10, 0.454, , 0.536, 0.545, 0.528
1969, 11, 0.627, , 0.535, 0.544, 0.527
1969, 12, 0.707, , 0.534, 0.543, 0.526
1970, 1, 0.559, , 0.533, 0.541, 0.525
1970, 2, 0.584, , 0.532, 0.540, 0.523
1970, 3, 0.561, , 0.531, 0.539, 0.522
1970, 4, 0.510, , 0.530, 0.538, 0.521
1970, 5, 0.534, , 0.529, 0.537, 0.520
1970, 6, 0.536, , 0.528, 0.536, 0.519
1970, 7, 0.562, , 0.526, 0.535, 0.518
1970, 8, 0.578, , 0.525, 0.534, 0.517
1970, 9, 0.504, , 0.524, 0.533, 0.516
1970, 10, 0.438, , 0.523, 0.531, 0.515
1970, 11, 0.383, , 0.522, 0.530, 0.514
1970, 12, 0.399, , 0.521, 0.529, 0.513
1971, 1, 0.275, , 0.520, 0.528, 0.512
1971, 2, 0.362, , 0.519, 0.527, 0.510
1971, 3, 0.469, , 0.518, 0.526, 0.509
1971, 4, 0.562, , 0.517, 0.525, 0.508
1971, 5, 0.431, , 0.515, 0.524, 0.507
1971, 6, 0.475, , 0.514, 0.523, 0.506
1971, 7, 0.443, , 0.513, 0.522, 0.505
1971, 8, 0.551, , 0.512, 0.520, 0.504
1971, 9, 0.516, , 0.511, 0.519, 0.503
1971, 10, 0.428, , 0.510, 0.518, 0.502
1971, 11, 0.462, , 0.509, 0.517, 0.501
1971, 12, 0.332, , 0.508, 0.516, 0.500
1972, 1, 0.312, , 0.507, 0.515, 0.498
1972, 2, 0.429, , 0.506, 0.514, 0.497
1972, 3, 0.500, , 0.505, 0.513, 0.496
1972, 4, 0.553, , 0.503, 0.512, 0.495
1972, 5, 0.473, , 0.502, 0.511, 0.494
1972, 6, 0.551, , 0.501, 0.509, 0.493
1972, 7, 0.501, , 0.500, 0.508, 0.492
1972, 8, 0.557, , 0.499, 0.507, 0.491
1972, 9, 0.480, , 0.498, 0.506, 0.490
1972, 10, 0.416, , 0.497, 0.505, 0.489
1972, 11, 0.535, , 0.496, 0.504, 0.488
1972, 12, 0.460, , 0.495, 0.503, 0.486
1973, 1, 0.574, , 0.494, 0.502, 0.485
1973, 2, 0.517, , 0.492, 0.501, 0.484
1973, 3, 0.621, , 0.491, 0.500, 0.483
1973, 4, 0.452, , 0.490, 0.498, 0.482
1973, 5, 0.565, , 0.489, 0.497, 0.481
1973, 6, 0.564, , 0.488, 0.496, 0.480
1973, 7, 0.519, , 0.487, 0.495, 0.479
1973, 8, 0.572, , 0.486, 0.494, 0.478
1973, 9, 0.568, , 0.485, 0.493, 0.477
1973, 10, 0.474, , 0.484, 0.492, 0.476
1973, 11, 0.316, , 0.483, 0.491, 0.475
1973, 12, 0.463, , 0.482, 0.490, 0.473
1974, 1, 0.351, , 0.480, 0.489, 0.472
1974, 2, 0.499, , 0.479, 0.487, 0.471
1974, 3, 0.451, , 0.478, 0.486, 0.470
1974, 4, 0.489, , 0.477, 0.485, 0.469
1974, 5, 0.495, , 0.476, 0.484, 0.468
1974, 6, 0.512, , 0.475, 0.483, 0.467
1974, 7, 0.427, , 0.474, 0.482, 0.466
1974, 8, 0.398, , 0.473, 0.481, 0.465
1974, 9, 0.366, , 0.472, 0.480, 0.464
1974, 10, 0.474, , 0.471, 0.479, 0.463
1974, 11, 0.590, , 0.469, 0.478, 0.461
1974, 12, 0.622, , 0.468, 0.476, 0.460
1975, 1, 0.449, , 0.467, 0.475, 0.459
1975, 2, 0.484, , 0.466, 0.474, 0.458
1975, 3, 0.460, , 0.465, 0.473, 0.457
1975, 4, 0.416, , 0.464, 0.472, 0.456
1975, 5, 0.440, , 0.463, 0.471, 0.455
1975, 6, 0.408, , 0.462, 0.470, 0.454
1975, 7, 0.488, , 0.461, 0.469, 0.453
1975, 8, 0.438, , 0.460, 0.468, 0.452
1975, 9, 0.394, , 0.459, 0.467, 0.450
1975, 10, 0.480, , 0.457, 0.465, 0.449
1975, 11, 0.468, , 0.456, 0.464, 0.448
1975, 12, 0.366, , 0.455, 0.463, 0.447
1976, 1, 0.452, , 0.454, 0.462, 0.446
1976, 2, 0.493, , 0.453, 0.461, 0.445
1976, 3, 0.490, , 0.452, 0.460, 0.444
1976, 4, 0.538, , 0.451, 0.459, 0.443
1976, 5, 0.544, , 0.450, 0.458, 0.442
1976, 6, 0.585, , 0.449, 0.457, 0.441
1976, 7, 0.690, , 0.448, 0.456, 0.440
1976, 8, 0.532, , 0.447, 0.455, 0.438
1976, 9, 0.528, , 0.445, 0.453, 0.437
1976, 10, 0.454, , 0.444, 0.452, 0.436
1976, 11, 0.493, , 0.443, 0.451, 0.435
1976, 12, 0.533, , 0.442, 0.450, 0.434
1977, 1, 0.449, , 0.441, 0.449, 0.433
1977, 2, 0.670, , 0.440, 0.448, 0.432
1977, 3, 0.542, , 0.439, 0.447, 0.431
1977, 4, 0.461, , 0.438, 0.446, 0.430
1977, 5, 0.498, , 0.437, 0.445, 0.429
1977, 6, 0.475, , 0.436, 0.444, 0.428
1977, 7, 0.473, , 0.434, 0.442, 0.426
1977, 8, 0.465, , 0.433, 0.441, 0.425
1977, 9, 0.456, , 0.432, 0.440, 0.424
1977, 10, 0.526, , 0.431, 0.439, 0.423
1977, 11, 0.523, , 0.430, 0.438, 0.422
1977, 12, 0.338, , 0.429, 0.437, 0.421
1978, 1, 0.412, , 0.428, 0.436, 0.420
1978, 2, 0.517, , 0.427, 0.435, 0.419
1978, 3, 0.454, , 0.426, 0.434, 0.418
1978, 4, 0.434, , 0.425, 0.433, 0.417
1978, 5, 0.428, , 0.424, 0.432, 0.415
1978, 6, 0.362, , 0.422, 0.430, 0.414
1978, 7, 0.354, , 0.421, 0.429, 0.413
1978, 8, 0.441, , 0.420, 0.428, 0.412
1978, 9, 0.480, , 0.419, 0.427, 0.411
1978, 10, 0.500, , 0.418, 0.426, 0.410
1978, 11, 0.346, , 0.417, 0.425, 0.409
1978, 12, 0.353, , 0.416, 0.424, 0.408
1979, 1, 0.354, , 0.415, 0.423, 0.407
1979, 2, 0.328, , 0.414, 0.422, 0.406
1979, 3, 0.420, , 0.413, 0.421, 0.405
1979, 4, 0.330, , 0.411, 0.420, 0.403
1979, 5, 0.404, , 0.410, 0.418, 0.402
1979, 6, 0.344, , 0.409, 0.417, 0.401
1979, 7, 0.391, , 0.408, 0.416, 0.400
1979, 8, 0.368, , 0.407, 0.415, 0.399
1979, 9, 0.412, , 0.406, 0.414, 0.398
1979, 10, 0.466, , 0.405, 0.413, 0.397
1979, 11, 0.423, , 0.404, 0.412, 0.396
1979, 12, 0.460, , 0.403, 0.411, 0.395
1980, 1, 0.363, , 0.402, 0.410, 0.394
1980, 2, 0.478, , 0.401, 0.409, 0.392
1980, 3, 0.420, , 0.399, 0.408, 0.391
1980, 4, 0.522, , 0.398, 0.406, 0.390
1980, 5, 0.410, , 0.397, 0.405, 0.389
1980, 6, 0.363, , 0.396, 0.404, 0.388
1980, 7, 0.391, , 0.395, 0.403, 0.387
1980, 8, 0.370, , 0.394, 0.402, 0.386
1980, 9, 0.370, , 0.393, 0.401, 0.385
1980, 10, 0.448, , 0.392, 0.400, 0.384
1980, 11, 0.505, , 0.391, 0.399, 0.383
1980, 12, 0.305, , 0.390, 0.398, 0.381
1981, 1, 0.556, , 0.388, 0.397, 0.380
1981, 2, 0.456, , 0.387, 0.396, 0.379
1981, 3, 0.478, , 0.386, 0.394, 0.378
1981, 4, 0.422, , 0.385, 0.393, 0.377
1981, 5, 0.431, , 0.384, 0.392, 0.376
1981, 6, 0.469, , 0.383, 0.391, 0.375
1981, 7, 0.348, , 0.382, 0.390, 0.374
1981, 8, 0.383, , 0.381, 0.389, 0.373
1981, 9, 0.498, , 0.380, 0.388, 0.372
1981, 10, 0.396, , 0.379, 0.387, 0.370
1981, 11, 0.547, , 0.378, 0.386, 0.369
1981, 12, 0.433, , 0.376, 0.385, 0.368
1982, 1, 0.251, , 0.375, 0.384, 0.367
1982, 2, 0.255, , 0.374, 0.382, 0.366
1982, 3, 0.353, , 0.373, 0.381, 0.365
1982, 4, 0.403, , 0.372, 0.380, 0.364
1982, 5, 0.345, , 0.371, 0.379, 0.363
1982, 6, 0.338, , 0.370, 0.378, 0.362
1982, 7, 0.388, , 0.369, 0.377, 0.361
1982, 8, 0.359, , 0.368, 0.376, 0.359
1982, 9, 0.388, , 0.367, 0.375, 0.358
1982, 10, 0.414, , 0.365, 0.374, 0.357
1982, 11, 0.368, , 0.364, 0.373, 0.356
1982, 12, 0.405, , 0.363, 0.372, 0.355
1983, 1, 0.586, , 0.362, 0.370, 0.354
1983, 2, 0.627, , 0.361, 0.369, 0.353
1983, 3, 0.472, , 0.360, 0.368, 0.352
1983, 4, 0.394, , 0.359, 0.367, 0.351
1983, 5, 0.425, , 0.358, 0.366, 0.350
1983, 6, 0.436, , 0.357, 0.365, 0.348
1983, 7, 0.467, , 0.356, 0.364, 0.347
1983, 8, 0.477, , 0.355, 0.363, 0.346
1983, 9, 0.412, , 0.353, 0.362, 0.345
1983, 10, 0.384, , 0.352, 0.361, 0.344
1983, 11, 0.426, , 0.351, 0.360, 0.343
1983, 12, 0.140, , 0.350, 0.359, 0.342
1984, 1, 0.336, , 0.349, 0.357, 0.341
1984, 2, 0.517, , 0.348, 0.356, 0.340
1984, 3, 0.469, , 0.347, 0.355, 0.338
1984, 4, 0.461, , 0.346, 0.354, 0.337
1984, 5, 0.419, , 0.345, 0.353, 0.336
1984, 6, 0.396, , 0.344, 0.352, 0.335
1984, 7, 0.366, , 0.343, 0.351, 0.334
1984, 8, 0.420, , 0.341, 0.350, 0.333
1984, 9, 0.364, , 0.340, 0.349, 0.332
1984, 10, 0.332, , 0.339, 0.348, 0.331
1984, 11, 0.386, , 0.338, 0.347, 0.330
1984, 12, 0.216, , 0.337, 0.346, 0.329
1985, 1, 0.336, , 0.336, 0.344, 0.327
1985, 2, 0.295, , 0.335, 0.343, 0.326
1985, 3, 0.311, , 0.334, 0.342, 0.325
1985, 4, 0.391, , 0.333, 0.341, 0.324
1985, 5, 0.324, , 0.332, 0.340, 0.323
1985, 6, 0.335, , 0.330, 0.339, 0.322
1985, 7, 0.299, , 0.329, 0.338, 0.321
1985, 8, 0.252, , 0.328, 0.337, 0.320
1985, 9, 0.232, , 0.327, 0.336, 0.319
1985, 10, 0.304, , 0.326, 0.335, 0.317
1985, 11, 0.017, , 0.325, 0.334, 0.316
1985, 12, 0.167, , 0.324, 0.332, 0.315
1986, 1, 0.492, , 0.323, 0.331, 0.314
1986, 2, 0.313, , 0.322, 0.330, 0.313
1986, 3, 0.445, , 0.321, 0.329, 0.312
1986, 4, 0.355, , 0.320, 0.328, 0.311
1986, 5, 0.388, , 0.318, 0.327, 0.310
1986, 6, 0.350, , 0.317, 0.326, 0.309
1986, 7, 0.333, , 0.316, 0.325, 0.308
1986, 8, 0.304, , 0.315, 0.324, 0.306
1986, 9, 0.214, , 0.314, 0.323, 0.305
1986, 10, 0.252, , 0.313, 0.322, 0.304
1986, 11, 0.255, , 0.312, 0.321, 0.303
1986, 12, 0.372, , 0.311, 0.319, 0.302
1987, 1, 0.443, , 0.310, 0.318, 0.301
1987, 2, 0.466, , 0.309, 0.317, 0.300
1987, 3, 0.341, , 0.307, 0.316, 0.299
1987, 4, 0.428, , 0.306, 0.315, 0.298
1987, 5, 0.431, , 0.305, 0.314, 0.296
1987, 6, 0.381, , 0.304, 0.313, 0.295
1987, 7, 0.354, , 0.303, 0.312, 0.294
1987, 8, 0.258, , 0.302, 0.311, 0.293
1987, 9, 0.346, , 0.301, 0.310, 0.292
1987, 10, 0.334, , 0.300, 0.309, 0.291
1987, 11, 0.453, , 0.299, 0.308, 0.290
1987, 12, 0.457, , 0.298, 0.307, 0.289
1988, 1, 0.373, , 0.297, 0.305, 0.288
1988, 2, 0.292, , 0.295, 0.304, 0.287
1988, 3, 0.381, , 0.294, 0.303, 0.285
1988, 4, 0.376, , 0.293, 0.302, 0.284
1988, 5, 0.412, , 0.292, 0.301, 0.283
1988, 6, 0.375, , 0.291, 0.300, 0.282
1988, 7, 0.354, , 0.290, 0.299, 0.281
1988, 8, 0.331, , 0.289, 0.298, 0.280
1988, 9, 0.312, , 0.288, 0.297, 0.279
1988, 10, 0.300, , 0.287, 0.296, 0.278
1988, 11, 0.432, , 0.286, 0.295, 0.277
1988, 12, 0.247, , 0.284, 0.294, 0.275
1989, 1, 0.312, , 0.283, 0.292, 0.274
1989, 2, 0.005, , 0.282, 0.291, 0.273
1989, 3, 0.277, , 0.281, 0.290, 0.272
1989, 4, 0.233, , 0.280, 0.289, 0.271
1989, 5, 0.303, , 0.279, 0.288, 0.270
1989, 6, 0.265, , 0.278, 0.287, 0.269
1989, 7, 0.327, , 0.277, 0.286, 0.268
1989, 8, 0.258, , 0.276, 0.285, 0.267
1989, 9, 0.226, , 0.275, 0.284, 0.265
1989, 10, 0.262, , 0.274, 0.283, 0.264
1989, 11, 0.264, , 0.272, 0.282, 0.263
1989, 12, 0.247, , 0.271, 0.281, 0.262
1990, 1, 0.315, , 0.270, 0.279, 0.261
1990, 2, 0.261, , 0.269, 0.278, 0.260
1990, 3, 0.277, , 0.268, 0.277, 0.259
1990, 4, 0.224, , 0.267, 0.276, 0.258
1990, 5, 0.248, , 0.266, 0.275, 0.257
1990, 6, 0.329, , 0.265, 0.274, 0.255
1990, 7, 0.263, , 0.264, 0.273, 0.254
1990, 8, 0.313, , 0.263, 0.272, 0.253
1990, 9, 0.302, , 0.261, 0.271, 0.252
1990, 10, 0.314, , 0.260, 0.270, 0.251
1990, 11, 0.218, , 0.259, 0.269, 0.250
1990, 12, 0.082, , 0.258, 0.268, 0.249
1991, 1, 0.092, , 0.257, 0.267, 0.248
1991, 2, 0.365, , 0.256, 0.265, 0.247
1991, 3, 0.247, , 0.255, 0.264, 0.245
1991, 4, 0.242, , 0.254, 0.263, 0.244
1991, 5, 0.260, , 0.253, 0.262, 0.243
1991, 6, 0.234, , 0.252, 0.261, 0.242
1991, 7, 0.251, , 0.251, 0.260, 0.241
1991, 8, 0.328, , 0.249, 0.259, 0.240
1991, 9, 0.270, , 0.248, 0.258, 0.239
1991, 10, 0.206, , 0.247, 0.257, 0.238
1991, 11, 0.304, , 0.246, 0.256, 0.237
1991, 12, 0.381, , 0.245, 0.255, 0.235
1992, 1, 0.531, , 0.244, 0.254, 0.234
1992, 2, 0.511, , 0.243, 0.252, 0.233
1992, 3, 0.353, , 0.242, 0.251, 0.232
1992, 4, 0.391, , 0.241, 0.250, 0.231
1992, 5, 0.300, , 0.240, 0.249, 0.230
1992, 6, 0.274, , 0.239, 0.248, 0.229
1992, 7, 0.269, , 0.237, 0.247, 0.228
1992, 8, 0.231, , 0.236, 0.246, 0.227
1992, 9, 0.288, , 0.235, 0.245, 0.225
1992, 10, 0.246, , 0.234, 0.244, 0.224
1992, 11, 0.273, , 0.233, 0.243, 0.223
1992, 12, 0.174, , 0.232, 0.242, 0.222
1993, 1, 0.223, , 0.231, 0.241, 0.221
1993, 2, 0.277, , 0.230, 0.240, 0.220
1993, 3, 0.323, , 0.229, 0.238, 0.219
1993, 4, 0.364, , 0.228, 0.237, 0.218
1993, 5, 0.361, , 0.226, 0.236, 0.217
1993, 6, 0.326, , 0.225, 0.235, 0.215
1993, 7, 0.214, , 0.224, 0.234, 0.214
1993, 8, 0.170, , 0.223, 0.233, 0.213
1993, 9, 0.120, , 0.222, 0.232, 0.212
1993, 10, 0.136, , 0.221, 0.231, 0.211
1993, 11, 0.154, , 0.220, 0.230, 0.210
1993, 12, 0.286, , 0.219, 0.229, 0.209
1994, 1, 0.175, , 0.218, 0.228, 0.208
1994, 2, 0.150, , 0.217, 0.227, 0.207
1994, 3, 0.227, , 0.216, 0.226, 0.205
1994, 4, 0.221, , 0.214, 0.224, 0.204
1994, 5, 0.245, , 0.213, 0.223, 0.203
1994, 6, 0.250, , 0.212, 0.222, 0.202
1994, 7, 0.203, , 0.211, 0.221, 0.201
1994, 8, 0.175, , 0.210, 0.220, 0.200
1994, 9, 0.254, , 0.209, 0.219, 0.199
1994, 10, 0.266, , 0.208, 0.218, 0.198
1994, 11, 0.260, , 0.207, 0.217, 0.197
1994, 12, 0.264, , 0.206, 0.216, 0.195
1995, 1, 0.303, , 0.205, 0.215, 0.194
1995, 2, 0.173, , 0.203, 0.214, 0.193
1995, 3, 0.203, , 0.202, 0.213, 0.192
1995, 4, 0.187, , 0.201, 0.212, 0.191
1995, 5, 0.159, , 0.200, 0.210, 0.190
1995, 6, 0.177, , 0.199, 0.209, 0.189
1995, 7, 0.189, , 0.198, 0.208, 0.188
1995, 8, 0.199, , 0.197, 0.207, 0.187
1995, 9, 0.162, , 0.196, 0.206, 0.185
1995, 10, 0.184, , 0.195, 0.205, 0.184
1995, 11, 0.115, , 0.194, 0.204, 0.183
1995, 12, 0.124, , 0.193, 0.203, 0.182
1996, 1, 0.084, , 0.191, 0.202, 0.181
1996, 2, 0.186, , 0.190, 0.201, 0.180
1996, 3, 0.042, , 0.189, 0.200, 0.179
1996, 4, 0.224, , 0.188, 0.199, 0.178
1996, 5, 0.125, , 0.187, 0.198, 0.177
1996, 6, 0.165, , 0.186, 0.196, 0.175
1996, 7, 0.107, , 0.185, 0.195, 0.174
1996, 8, 0.152, , 0.184, 0.194, 0.173
1996, 9, 0.152, , 0.183, 0.193, 0.172
1996, 10, 0.138, , 0.182, 0.192, 0.171
1996, 11, -0.020, , 0.180, 0.191, 0.170
1996, 12, 0.080, , 0.179, 0.190, 0.169
1997, 1, 0.102, , 0.178, 0.189, 0.168
1997, 2, 0.113, , 0.177, 0.188, 0.166
1997, 3, 0.146, , 0.176, 0.187, 0.165
1997, 4, 0.130, , 0.175, 0.186, 0.164
1997, 5, 0.126, , 0.174, 0.185, 0.163
1997, 6, 0.257, , 0.173, 0.184, 0.162
1997, 7, 0.232, , 0.172, 0.183, 0.161
1997, 8, 0.181, , 0.171, 0.181, 0.160
1997, 9, 0.216, , 0.170, 0.180, 0.159
1997, 10, 0.204, , 0.168, 0.179, 0.158
1997, 11, 0.265, , 0.167, 0.178, 0.156
1997, 12, 0.371, , 0.166, 0.177, 0.155
1998, 1, 0.324, , 0.165, 0.176, 0.154
1998, 2, 0.463, , 0.164, 0.175, 0.153
1998, 3, 0.156, , 0.163, 0.174, 0.152
1998, 4, 0.152, , 0.162, 0.173, 0.151
1998, 5, 0.134, , 0.161, 0.172, 0.150
1998, 6, 0.050, , 0.160, 0.171, 0.149
1998, 7, 0.083, , 0.159, 0.170, 0.148
1998, 8, 0.108, , 0.157, 0.169, 0.146
1998, 9, 0.096, , 0.156, 0.167, 0.145
1998, 10, 0.052, , 0.155, 0.166, 0.144
1998, 11, 0.134, , 0.154, 0.165, 0.143
1998, 12, 0.057, , 0.153, 0.164, 0.142
1999, 1, 0.072, , 0.152, 0.163, 0.141
1999, 2, 0.284, , 0.151, 0.162, 0.140
1999, 3, 0.199, , 0.150, 0.161, 0.139
1999, 4, 0.082, , 0.149, 0.160, 0.138
1999, 5, 0.139, , 0.148, 0.159, 0.136
1999, 6, 0.131, , 0.147, 0.158, 0.135
1999, 7, 0.089, , 0.145, 0.157, 0.134
1999, 8, 0.140, , 0.144, 0.156, 0.133
1999, 9, 0.092, , 0.143, 0.155, 0.132
1999, 10, 0.100, , 0.142, 0.154, 0.131
1999, 11, 0.251, , 0.141, 0.152, 0.130
1999, 12, 0.138, , 0.140, 0.151, 0.129
2000, 1, 0.106, , 0.139, 0.150, 0.127
2000, 2, 0.152, , 0.138, 0.149, 0.126
2000, 3, 0.185, , 0.137, 0.148, 0.125
2000, 4, 0.119, , 0.136, 0.147, 0.124
2000, 5, 0.149, , 0.134, 0.146, 0.123
2000, 6, 0.094, , 0.133, 0.145, 0.122
2000, 7, 0.113, , 0.132, 0.144, 0.121
2000, 8, 0.080, , 0.131, 0.143, 0.120
2000, 9, 0.104, , 0.130, 0.142, 0.119
2000, 10, 0.102, , 0.129, 0.141, 0.117
2000, 11, 0.041, , 0.128, 0.140, 0.116
2000, 12, 0.020, , 0.127, 0.138, 0.115
2001, 1, 0.218, , 0.126, 0.137, 0.114
2001, 2, 0.025, , 0.125, 0.136, 0.113
2001, 3, 0.101, , 0.124, 0.135, 0.112
2001, 4, 0.062, , 0.122, 0.134, 0.111
2001, 5, 0.125, , 0.121, 0.133, 0.110
2001, 6, 0.075, , 0.120, 0.132, 0.108
2001, 7, 0.073, , 0.119, 0.131, 0.107
2001, 8, 0.117, , 0.118, 0.130, 0.106
2001, 9, 0.148, , 0.117, 0.129, 0.105
2001, 10, 0.124, , 0.116, 0.128, 0.104
2001, 11, 0.154, , 0.115, 0.127, 0.103
2001, 12, 0.107, , 0.114, 0.126, 0.102
2002, 1, 0.118, , 0.113, 0.125, 0.101
2002, 2, 0.119, , 0.112, 0.123, 0.100
2002, 3, -0.052, , 0.110, 0.122, 0.098
2002, 4, -0.095, , 0.109, 0.121, 0.097
2002, 5, -0.034, , 0.108, 0.120, 0.096
2002, 6, 0.044, , 0.107, 0.119, 0.095
2002, 7, 0.070, , 0.106, 0.118, 0.094
2002, 8, 0.073, , 0.105, 0.117, 0.093
2002, 9, 0.090, , 0.104, 0.116, 0.092
2002, 10, 0.020, , 0.103, 0.115, 0.091
2002, 11, 0.141, , 0.102, 0.114, 0.090
2002, 12, 0.438, , 0.101, 0.113, 0.088
2003, 1, 0.243, , 0.099, 0.112, 0.087
2003, 2, -0.008, , 0.098, 0.111, 0.086
2003, 3, 0.083, , 0.097, 0.110, 0.085
2003, 4, 0.111, , 0.096, 0.108, 0.084
2003, 5, 0.094, , 0.095, 0.107, 0.083
2003, 6, 0.025, , 0.094, 0.106, 0.082
2003, 7, 0.061, , 0.093, 0.105, 0.081
2003, 8, 0.054, , 0.092, 0.104, 0.079
2003, 9, 0.090, , 0.091, 0.103, 0.078
2003, 10, 0.054, , 0.090, 0.102, 0.077
2003, 11, -0.012, , 0.089, 0.101, 0.076
2003, 12, 0.204, , 0.087, 0.100, 0.075
2004, 1, 0.102, , 0.086, 0.099, 0.074
2004, 2, 0.160, , 0.085, 0.098, 0.073
2004, 3, 0.097, , 0.084, 0.097, 0.072
2004, 4, 0.049, , 0.083, 0.096, 0.071
2004, 5, 0.032, , 0.082, 0.095, 0.069
2004, 6, 0.045, , 0.081, 0.093, 0.068
2004, 7, 0.082, , 0.080, 0.092, 0.067
2004, 8, 0.044, , 0.079, 0.091, 0.066
2004, 9, 0.088, , 0.078, 0.090, 0.065
2004, 10, 0.038, , 0.076, 0.089, 0.064
2004, 11, 0.050, , 0.075, 0.088, 0.063
2004, 12, 0.032, , 0.074, 0.087, 0.062
2005, 1, -0.014, , 0.073, 0.086, 0.060
2005, 2, 0.048, , 0.072, 0.085, 0.059
2005, 3, 0.122, , 0.071, 0.084, 0.058
2005, 4, 0.149, , 0.070, 0.083, 0.057
2005, 5, 0.149, , 0.069, 0.082, 0.056
2005, 6, 0.047, , 0.068, 0.081, 0.055
2005, 7, 0.103, , 0.067, 0.080, 0.054
2005, 8, 0.061, , 0.066, 0.078, 0.053
2005, 9, 0.088, , 0.064, 0.077, 0.052
2005, 10, 0.122, , 0.063, 0.076, 0.050
2005, 11, 0.110, , 0.062, 0.075, 0.049
2005, 12, 0.125, , 0.061, 0.074, 0.048
2006, 1, 0.228, , 0.060, 0.073, 0.047
2006, 2, -0.016, , 0.059, 0.072, 0.046
2006, 3, 0.019, , 0.058, 0.071, 0.045
2006, 4, 0.133, , 0.057, 0.070, 0.044
2006, 5, 0.067, , 0.056, 0.069, 0.043
2006, 6, 0.038, , 0.055, 0.068, 0.041
2006, 7, -0.016, , 0.053, 0.067, 0.040
2006, 8, 0.021, , 0.052, 0.066, 0.039
2006, 9, -0.006, , 0.051, 0.065, 0.038
2006, 10, -0.092, , 0.050, 0.063, 0.037
2006, 11, -0.099, , 0.049, 0.062, 0.036
2006, 12, 0.110, , 0.048, 0.061, 0.035
2007, 1, 0.023, , 0.047, 0.060, 0.034
2007, 2, 0.005, , 0.046, 0.059, 0.033
2007, 3, 0.040, , 0.045, 0.058, 0.031
2007, 4, 0.049, , 0.044, 0.057, 0.030
2007, 5, 0.007, , 0.043, 0.056, 0.029
2007, 6, 0.007, , 0.041, 0.055, 0.028
2007, 7, 0.049, , 0.040, 0.054, 0.027
2007, 8, -0.023, , 0.039, 0.053, 0.026
2007, 9, -0.034, , 0.038, 0.052, 0.025
2007, 10, 0.063, , 0.037, 0.051, 0.024
2007, 11, -0.045, , 0.036, 0.050, 0.022
2007, 12, -0.049, , 0.035, 0.048, 0.021
2008, 1, 0.046, , 0.034, 0.047, 0.020
2008, 2, -0.018, , 0.033, 0.046, 0.019
2008, 3, 0.014, , 0.032, 0.045, 0.018
2008, 4, -0.066, , 0.030, 0.044, 0.017
2008, 5, -0.036, , 0.029, 0.043, 0.016
2008, 6, -0.014, , 0.028, 0.042, 0.015
2008, 7, 0.064, , 0.027, 0.041, 0.013
2008, 8, 0.107, , 0.026, 0.040, 0.012
2008, 9, -0.018, , 0.025, 0.039, 0.011
2008, 10, 0.058, , 0.024, 0.038, 0.010
2008, 11, 0.070, , 0.023, 0.037, 0.009
2008, 12, -0.129, , 0.022, 0.036, 0.008
2009, 1, -0.070, , 0.021, 0.035, 0.007
2009, 2, -0.052, , 0.020, 0.033, 0.006
2009, 3, -0.011, , 0.018, 0.032, 0.005
2009, 4, -0.105, , 0.017, 0.031, 0.003
2009, 5, -0.035, , 0.016, 0.030, 0.002
2009, 6, -0.001, , 0.015, 0.029, 0.001
2009, 7, -0.066, , 0.014, 0.028, 0.000
2009, 8, 0.008, , 0.013, 0.027, -0.001
2009, 9, 0.090, , 0.012, 0.026, -0.002
2009, 10, -0.026, , 0.011, 0.025, -0.003
2009, 11, 0.174, , 0.010, 0.024, -0.004
2009, 12, -0.087, , 0.009, 0.023, -0.006
2010, 1, 0.221, , 0.008, 0.022, -0.007
2010, 2, 0.154, , 0.006, 0.021, -0.008
2010, 3, 0.162, , 0.005, 0.020, -0.009
2010, 4, 0.062, , 0.004, 0.018, -0.010
2010, 5, -0.013, , 0.003, 0.017, -0.011
2010, 6, 0.001, , 0.002, 0.016, -0.012
2010, 7, -0.097, , 0.001, 0.015, -0.013
2010, 8, -0.110, , -0.000, 0.014, -0.014
2010, 9, -0.060, , -0.001, 0.013, -0.016
2010, 10, 0.038, , -0.002, 0.012, -0.017
2010, 11, -0.006, , -0.003, 0.011, -0.018
2010, 12, 0.021, , -0.005, 0.010, -0.019
2011, 1, -0.059, , -0.006, 0.009, -0.020
2011, 2, -0.098, , -0.007, 0.008, -0.021
2011, 3, 0.018, , -0.008, 0.007, -0.022
2011, 4, 0.002, , -0.009, 0.006, -0.023
2011, 5, -0.055, , -0.010, 0.005, -0.025
2011, 6, -0.153, , -0.011, 0.003, -0.026
2011, 7, -0.020, , -0.012, 0.002, -0.027
2011, 8, -0.054, , -0.013, 0.001, -0.028
2011, 9, 0.054, , -0.014, 0.000, -0.029
2011, 10, 0.036, , -0.015, -0.001, -0.030
2011, 11, 0.033, , -0.017, -0.002, -0.031
2011, 12, -0.063, , -0.018, -0.003, -0.032
2012, 1, 0.105, , -0.019, -0.004, -0.034
2012, 2, 0.026, , -0.020, -0.005, -0.035
2012, 3, 0.131, , -0.021, -0.006, -0.036
2012, 4, 0.069, , -0.022, -0.007, -0.037
2012, 5, 0.027, , -0.023, -0.008, -0.038
2012, 6, 0.027, , -0.024, -0.009, -0.039
2012, 7, -0.077, , -0.025, -0.010, -0.040
2012, 8, -0.090, , -0.026, -0.012, -0.041
2012, 9, -0.088, , -0.028, -0.013, -0.042
2012, 10, -0.192, , -0.029, -0.014, -0.044
2012, 11, -0.083, , -0.030, -0.015, -0.045
2012, 12, -0.049, , -0.031, -0.016, -0.046
2013, 1, -0.090, , -0.032, -0.017, -0.047
2013, 2, -0.070, , -0.033, -0.018, -0.048
2013, 3, -0.175, , -0.034, -0.019, -0.049
2013, 4, -0.106, , -0.035, -0.020, -0.050
2013, 5, -0.090, , -0.036, -0.021, -0.051
2013, 6, -0.116, , -0.037, -0.022, -0.053
2013, 7, -0.154, , -0.038, -0.023, -0.054
2013, 8, -0.092, , -0.040, -0.024, -0.055
2013, 9, -0.008, , -0.041, -0.025, -0.056
2013, 10, -0.168, , -0.042, -0.026, -0.057
2013, 11, -0.219, , -0.043, -0.028, -0.058
2013, 12, -0.278, , -0.044, -0.029, -0.059
2014, 1, -0.116, , -0.045, -0.030, -0.060
2014, 2, -0.138, , -0.046, -0.031, -0.062
2014, 3, -0.098, , -0.047, -0.032, -0.063
2014, 4, -0.008, , -0.048, -0.033, -0.064
2014, 5, -0.057, , -0.049, -0.034, -0.065
2014, 6, -0.107, , -0.051, -0.035, -0.066
2014, 7, -0.079, , -0.052, -0.036, -0.067
2014, 8, -0.101, , -0.053, -0.037, -0.068
2014, 9, -0.068, , -0.054, -0.038, -0.069
2014, 10, 0.068, , -0.055, -0.039, -0.070
2014, 11, -0.117, , -0.056, -0.040, -0.072
2014, 12, 0.001, , -0.057, -0.041, -0.073
2015, 1, -0.025, , -0.058, -0.043, -0.074
2015, 2, -0.119, , -0.059, -0.044, -0.075
2015, 3, -0.064, , -0.060, -0.045, -0.076
2015, 4, 0.010, , -0.061, -0.046, -0.077
2015, 5, -0.121, , -0.063, -0.047, -0.078
2015, 6, -0.121, , -0.064, -0.048, -0.079
2015, 7, -0.079, , -0.065, -0.049, -0.081
2015, 8, -0.044, , -0.066, -0.050, -0.082
2015, 9, -0.004, , -0.067, -0.051, -0.083
2015, 10, -0.022, , -0.068, -0.052, -0.084
2015, 11, -0.062, , -0.069, -0.053, -0.085
2015, 12, 0.052, , -0.070, -0.054, -0.086
2016, 1, 0.130, , -0.071, -0.055, -0.087
2016, 2, 0.065, , -0.072, -0.056, -0.088
2016, 3, 0.096, , -0.074, -0.057, -0.090
2016, 4, -0.045, , -0.075, -0.059, -0.091
2016, 5, -0.125, , -0.076, -0.060, -0.092
2016, 6, -0.088, , -0.077, -0.061, -0.093
2016, 7, -0.093, , -0.078, -0.062, -0.094
2016, 8, -0.190, , -0.079, -0.063, -0.095
2016, 9, -0.140, , -0.080, -0.064, -0.096
2016, 10, -0.160, , -0.081, -0.065, -0.097
2016, 11, 0.033, , -0.082, -0.066, -0.098
2016, 12, -0.216, , -0.083, -0.067, -0.100
2017, 1, , , -0.084, -0.068, -0.101
2017, 2, , , -0.086, -0.069, -0.102
2017, 3, , , -0.087, -0.070, -0.103
2017, 4, , , -0.088, -0.071, -0.104
2017, 5, , , -0.089, -0.072, -0.105
2017, 6, , , -0.090, -0.074, -0.106
2017, 7, , , -0.091, -0.075, -0.107
2017, 8, , , -0.092, -0.076, -0.109
2017, 9, , , -0.093, -0.077, -0.110
2017, 10, , , -0.094, -0.078, -0.111
2017, 11, , , -0.095, -0.079, -0.112
2017, 12, , , -0.096, -0.080, -0.113
2018, 1, , , -0.098, -0.081, -0.114
2018, 2, , , -0.099, -0.082, -0.115
2018, 3, , , -0.100, -0.083, -0.116
2018, 4, , , -0.101, -0.084, -0.118
2018, 5, , , -0.102, -0.085, -0.119
2018, 6, , , -0.103, -0.086, -0.120
2018, 7, , , -0.104, -0.087, -0.121
2018, 8, , , -0.105, -0.088, -0.122
2018, 9, , , -0.106, -0.090, -0.123
2018, 10, , , -0.107, -0.091, -0.124
2018, 11, , , -0.109, -0.092, -0.125
2018, 12, , , -0.110, -0.093, -0.126
2019, 1, , , -0.111, -0.094, -0.128
2019, 2, , , -0.112, -0.095, -0.129
2019, 3, , , -0.113, -0.096, -0.130
2019, 4, , , -0.114, -0.097, -0.131
2019, 5, , , -0.115, -0.098, -0.132
2019, 6, , , -0.116, -0.099, -0.133
2019, 7, , , -0.117, -0.100, -0.134
2019, 8, , , -0.118, -0.101, -0.135
2019, 9, , , -0.119, -0.102, -0.137
2019, 10, , , -0.121, -0.103, -0.138
2019, 11, , , -0.122, -0.105, -0.139
2019, 12, , , -0.123, -0.106, -0.140
2020, 1, , , -0.124, -0.107, -0.141
2020, 2, , , -0.125, -0.108, -0.142
2020, 3, , , -0.126, -0.109, -0.143
2020, 4, , , -0.127, -0.110, -0.144
2020, 5, , , -0.128, -0.111, -0.146
2020, 6, , , -0.129, -0.112, -0.147
2020, 7, , , -0.130, -0.113, -0.148
2020, 8, , , -0.132, -0.114, -0.149
2020, 9, , , -0.133, -0.115, -0.150
2020, 10, , , -0.134, -0.116, -0.151
2020, 11, , , -0.135, -0.117, -0.152
2020, 12, , , -0.136, -0.118, -0.153
