Year, Month, Monthly_MSL, Unverified, Linear_Trend, High_Conf., Low_Conf.
1964, 4, , , 0.486, 0.528, 0.443
1964, 5, , , 0.485, 0.527, 0.442
1964, 6, , , 0.484, 0.526, 0.442
1964, 7, , , 0.483, 0.525, 0.441
1964, 8, , , 0.482, 0.524, 0.440
1964, 9, , , 0.481, 0.523, 0.439
1964, 10, , , 0.480, 0.522, 0.438
1964, 11, , , 0.479, 0.521, 0.438
1964, 12, , , 0.479, 0.520, 0.437
1965, 1, , , 0.478, 0.519, 0.436
1965, 2, , , 0.477, 0.518, 0.435
1965, 3, , , 0.476, 0.517, 0.435
1965, 4, , , 0.475, 0.516, 0.434
1965, 5, , , 0.474, 0.516, 0.433
1965, 6, , , 0.473, 0.515, 0.432
1965, 7, , , 0.473, 0.514, 0.431
1965, 8, , , 0.472, 0.513, 0.431
1965, 9, , , 0.471, 0.512, 0.430
1965, 10, , , 0.470, 0.511, 0.429
1965, 11, , , 0.469, 0.510, 0.428
1965, 12, , , 0.468, 0.509, 0.428
1966, 1, , , 0.467, 0.508, 0.427
1966, 2, , , 0.466, 0.507, 0.426
1966, 3, , , 0.466, 0.506, 0.425
1966, 4, , , 0.465, 0.505, 0.424
1966, 5, , , 0.464, 0.504, 0.424
1966, 6, , , 0.463, 0.503, 0.423
1966, 7, , , 0.462, 0.502, 0.422
1966, 8, , , 0.461, 0.501, 0.421
1966, 9, , , 0.460, 0.500, 0.420
1966, 10, , , 0.460, 0.499, 0.420
1966, 11, , , 0.459, 0.498, 0.419
1966, 12, , , 0.458, 0.497, 0.418
1967, 1, , , 0.457, 0.496, 0.417
1967, 2, , , 0.456, 0.496, 0.417
1967, 3, , , 0.455, 0.495, 0.416
1967, 4, , , 0.454, 0.494, 0.415
1967, 5, , , 0.453, 0.493, 0.414
1967, 6, , , 0.453, 0.492, 0.413
1967, 7, , , 0.452, 0.491, 0.413
1967, 8, , , 0.451, 0.490, 0.412
1967, 9, , , 0.450, 0.489, 0.411
1967, 10, , , 0.449, 0.488, 0.410
1967, 11, , , 0.448, 0.487, 0.410
1967, 12, , , 0.447, 0.486, 0.409
1968, 1, , , 0.446, 0.485, 0.408
1968, 2, , , 0.446, 0.484, 0.407
1968, 3, , , 0.445, 0.483, 0.406
1968, 4, , , 0.444, 0.482, 0.406
1968, 5, , , 0.443, 0.481, 0.405
1968, 6, , , 0.442, 0.480, 0.404
1968, 7, , , 0.441, 0.479, 0.403
1968, 8, , , 0.440, 0.478, 0.402
1968, 9, , , 0.440, 0.477, 0.402
1968, 10, , , 0.439, 0.476, 0.401
1968, 11, , , 0.438, 0.475, 0.400
1968, 12, , , 0.437, 0.475, 0.399
1969, 1, , , 0.436, 0.474, 0.399
1969, 2, , , 0.435, 0.473, 0.398
1969, 3, , , 0.434, 0.472, 0.397
1969, 4, , , 0.433, 0.471, 0.396
1969, 5, , , 0.433, 0.470, 0.395
1969, 6, , , 0.432, 0.469, 0.395
1969, 7, , , 0.431, 0.468, 0.394
1969, 8, , , 0.430, 0.467, 0.393
1969, 9, , , 0.429, 0.466, 0.392
1969, 10, , , 0.428, 0.465, 0.391
1969, 11, , , 0.427, 0.464, 0.391
1969, 12, , , 0.427, 0.463, 0.390
1970, 1, , , 0.426, 0.462, 0.389
1970, 2, , , 0.425, 0.461, 0.388
1970, 3, , , 0.424, 0.460, 0.388
1970, 4, , , 0.423, 0.459, 0.387
1970, 5, , , 0.422, 0.458, 0.386
1970, 6, , , 0.421, 0.457, 0.385
1970, 7, , , 0.420, 0.456, 0.384
1970, 8, , , 0.420, 0.455, 0.384
1970, 9, , , 0.419, 0.455, 0.383
1970, 10, , , 0.418, 0.454, 0.382
1970, 11, , , 0.417, 0.453, 0.381
1970, 12, , , 0.416, 0.452, 0.381
1971, 1, , , 0.415, 0.451, 0.380
1971, 2, , , 0.414, 0.450, 0.379
1971, 3, , , 0.413, 0.449, 0.378
1971, 4, , , 0.413, 0.448, 0.377
1971, 5, , , 0.412, 0.447, 0.377
1971, 6, , , 0.411, 0.446, 0.376
1971, 7, , , 0.410, 0.445, 0.375
1971, 8, , , 0.409, 0.444, 0.374
1971, 9, , , 0.408, 0.443, 0.373
1971, 10, , , 0.407, 0.442, 0.373
1971, 11, , , 0.407, 0.441, 0.372
1971, 12, , , 0.406, 0.440, 0.371
1972, 1, , , 0.405, 0.439, 0.370
1972, 2, , , 0.404, 0.438, 0.370
1972, 3, , , 0.403, 0.437, 0.369
1972, 4, , , 0.402, 0.436, 0.368
1972, 5, , , 0.401, 0.435, 0.367
1972, 6, , , 0.400, 0.435, 0.366
1972, 7, , , 0.400, 0.434, 0.366
1972, 8, , , 0.399, 0.433, 0.365
1972, 9, , , 0.398, 0.432, 0.364
1972, 10, , , 0.397, 0.431, 0.363
1972, 11, , , 0.396, 0.430, 0.362
1972, 12, , , 0.395, 0.429, 0.362
1973, 1, 0.407, , 0.394, 0.428, 0.361
1973, 2, 0.420, , 0.394, 0.427, 0.360
1973, 3, 0.457, , 0.393, 0.426, 0.359
1973, 4, 0.382, , 0.392, 0.425, 0.359
1973, 5, 0.513, , 0.391, 0.424, 0.358
1973, 6, 0.496, , 0.390, 0.423, 0.357
1973, 7, 0.410, , 0.389, 0.422, 0.356
1973, 8, 0.369, , 0.388, 0.421, 0.355
1973, 9, 0.364, , 0.387, 0.420, 0.355
1973, 10, 0.394, , 0.387, 0.419, 0.354
1973, 11, 0.244, , 0.386, 0.418, 0.353
1973, 12, 0.428, , 0.385, 0.417, 0.352
1974, 1, , , 0.384, 0.416, 0.351
1974, 2, , , 0.383, 0.415, 0.351
1974, 3, , , 0.382, 0.415, 0.350
1974, 4, , , 0.381, 0.414, 0.349
1974, 5, , , 0.380, 0.413, 0.348
1974, 6, , , 0.380, 0.412, 0.348
1974, 7, , , 0.379, 0.411, 0.347
1974, 8, , , 0.378, 0.410, 0.346
1974, 9, , , 0.377, 0.409, 0.345
1974, 10, , , 0.376, 0.408, 0.344
1974, 11, , , 0.375, 0.407, 0.344
1974, 12, , , 0.374, 0.406, 0.343
1975, 1, , , 0.374, 0.405, 0.342
1975, 2, , , 0.373, 0.404, 0.341
1975, 3, , , 0.372, 0.403, 0.340
1975, 4, , , 0.371, 0.402, 0.340
1975, 5, , , 0.370, 0.401, 0.339
1975, 6, 0.362, , 0.369, 0.400, 0.338
1975, 7, 0.480, , 0.368, 0.399, 0.337
1975, 8, 0.430, , 0.367, 0.398, 0.337
1975, 9, , , 0.367, 0.397, 0.336
1975, 10, , , 0.366, 0.396, 0.335
1975, 11, , , 0.365, 0.396, 0.334
1975, 12, , , 0.364, 0.395, 0.333
1976, 1, , , 0.363, 0.394, 0.333
1976, 2, , , 0.362, 0.393, 0.332
1976, 3, , , 0.361, 0.392, 0.331
1976, 4, , , 0.361, 0.391, 0.330
1976, 5, , , 0.360, 0.390, 0.329
1976, 6, , , 0.359, 0.389, 0.329
1976, 7, , , 0.358, 0.388, 0.328
1976, 8, , , 0.357, 0.387, 0.327
1976, 9, , , 0.356, 0.386, 0.326
1976, 10, , , 0.355, 0.385, 0.326
1976, 11, , , 0.354, 0.384, 0.325
1976, 12, , , 0.354, 0.383, 0.324
1977, 1, , , 0.353, 0.382, 0.323
1977, 2, , , 0.352, 0.381, 0.322
1977, 3, , , 0.351, 0.380, 0.322
1977, 4, , , 0.350, 0.379, 0.321
1977, 5, , , 0.349, 0.378, 0.320
1977, 6, , , 0.348, 0.377, 0.319
1977, 7, , , 0.347, 0.377, 0.318
1977, 8, , , 0.347, 0.376, 0.318
1977, 9, , , 0.346, 0.375, 0.317
1977, 10, , , 0.345, 0.374, 0.316
1977, 11, , , 0.344, 0.373, 0.315
1977, 12, , , 0.343, 0.372, 0.315
1978, 1, , , 0.342, 0.371, 0.314
1978, 2, , , 0.341, 0.370, 0.313
1978, 3, , , 0.341, 0.369, 0.312
1978, 4, , , 0.340, 0.368, 0.311
1978, 5, , , 0.339, 0.367, 0.311
1978, 6, , , 0.338, 0.366, 0.310
1978, 7, , , 0.337, 0.365, 0.309
1978, 8, , , 0.336, 0.364, 0.308
1978, 9, , , 0.335, 0.363, 0.307
1978, 10, , , 0.334, 0.362, 0.307
1978, 11, , , 0.334, 0.361, 0.306
1978, 12, , , 0.333, 0.360, 0.305
1979, 1, , , 0.332, 0.359, 0.304
1979, 2, , , 0.331, 0.358, 0.303
1979, 3, , , 0.330, 0.358, 0.303
1979, 4, , , 0.329, 0.357, 0.302
1979, 5, , , 0.328, 0.356, 0.301
1979, 6, , , 0.328, 0.355, 0.300
1979, 7, , , 0.327, 0.354, 0.300
1979, 8, , , 0.326, 0.353, 0.299
1979, 9, , , 0.325, 0.352, 0.298
1979, 10, , , 0.324, 0.351, 0.297
1979, 11, , , 0.323, 0.350, 0.296
1979, 12, , , 0.322, 0.349, 0.296
1980, 1, , , 0.321, 0.348, 0.295
1980, 2, , , 0.321, 0.347, 0.294
1980, 3, , , 0.320, 0.346, 0.293
1980, 4, , , 0.319, 0.345, 0.292
1980, 5, 0.343, , 0.318, 0.344, 0.292
1980, 6, 0.228, , 0.317, 0.343, 0.291
1980, 7, 0.278, , 0.316, 0.342, 0.290
1980, 8, 0.198, , 0.315, 0.341, 0.289
1980, 9, 0.193, , 0.314, 0.340, 0.289
1980, 10, 0.360, , 0.314, 0.340, 0.288
1980, 11, 0.378, , 0.313, 0.339, 0.287
1980, 12, 0.148, , 0.312, 0.338, 0.286
1981, 1, 0.490, , 0.311, 0.337, 0.285
1981, 2, 0.311, , 0.310, 0.336, 0.285
1981, 3, 0.372, , 0.309, 0.335, 0.284
1981, 4, 0.236, , 0.308, 0.334, 0.283
1981, 5, 0.273, , 0.308, 0.333, 0.282
1981, 6, 0.316, , 0.307, 0.332, 0.281
1981, 7, 0.206, , 0.306, 0.331, 0.281
1981, 8, 0.350, , 0.305, 0.330, 0.280
1981, 9, 0.327, , 0.304, 0.329, 0.279
1981, 10, 0.260, , 0.303, 0.328, 0.278
1981, 11, 0.392, , 0.302, 0.327, 0.277
1981, 12, 0.327, , 0.301, 0.326, 0.277
1982, 1, 0.115, , 0.301, 0.325, 0.276
1982, 2, 0.250, , 0.300, 0.324, 0.275
1982, 3, 0.262, , 0.299, 0.323, 0.274
1982, 4, 0.300, , 0.298, 0.322, 0.274
1982, 5, , , 0.297, 0.322, 0.273
1982, 6, , , 0.296, 0.321, 0.272
1982, 7, 0.206, , 0.295, 0.320, 0.271
1982, 8, , , 0.295, 0.319, 0.270
1982, 9, , , 0.294, 0.318, 0.270
1982, 10, , , 0.293, 0.317, 0.269
1982, 11, , , 0.292, 0.316, 0.268
1982, 12, , , 0.291, 0.315, 0.267
1983, 1, , , 0.290, 0.314, 0.266
1983, 2, , , 0.289, 0.313, 0.266
1983, 3, , , 0.288, 0.312, 0.265
1983, 4, , , 0.288, 0.311, 0.264
1983, 5, , , 0.287, 0.310, 0.263
1983, 6, , , 0.286, 0.309, 0.262
1983, 7, , , 0.285, 0.308, 0.262
1983, 8, , , 0.284, 0.307, 0.261
1983, 9, , , 0.283, 0.306, 0.260
1983, 10, , , 0.282, 0.305, 0.259
1983, 11, , , 0.281, 0.305, 0.258
1983, 12, , , 0.281, 0.304, 0.258
1984, 1, , , 0.280, 0.303, 0.257
1984, 2, , , 0.279, 0.302, 0.256
1984, 3, , , 0.278, 0.301, 0.255
1984, 4, , , 0.277, 0.300, 0.255
1984, 5, , , 0.276, 0.299, 0.254
1984, 6, , , 0.275, 0.298, 0.253
1984, 7, , , 0.275, 0.297, 0.252
1984, 8, , , 0.274, 0.296, 0.251
1984, 9, , , 0.273, 0.295, 0.251
1984, 10, , , 0.272, 0.294, 0.250
1984, 11, , , 0.271, 0.293, 0.249
1984, 12, , , 0.270, 0.292, 0.248
1985, 1, , , 0.269, 0.291, 0.247
1985, 2, , , 0.268, 0.290, 0.247
1985, 3, , , 0.268, 0.289, 0.246
1985, 4, , , 0.267, 0.288, 0.245
1985, 5, , , 0.266, 0.288, 0.244
1985, 6, , , 0.265, 0.287, 0.243
1985, 7, , , 0.264, 0.286, 0.243
1985, 8, , , 0.263, 0.285, 0.242
1985, 9, , , 0.262, 0.284, 0.241
1985, 10, , , 0.262, 0.283, 0.240
1985, 11, , , 0.261, 0.282, 0.239
1985, 12, , , 0.260, 0.281, 0.239
1986, 1, , , 0.259, 0.280, 0.238
1986, 2, , , 0.258, 0.279, 0.237
1986, 3, , , 0.257, 0.278, 0.236
1986, 4, , , 0.256, 0.277, 0.235
1986, 5, , , 0.255, 0.276, 0.235
1986, 6, , , 0.255, 0.275, 0.234
1986, 7, , , 0.254, 0.274, 0.233
1986, 8, , , 0.253, 0.273, 0.232
1986, 9, , , 0.252, 0.272, 0.231
1986, 10, , , 0.251, 0.272, 0.231
1986, 11, , , 0.250, 0.271, 0.230
1986, 12, , , 0.249, 0.270, 0.229
1987, 1, , , 0.248, 0.269, 0.228
1987, 2, , , 0.248, 0.268, 0.227
1987, 3, , , 0.247, 0.267, 0.227
1987, 4, , , 0.246, 0.266, 0.226
1987, 5, , , 0.245, 0.265, 0.225
1987, 6, , , 0.244, 0.264, 0.224
1987, 7, , , 0.243, 0.263, 0.224
1987, 8, , , 0.242, 0.262, 0.223
1987, 9, , , 0.242, 0.261, 0.222
1987, 10, , , 0.241, 0.260, 0.221
1987, 11, , , 0.240, 0.259, 0.220
1987, 12, , , 0.239, 0.258, 0.220
1988, 1, , , 0.238, 0.257, 0.219
1988, 2, , , 0.237, 0.256, 0.218
1988, 3, , , 0.236, 0.256, 0.217
1988, 4, , , 0.235, 0.255, 0.216
1988, 5, , , 0.235, 0.254, 0.216
1988, 6, , , 0.234, 0.253, 0.215
1988, 7, , , 0.233, 0.252, 0.214
1988, 8, , , 0.232, 0.251, 0.213
1988, 9, , , 0.231, 0.250, 0.212
1988, 10, , , 0.230, 0.249, 0.212
1988, 11, , , 0.229, 0.248, 0.211
1988, 12, , , 0.229, 0.247, 0.210
1989, 1, , , 0.228, 0.246, 0.209
1989, 2, , , 0.227, 0.245, 0.208
1989, 3, , , 0.226, 0.244, 0.208
1989, 4, , , 0.225, 0.243, 0.207
1989, 5, , , 0.224, 0.242, 0.206
1989, 6, , , 0.223, 0.241, 0.205
1989, 7, , , 0.222, 0.241, 0.204
1989, 8, , , 0.222, 0.240, 0.204
1989, 9, , , 0.221, 0.239, 0.203
1989, 10, , , 0.220, 0.238, 0.202
1989, 11, , , 0.219, 0.237, 0.201
1989, 12, , , 0.218, 0.236, 0.200
1990, 1, , , 0.217, 0.235, 0.200
1990, 2, , , 0.216, 0.234, 0.199
1990, 3, , , 0.215, 0.233, 0.198
1990, 4, , , 0.215, 0.232, 0.197
1990, 5, , , 0.214, 0.231, 0.196
1990, 6, , , 0.213, 0.230, 0.195
1990, 7, , , 0.212, 0.229, 0.195
1990, 8, , , 0.211, 0.228, 0.194
1990, 9, , , 0.210, 0.227, 0.193
1990, 10, , , 0.209, 0.227, 0.192
1990, 11, , , 0.209, 0.226, 0.191
1990, 12, , , 0.208, 0.225, 0.191
1991, 1, , , 0.207, 0.224, 0.190
1991, 2, , , 0.206, 0.223, 0.189
1991, 3, , , 0.205, 0.222, 0.188
1991, 4, , , 0.204, 0.221, 0.187
1991, 5, , , 0.203, 0.220, 0.187
1991, 6, , , 0.202, 0.219, 0.186
1991, 7, , , 0.202, 0.218, 0.185
1991, 8, , , 0.201, 0.217, 0.184
1991, 9, , , 0.200, 0.216, 0.183
1991, 10, , , 0.199, 0.215, 0.183
1991, 11, , , 0.198, 0.214, 0.182
1991, 12, , , 0.197, 0.214, 0.181
1992, 1, , , 0.196, 0.213, 0.180
1992, 2, , , 0.196, 0.212, 0.179
1992, 3, , , 0.195, 0.211, 0.179
1992, 4, , , 0.194, 0.210, 0.178
1992, 5, , , 0.193, 0.209, 0.177
1992, 6, , , 0.192, 0.208, 0.176
1992, 7, , , 0.191, 0.207, 0.175
1992, 8, , , 0.190, 0.206, 0.175
1992, 9, , , 0.189, 0.205, 0.174
1992, 10, , , 0.189, 0.204, 0.173
1992, 11, , , 0.188, 0.203, 0.172
1992, 12, , , 0.187, 0.202, 0.171
1993, 1, , , 0.186, 0.201, 0.170
1993, 2, , , 0.185, 0.201, 0.170
1993, 3, , , 0.184, 0.200, 0.169
1993, 4, , , 0.183, 0.199, 0.168
1993, 5, , , 0.182, 0.198, 0.167
1993, 6, , , 0.182, 0.197, 0.166
1993, 7, , , 0.181, 0.196, 0.166
1993, 8, , , 0.180, 0.195, 0.165
1993, 9, , , 0.179, 0.194, 0.164
1993, 10, , , 0.178, 0.193, 0.163
1993, 11, , , 0.177, 0.192, 0.162
1993, 12, , , 0.176, 0.191, 0.162
1994, 1, , , 0.176, 0.190, 0.161
1994, 2, , , 0.175, 0.189, 0.160
1994, 3, , , 0.174, 0.189, 0.159
1994, 4, , , 0.173, 0.188, 0.158
1994, 5, , , 0.172, 0.187, 0.157
1994, 6, , , 0.171, 0.186, 0.157
1994, 7, , , 0.170, 0.185, 0.156
1994, 8, , , 0.169, 0.184, 0.155
1994, 9, , , 0.169, 0.183, 0.154
1994, 10, , , 0.168, 0.182, 0.153
1994, 11, , , 0.167, 0.181, 0.153
1994, 12, , , 0.166, 0.180, 0.152
1995, 1, , , 0.165, 0.179, 0.151
1995, 2, , , 0.164, 0.178, 0.150
1995, 3, , , 0.163, 0.178, 0.149
1995, 4, , , 0.163, 0.177, 0.148
1995, 5, , , 0.162, 0.176, 0.148
1995, 6, 0.166, , 0.161, 0.175, 0.147
1995, 7, , , 0.160, 0.174, 0.146
1995, 8, , , 0.159, 0.173, 0.145
1995, 9, , , 0.158, 0.172, 0.144
1995, 10, , , 0.157, 0.171, 0.143
1995, 11, , , 0.156, 0.170, 0.143
1995, 12, , , 0.156, 0.169, 0.142
1996, 1, , , 0.155, 0.168, 0.141
1996, 2, , , 0.154, 0.167, 0.140
1996, 3, , , 0.153, 0.167, 0.139
1996, 4, , , 0.152, 0.166, 0.139
1996, 5, , , 0.151, 0.165, 0.138
1996, 6, , , 0.150, 0.164, 0.137
1996, 7, , , 0.149, 0.163, 0.136
1996, 8, , , 0.149, 0.162, 0.135
1996, 9, , , 0.148, 0.161, 0.134
1996, 10, 0.010, , 0.147, 0.160, 0.134
1996, 11, -0.068, , 0.146, 0.159, 0.133
1996, 12, 0.038, , 0.145, 0.158, 0.132
1997, 1, 0.101, , 0.144, 0.158, 0.131
1997, 2, 0.190, , 0.143, 0.157, 0.130
1997, 3, 0.044, , 0.143, 0.156, 0.129
1997, 4, 0.090, , 0.142, 0.155, 0.129
1997, 5, 0.039, , 0.141, 0.154, 0.128
1997, 6, 0.164, , 0.140, 0.153, 0.127
1997, 7, 0.174, , 0.139, 0.152, 0.126
1997, 8, 0.128, , 0.138, 0.151, 0.125
1997, 9, 0.182, , 0.137, 0.150, 0.124
1997, 10, 0.084, , 0.136, 0.149, 0.124
1997, 11, 0.286, , 0.136, 0.148, 0.123
1997, 12, 0.315, , 0.135, 0.148, 0.122
1998, 1, 0.234, , 0.134, 0.147, 0.121
1998, 2, 0.440, , 0.133, 0.146, 0.120
1998, 3, 0.144, , 0.132, 0.145, 0.119
1998, 4, 0.205, , 0.131, 0.144, 0.119
1998, 5, 0.160, , 0.130, 0.143, 0.118
1998, 6, 0.064, , 0.130, 0.142, 0.117
1998, 7, 0.100, , 0.129, 0.141, 0.116
1998, 8, 0.115, , 0.128, 0.140, 0.115
1998, 9, 0.097, , 0.127, 0.139, 0.114
1998, 10, 0.070, , 0.126, 0.139, 0.113
1998, 11, 0.138, , 0.125, 0.138, 0.113
1998, 12, 0.035, , 0.124, 0.137, 0.112
1999, 1, -0.003, , 0.123, 0.136, 0.111
1999, 2, 0.186, , 0.123, 0.135, 0.110
1999, 3, 0.182, , 0.122, 0.134, 0.109
1999, 4, 0.064, , 0.121, 0.133, 0.108
1999, 5, 0.094, , 0.120, 0.132, 0.108
1999, 6, 0.096, , 0.119, 0.131, 0.107
1999, 7, 0.060, , 0.118, 0.131, 0.106
1999, 8, 0.106, , 0.117, 0.130, 0.105
1999, 9, 0.120, , 0.116, 0.129, 0.104
1999, 10, 0.082, , 0.116, 0.128, 0.103
1999, 11, 0.170, , 0.115, 0.127, 0.102
1999, 12, 0.057, , 0.114, 0.126, 0.102
2000, 1, 0.011, , 0.113, 0.125, 0.101
2000, 2, 0.129, , 0.112, 0.124, 0.100
2000, 3, 0.220, , 0.111, 0.123, 0.099
2000, 4, 0.107, , 0.110, 0.123, 0.098
2000, 5, 0.094, , 0.110, 0.122, 0.097
2000, 6, 0.092, , 0.109, 0.121, 0.097
2000, 7, 0.110, , 0.108, 0.120, 0.096
2000, 8, 0.012, , 0.107, 0.119, 0.095
2000, 9, 0.004, , 0.106, 0.118, 0.094
2000, 10, 0.094, , 0.105, 0.117, 0.093
2000, 11, 0.090, , 0.104, 0.116, 0.092
2000, 12, 0.100, , 0.103, 0.116, 0.091
2001, 1, 0.293, , 0.103, 0.115, 0.091
2001, 2, 0.034, , 0.102, 0.114, 0.090
2001, 3, 0.165, , 0.101, 0.113, 0.089
2001, 4, 0.130, , 0.100, 0.112, 0.088
2001, 5, 0.167, , 0.099, 0.111, 0.087
2001, 6, 0.086, , 0.098, 0.110, 0.086
2001, 7, 0.080, , 0.097, 0.109, 0.085
2001, 8, 0.130, , 0.097, 0.109, 0.084
2001, 9, 0.165, , 0.096, 0.108, 0.084
2001, 10, 0.086, , 0.095, 0.107, 0.083
2001, 11, 0.134, , 0.094, 0.106, 0.082
2001, 12, 0.094, , 0.093, 0.105, 0.081
2002, 1, 0.127, , 0.092, 0.104, 0.080
2002, 2, 0.094, , 0.091, 0.103, 0.079
2002, 3, -0.071, , 0.090, 0.102, 0.078
2002, 4, -0.097, , 0.090, 0.102, 0.078
2002, 5, -0.025, , 0.089, 0.101, 0.077
2002, 6, 0.080, , 0.088, 0.100, 0.076
2002, 7, 0.084, , 0.087, 0.099, 0.075
2002, 8, 0.078, , 0.086, 0.098, 0.074
2002, 9, 0.070, , 0.085, 0.097, 0.073
2002, 10, 0.066, , 0.084, 0.096, 0.072
2002, 11, 0.290, , 0.083, 0.096, 0.071
2002, 12, 0.275, , 0.083, 0.095, 0.071
2003, 1, 0.234, , 0.082, 0.094, 0.070
2003, 2, 0.114, , 0.081, 0.093, 0.069
2003, 3, 0.073, , 0.080, 0.092, 0.068
2003, 4, 0.125, , 0.079, 0.091, 0.067
2003, 5, 0.135, , 0.078, 0.090, 0.066
2003, 6, 0.108, , 0.077, 0.090, 0.065
2003, 7, 0.128, , 0.077, 0.089, 0.064
2003, 8, 0.134, , 0.076, 0.088, 0.064
2003, 9, 0.111, , 0.075, 0.087, 0.063
2003, 10, 0.186, , 0.074, 0.086, 0.062
2003, 11, -0.008, , 0.073, 0.085, 0.061
2003, 12, 0.211, , 0.072, 0.084, 0.060
2004, 1, -0.004, , 0.071, 0.084, 0.059
2004, 2, 0.190, , 0.070, 0.083, 0.058
2004, 3, 0.053, , 0.070, 0.082, 0.057
2004, 4, 0.134, , 0.069, 0.081, 0.057
2004, 5, 0.049, , 0.068, 0.080, 0.056
2004, 6, 0.068, , 0.067, 0.079, 0.055
2004, 7, 0.082, , 0.066, 0.078, 0.054
2004, 8, 0.026, , 0.065, 0.078, 0.053
2004, 9, 0.024, , 0.064, 0.077, 0.052
2004, 10, 0.068, , 0.064, 0.076, 0.051
2004, 11, 0.062, , 0.063, 0.075, 0.050
2004, 12, -0.002, , 0.062, 0.074, 0.049
2005, 1, -0.051, , 0.061, 0.073, 0.049
2005, 2, 0.030, , 0.060, 0.072, 0.048
2005, 3, 0.127, , 0.059, 0.072, 0.047
2005, 4, 0.119, , 0.058, 0.071, 0.046
2005, 5, 0.143, , 0.057, 0.070, 0.045
2005, 6, 0.072, , 0.057, 0.069, 0.044
2005, 7, 0.126, , 0.056, 0.068, 0.043
2005, 8, 0.087, , 0.055, 0.067, 0.042
2005, 9, 0.061, , 0.054, 0.067, 0.041
2005, 10, 0.140, , 0.053, 0.066, 0.040
2005, 11, 0.074, , 0.052, 0.065, 0.040
2005, 12, 0.176, , 0.051, 0.064, 0.039
2006, 1, 0.157, , 0.050, 0.063, 0.038
2006, 2, -0.020, , 0.050, 0.062, 0.037
2006, 3, 0.040, , 0.049, 0.062, 0.036
2006, 4, 0.156, , 0.048, 0.061, 0.035
2006, 5, 0.090, , 0.047, 0.060, 0.034
2006, 6, 0.086, , 0.046, 0.059, 0.033
2006, 7, 0.046, , 0.045, 0.058, 0.032
2006, 8, 0.065, , 0.044, 0.057, 0.031
2006, 9, 0.042, , 0.044, 0.057, 0.031
2006, 10, 0.034, , 0.043, 0.056, 0.030
2006, 11, -0.054, , 0.042, 0.055, 0.029
2006, 12, 0.189, , 0.041, 0.054, 0.028
2007, 1, -0.031, , 0.040, 0.053, 0.027
2007, 2, -0.055, , 0.039, 0.052, 0.026
2007, 3, -0.055, , 0.038, 0.052, 0.025
2007, 4, 0.090, , 0.037, 0.051, 0.024
2007, 5, 0.014, , 0.037, 0.050, 0.023
2007, 6, 0.004, , 0.036, 0.049, 0.022
2007, 7, 0.050, , 0.035, 0.048, 0.022
2007, 8, -0.004, , 0.034, 0.047, 0.021
2007, 9, -0.018, , 0.033, 0.047, 0.020
2007, 10, 0.052, , 0.032, 0.046, 0.019
2007, 11, 0.070, , 0.031, 0.045, 0.018
2007, 12, -0.003, , 0.031, 0.044, 0.017
2008, 1, -0.031, , 0.030, 0.043, 0.016
2008, 2, 0.050, , 0.029, 0.042, 0.015
2008, 3, 0.074, , 0.028, 0.042, 0.014
2008, 4, -0.059, , 0.027, 0.041, 0.013
2008, 5, 0.038, , 0.026, 0.040, 0.012
2008, 6, 0.036, , 0.025, 0.039, 0.012
2008, 7, 0.102, , 0.024, 0.038, 0.011
2008, 8, 0.130, , 0.024, 0.037, 0.010
2008, 9, 0.036, , 0.023, 0.037, 0.009
2008, 10, 0.030, , 0.022, 0.036, 0.008
2008, 11, 0.062, , 0.021, 0.035, 0.007
2008, 12, -0.156, , 0.020, 0.034, 0.006
2009, 1, 0.049, , 0.019, 0.033, 0.005
2009, 2, -0.143, , 0.018, 0.033, 0.004
2009, 3, -0.020, , 0.017, 0.032, 0.003
2009, 4, -0.111, , 0.017, 0.031, 0.002
2009, 5, -0.051, , 0.016, 0.030, 0.001
2009, 6, 0.008, , 0.015, 0.029, 0.001
2009, 7, -0.038, , 0.014, 0.028, -0.000
2009, 8, 0.019, , 0.013, 0.028, -0.001
2009, 9, 0.096, , 0.012, 0.027, -0.002
2009, 10, 0.010, , 0.011, 0.026, -0.003
2009, 11, 0.144, , 0.011, 0.025, -0.004
2009, 12, -0.057, , 0.010, 0.024, -0.005
2010, 1, 0.161, , 0.009, 0.024, -0.006
2010, 2, 0.127, , 0.008, 0.023, -0.007
2010, 3, 0.150, , 0.007, 0.022, -0.008
2010, 4, 0.093, , 0.006, 0.021, -0.009
2010, 5, -0.011, , 0.005, 0.020, -0.010
2010, 6, 0.022, , 0.004, 0.019, -0.010
2010, 7, -0.030, , 0.004, 0.019, -0.011
2010, 8, -0.057, , 0.003, 0.018, -0.012
2010, 9, -0.102, , 0.002, 0.017, -0.013
2010, 10, 0.076, , 0.001, 0.016, -0.014
2010, 11, -0.006, , 0.000, 0.015, -0.015
2010, 12, -0.015, , -0.001, 0.015, -0.016
2011, 1, -0.081, , -0.002, 0.014, -0.017
2011, 2, -0.189, , -0.002, 0.013, -0.018
2011, 3, -0.039, , -0.003, 0.012, -0.019
2011, 4, 0.008, , -0.004, 0.011, -0.020
2011, 5, -0.013, , -0.005, 0.010, -0.021
2011, 6, -0.040, , -0.006, 0.010, -0.022
2011, 7, -0.002, , -0.007, 0.009, -0.022
2011, 8, 0.030, , -0.008, 0.008, -0.023
2011, 9, 0.104, , -0.009, 0.007, -0.024
2011, 10, 0.052, , -0.009, 0.006, -0.025
2011, 11, -0.094, , -0.010, 0.006, -0.026
2011, 12, -0.078, , -0.011, 0.005, -0.027
2012, 1, -0.070, , -0.012, 0.004, -0.028
2012, 2, 0.057, , -0.013, 0.003, -0.029
2012, 3, , , -0.014, 0.002, -0.030
2012, 4, , , -0.015, 0.002, -0.031
2012, 5, 0.058, , -0.015, 0.001, -0.032
2012, 6, 0.036, , -0.016, -0.000, -0.033
2012, 7, 0.008, , -0.017, -0.001, -0.034
2012, 8, -0.025, , -0.018, -0.002, -0.035
2012, 9, 0.047, , -0.019, -0.002, -0.035
2012, 10, -0.152, , -0.020, -0.003, -0.036
2012, 11, -0.050, , -0.021, -0.004, -0.037
2012, 12, -0.021, , -0.022, -0.005, -0.038
2013, 1, -0.067, , -0.022, -0.006, -0.039
2013, 2, -0.037, , -0.023, -0.007, -0.040
2013, 3, -0.131, , -0.024, -0.007, -0.041
2013, 4, -0.147, , -0.025, -0.008, -0.042
2013, 5, -0.078, , -0.026, -0.009, -0.043
2013, 6, -0.068, , -0.027, -0.010, -0.044
2013, 7, -0.102, , -0.028, -0.011, -0.045
2013, 8, -0.026, , -0.029, -0.011, -0.046
2013, 9, 0.032, , -0.029, -0.012, -0.047
2013, 10, -0.086, , -0.030, -0.013, -0.048
2013, 11, -0.188, , -0.031, -0.014, -0.049
2013, 12, -0.298, , -0.032, -0.015, -0.049
2014, 1, -0.062, , -0.033, -0.015, -0.050
2014, 2, -0.168, , -0.034, -0.016, -0.051
2014, 3, -0.067, , -0.035, -0.017, -0.052
2014, 4, -0.012, , -0.035, -0.018, -0.053
2014, 5, -0.031, , -0.036, -0.019, -0.054
2014, 6, -0.022, , -0.037, -0.019, -0.055
2014, 7, -0.024, , -0.038, -0.020, -0.056
2014, 8, 0.007, , -0.039, -0.021, -0.057
2014, 9, -0.039, , -0.040, -0.022, -0.058
2014, 10, 0.036, , -0.041, -0.023, -0.059
2014, 11, -0.028, , -0.042, -0.023, -0.060
2014, 12, 0.082, , -0.042, -0.024, -0.061
2015, 1, -0.056, , -0.043, -0.025, -0.062
2015, 2, -0.074, , -0.044, -0.026, -0.063
2015, 3, -0.068, , -0.045, -0.027, -0.063
2015, 4, 0.079, , -0.046, -0.027, -0.064
2015, 5, -0.081, , -0.047, -0.028, -0.065
2015, 6, -0.016, , -0.048, -0.029, -0.066
2015, 7, -0.002, , -0.048, -0.030, -0.067
2015, 8, -0.064, , -0.049, -0.031, -0.068
2015, 9, -0.056, , -0.050, -0.031, -0.069
2015, 10, 0.006, , -0.051, -0.032, -0.070
2015, 11, -0.098, , -0.052, -0.033, -0.071
2015, 12, 0.082, , -0.053, -0.034, -0.072
2016, 1, 0.170, , -0.054, -0.035, -0.073
2016, 2, 0.134, , -0.055, -0.035, -0.074
2016, 3, 0.125, , -0.055, -0.036, -0.075
2016, 4, 0.035, , -0.056, -0.037, -0.076
2016, 5, -0.081, , -0.057, -0.038, -0.077
2016, 6, -0.030, , -0.058, -0.039, -0.078
2016, 7, -0.044, , -0.059, -0.039, -0.078
2016, 8, -0.093, , -0.060, -0.040, -0.079
2016, 9, -0.070, , -0.061, -0.041, -0.080
2016, 10, -0.064, , -0.062, -0.042, -0.081
2016, 11, 0.128, , -0.062, -0.043, -0.082
2016, 12, -0.160, , -0.063, -0.043, -0.083
2017, 1, , , -0.064, -0.044, -0.084
2017, 2, , , -0.065, -0.045, -0.085
2017, 3, , , -0.066, -0.046, -0.086
2017, 4, , , -0.067, -0.047, -0.087
2017, 5, , , -0.068, -0.047, -0.088
2017, 6, , , -0.068, -0.048, -0.089
2017, 7, , , -0.069, -0.049, -0.090
2017, 8, , , -0.070, -0.050, -0.091
2017, 9, , , -0.071, -0.051, -0.092
2017, 10, , , -0.072, -0.051, -0.093
2017, 11, , , -0.073, -0.052, -0.094
2017, 12, , , -0.074, -0.053, -0.094
2018, 1, , , -0.075, -0.054, -0.095
2018, 2, , , -0.075, -0.055, -0.096
2018, 3, , , -0.076, -0.055, -0.097
2018, 4, , , -0.077, -0.056, -0.098
2018, 5, , , -0.078, -0.057, -0.099
2018, 6, , , -0.079, -0.058, -0.100
2018, 7, , , -0.080, -0.058, -0.101
2018, 8, , , -0.081, -0.059, -0.102
2018, 9, , , -0.081, -0.060, -0.103
2018, 10, , , -0.082, -0.061, -0.104
2018, 11, , , -0.083, -0.062, -0.105
2018, 12, , , -0.084, -0.062, -0.106
2019, 1, , , -0.085, -0.063, -0.107
2019, 2, , , -0.086, -0.064, -0.108
2019, 3, , , -0.087, -0.065, -0.109
2019, 4, , , -0.088, -0.066, -0.110
2019, 5, , , -0.088, -0.066, -0.110
2019, 6, , , -0.089, -0.067, -0.111
2019, 7, , , -0.090, -0.068, -0.112
2019, 8, , , -0.091, -0.069, -0.113
2019, 9, , , -0.092, -0.070, -0.114
2019, 10, , , -0.093, -0.070, -0.115
2019, 11, , , -0.094, -0.071, -0.116
2019, 12, , , -0.095, -0.072, -0.117
2020, 1, , , -0.095, -0.073, -0.118
2020, 2, , , -0.096, -0.074, -0.119
2020, 3, , , -0.097, -0.074, -0.120
2020, 4, , , -0.098, -0.075, -0.121
2020, 5, , , -0.099, -0.076, -0.122
2020, 6, , , -0.100, -0.077, -0.123
2020, 7, , , -0.101, -0.078, -0.124
2020, 8, , , -0.101, -0.078, -0.125
2020, 9, , , -0.102, -0.079, -0.126
2020, 10, , , -0.103, -0.080, -0.127
2020, 11, , , -0.104, -0.081, -0.127
2020, 12, , , -0.105, -0.081, -0.128
