Year, Month, Monthly_MSL, Unverified, Linear_Trend, High_Conf., Low_Conf.
1900, 1, , , -0.399, -0.238, -0.560
1900, 2, , , -0.399, -0.238, -0.560
1900, 3, , , -0.399, -0.238, -0.560
1900, 4, , , -0.398, -0.238, -0.559
1900, 5, , , -0.398, -0.237, -0.559
1900, 6, , , -0.398, -0.237, -0.558
1900, 7, , , -0.397, -0.237, -0.558
1900, 8, , , -0.397, -0.237, -0.557
1900, 9, , , -0.397, -0.237, -0.557
1900, 10, , , -0.396, -0.236, -0.556
1900, 11, , , -0.396, -0.236, -0.556
1900, 12, , , -0.396, -0.236, -0.555
1901, 1, , , -0.395, -0.236, -0.555
1901, 2, , , -0.395, -0.235, -0.554
1901, 3, , , -0.394, -0.235, -0.554
1901, 4, , , -0.394, -0.235, -0.553
1901, 5, , , -0.394, -0.235, -0.553
1901, 6, , , -0.393, -0.235, -0.552
1901, 7, , , -0.393, -0.234, -0.552
1901, 8, , , -0.393, -0.234, -0.551
1901, 9, , , -0.392, -0.234, -0.551
1901, 10, , , -0.392, -0.234, -0.550
1901, 11, , , -0.392, -0.233, -0.550
1901, 12, , , -0.391, -0.233, -0.549
1902, 1, , , -0.391, -0.233, -0.549
1902, 2, , , -0.391, -0.233, -0.548
1902, 3, , , -0.390, -0.232, -0.548
1902, 4, , , -0.390, -0.232, -0.547
1902, 5, , , -0.389, -0.232, -0.547
1902, 6, , , -0.389, -0.232, -0.546
1902, 7, , , -0.389, -0.232, -0.546
1902, 8, , , -0.388, -0.231, -0.546
1902, 9, , , -0.388, -0.231, -0.545
1902, 10, , , -0.388, -0.231, -0.545
1902, 11, , , -0.387, -0.231, -0.544
1902, 12, , , -0.387, -0.230, -0.544
1903, 1, , , -0.387, -0.230, -0.543
1903, 2, , , -0.386, -0.230, -0.543
1903, 3, , , -0.386, -0.230, -0.542
1903, 4, , , -0.386, -0.230, -0.542
1903, 5, , , -0.385, -0.229, -0.541
1903, 6, , , -0.385, -0.229, -0.541
1903, 7, , , -0.385, -0.229, -0.540
1903, 8, , , -0.384, -0.229, -0.540
1903, 9, , , -0.384, -0.228, -0.539
1903, 10, , , -0.383, -0.228, -0.539
1903, 11, , , -0.383, -0.228, -0.538
1903, 12, , , -0.383, -0.228, -0.538
1904, 1, , , -0.382, -0.228, -0.537
1904, 2, , , -0.382, -0.227, -0.537
1904, 3, , , -0.382, -0.227, -0.536
1904, 4, , , -0.381, -0.227, -0.536
1904, 5, , , -0.381, -0.227, -0.535
1904, 6, , , -0.381, -0.226, -0.535
1904, 7, , , -0.380, -0.226, -0.534
1904, 8, , , -0.380, -0.226, -0.534
1904, 9, , , -0.380, -0.226, -0.533
1904, 10, , , -0.379, -0.225, -0.533
1904, 11, , , -0.379, -0.225, -0.532
1904, 12, , , -0.379, -0.225, -0.532
1905, 1, , , -0.378, -0.225, -0.531
1905, 2, , , -0.378, -0.225, -0.531
1905, 3, , , -0.377, -0.224, -0.531
1905, 4, , , -0.377, -0.224, -0.530
1905, 5, , , -0.377, -0.224, -0.530
1905, 6, , , -0.376, -0.224, -0.529
1905, 7, , , -0.376, -0.223, -0.529
1905, 8, , , -0.376, -0.223, -0.528
1905, 9, , , -0.375, -0.223, -0.528
1905, 10, , , -0.375, -0.223, -0.527
1905, 11, , , -0.375, -0.223, -0.527
1905, 12, , , -0.374, -0.222, -0.526
1906, 1, , , -0.374, -0.222, -0.526
1906, 2, , , -0.374, -0.222, -0.525
1906, 3, , , -0.373, -0.222, -0.525
1906, 4, , , -0.373, -0.221, -0.524
1906, 5, , , -0.372, -0.221, -0.524
1906, 6, , , -0.372, -0.221, -0.523
1906, 7, , , -0.372, -0.221, -0.523
1906, 8, , , -0.371, -0.221, -0.522
1906, 9, , , -0.371, -0.220, -0.522
1906, 10, , , -0.371, -0.220, -0.521
1906, 11, , , -0.370, -0.220, -0.521
1906, 12, , , -0.370, -0.220, -0.520
1907, 1, , , -0.370, -0.219, -0.520
1907, 2, , , -0.369, -0.219, -0.519
1907, 3, , , -0.369, -0.219, -0.519
1907, 4, , , -0.369, -0.219, -0.518
1907, 5, , , -0.368, -0.218, -0.518
1907, 6, , , -0.368, -0.218, -0.517
1907, 7, , , -0.368, -0.218, -0.517
1907, 8, , , -0.367, -0.218, -0.517
1907, 9, , , -0.367, -0.218, -0.516
1907, 10, , , -0.366, -0.217, -0.516
1907, 11, , , -0.366, -0.217, -0.515
1907, 12, , , -0.366, -0.217, -0.515
1908, 1, , , -0.365, -0.217, -0.514
1908, 2, , , -0.365, -0.216, -0.514
1908, 3, , , -0.365, -0.216, -0.513
1908, 4, , , -0.364, -0.216, -0.513
1908, 5, , , -0.364, -0.216, -0.512
1908, 6, , , -0.364, -0.216, -0.512
1908, 7, , , -0.363, -0.215, -0.511
1908, 8, , , -0.363, -0.215, -0.511
1908, 9, , , -0.363, -0.215, -0.510
1908, 10, , , -0.362, -0.215, -0.510
1908, 11, , , -0.362, -0.214, -0.509
1908, 12, , , -0.361, -0.214, -0.509
1909, 1, , , -0.361, -0.214, -0.508
1909, 2, , , -0.361, -0.214, -0.508
1909, 3, , , -0.360, -0.214, -0.507
1909, 4, , , -0.360, -0.213, -0.507
1909, 5, , , -0.360, -0.213, -0.506
1909, 6, , , -0.359, -0.213, -0.506
1909, 7, , , -0.359, -0.213, -0.505
1909, 8, , , -0.359, -0.212, -0.505
1909, 9, , , -0.358, -0.212, -0.504
1909, 10, , , -0.358, -0.212, -0.504
1909, 11, , , -0.358, -0.212, -0.503
1909, 12, , , -0.357, -0.212, -0.503
1910, 1, , , -0.357, -0.211, -0.502
1910, 2, , , -0.357, -0.211, -0.502
1910, 3, , , -0.356, -0.211, -0.502
1910, 4, , , -0.356, -0.211, -0.501
1910, 5, , , -0.355, -0.210, -0.501
1910, 6, , , -0.355, -0.210, -0.500
1910, 7, , , -0.355, -0.210, -0.500
1910, 8, , , -0.354, -0.210, -0.499
1910, 9, , , -0.354, -0.209, -0.499
1910, 10, , , -0.354, -0.209, -0.498
1910, 11, , , -0.353, -0.209, -0.498
1910, 12, , , -0.353, -0.209, -0.497
1911, 1, , , -0.353, -0.209, -0.497
1911, 2, , , -0.352, -0.208, -0.496
1911, 3, , , -0.352, -0.208, -0.496
1911, 4, , , -0.352, -0.208, -0.495
1911, 5, , , -0.351, -0.208, -0.495
1911, 6, , , -0.351, -0.207, -0.494
1911, 7, , , -0.350, -0.207, -0.494
1911, 8, , , -0.350, -0.207, -0.493
1911, 9, , , -0.350, -0.207, -0.493
1911, 10, , , -0.349, -0.207, -0.492
1911, 11, , , -0.349, -0.206, -0.492
1911, 12, , , -0.349, -0.206, -0.491
1912, 1, , , -0.348, -0.206, -0.491
1912, 2, , , -0.348, -0.206, -0.490
1912, 3, , , -0.348, -0.205, -0.490
1912, 4, , , -0.347, -0.205, -0.489
1912, 5, , , -0.347, -0.205, -0.489
1912, 6, , , -0.347, -0.205, -0.488
1912, 7, , , -0.346, -0.205, -0.488
1912, 8, , , -0.346, -0.204, -0.488
1912, 9, , , -0.346, -0.204, -0.487
1912, 10, , , -0.345, -0.204, -0.487
1912, 11, , , -0.345, -0.204, -0.486
1912, 12, , , -0.344, -0.203, -0.486
1913, 1, , , -0.344, -0.203, -0.485
1913, 2, , , -0.344, -0.203, -0.485
1913, 3, , , -0.343, -0.203, -0.484
1913, 4, , , -0.343, -0.202, -0.484
1913, 5, , , -0.343, -0.202, -0.483
1913, 6, , , -0.342, -0.202, -0.483
1913, 7, , , -0.342, -0.202, -0.482
1913, 8, , , -0.342, -0.202, -0.482
1913, 9, , , -0.341, -0.201, -0.481
1913, 10, , , -0.341, -0.201, -0.481
1913, 11, , , -0.341, -0.201, -0.480
1913, 12, , , -0.340, -0.201, -0.480
1914, 1, , , -0.340, -0.200, -0.479
1914, 2, , , -0.340, -0.200, -0.479
1914, 3, , , -0.339, -0.200, -0.478
1914, 4, , , -0.339, -0.200, -0.478
1914, 5, , , -0.338, -0.200, -0.477
1914, 6, , , -0.338, -0.199, -0.477
1914, 7, , , -0.338, -0.199, -0.476
1914, 8, , , -0.337, -0.199, -0.476
1914, 9, , , -0.337, -0.199, -0.475
1914, 10, , , -0.337, -0.198, -0.475
1914, 11, , , -0.336, -0.198, -0.474
1914, 12, , , -0.336, -0.198, -0.474
1915, 1, , , -0.336, -0.198, -0.473
1915, 2, , , -0.335, -0.198, -0.473
1915, 3, , , -0.335, -0.197, -0.473
1915, 4, , , -0.335, -0.197, -0.472
1915, 5, , , -0.334, -0.197, -0.472
1915, 6, , , -0.334, -0.197, -0.471
1915, 7, , , -0.333, -0.196, -0.471
1915, 8, , , -0.333, -0.196, -0.470
1915, 9, , , -0.333, -0.196, -0.470
1915, 10, , , -0.332, -0.196, -0.469
1915, 11, , , -0.332, -0.195, -0.469
1915, 12, , , -0.332, -0.195, -0.468
1916, 1, , , -0.331, -0.195, -0.468
1916, 2, , , -0.331, -0.195, -0.467
1916, 3, , , -0.331, -0.195, -0.467
1916, 4, , , -0.330, -0.194, -0.466
1916, 5, , , -0.330, -0.194, -0.466
1916, 6, , , -0.330, -0.194, -0.465
1916, 7, , , -0.329, -0.194, -0.465
1916, 8, , , -0.329, -0.193, -0.464
1916, 9, , , -0.329, -0.193, -0.464
1916, 10, , , -0.328, -0.193, -0.463
1916, 11, , , -0.328, -0.193, -0.463
1916, 12, , , -0.327, -0.193, -0.462
1917, 1, , , -0.327, -0.192, -0.462
1917, 2, , , -0.327, -0.192, -0.461
1917, 3, , , -0.326, -0.192, -0.461
1917, 4, , , -0.326, -0.192, -0.460
1917, 5, , , -0.326, -0.191, -0.460
1917, 6, , , -0.325, -0.191, -0.459
1917, 7, , , -0.325, -0.191, -0.459
1917, 8, , , -0.325, -0.191, -0.459
1917, 9, , , -0.324, -0.191, -0.458
1917, 10, , , -0.324, -0.190, -0.458
1917, 11, , , -0.324, -0.190, -0.457
1917, 12, , , -0.323, -0.190, -0.457
1918, 1, , , -0.323, -0.190, -0.456
1918, 2, , , -0.322, -0.189, -0.456
1918, 3, , , -0.322, -0.189, -0.455
1918, 4, , , -0.322, -0.189, -0.455
1918, 5, , , -0.321, -0.189, -0.454
1918, 6, , , -0.321, -0.188, -0.454
1918, 7, , , -0.321, -0.188, -0.453
1918, 8, , , -0.320, -0.188, -0.453
1918, 9, , , -0.320, -0.188, -0.452
1918, 10, , , -0.320, -0.188, -0.452
1918, 11, , , -0.319, -0.187, -0.451
1918, 12, , , -0.319, -0.187, -0.451
1919, 1, , , -0.319, -0.187, -0.450
1919, 2, , , -0.318, -0.187, -0.450
1919, 3, , , -0.318, -0.186, -0.449
1919, 4, , , -0.318, -0.186, -0.449
1919, 5, , , -0.317, -0.186, -0.448
1919, 6, , , -0.317, -0.186, -0.448
1919, 7, , , -0.316, -0.186, -0.447
1919, 8, , , -0.316, -0.185, -0.447
1919, 9, , , -0.316, -0.185, -0.446
1919, 10, , , -0.315, -0.185, -0.446
1919, 11, , , -0.315, -0.185, -0.445
1919, 12, , , -0.315, -0.184, -0.445
1920, 1, , , -0.314, -0.184, -0.444
1920, 2, , , -0.314, -0.184, -0.444
1920, 3, , , -0.314, -0.184, -0.444
1920, 4, , , -0.313, -0.184, -0.443
1920, 5, , , -0.313, -0.183, -0.443
1920, 6, , , -0.313, -0.183, -0.442
1920, 7, , , -0.312, -0.183, -0.442
1920, 8, , , -0.312, -0.183, -0.441
1920, 9, , , -0.312, -0.182, -0.441
1920, 10, , , -0.311, -0.182, -0.440
1920, 11, , , -0.311, -0.182, -0.440
1920, 12, , , -0.310, -0.182, -0.439
1921, 1, , , -0.310, -0.181, -0.439
1921, 2, , , -0.310, -0.181, -0.438
1921, 3, , , -0.309, -0.181, -0.438
1921, 4, , , -0.309, -0.181, -0.437
1921, 5, , , -0.309, -0.181, -0.437
1921, 6, , , -0.308, -0.180, -0.436
1921, 7, , , -0.308, -0.180, -0.436
1921, 8, , , -0.308, -0.180, -0.435
1921, 9, , , -0.307, -0.180, -0.435
1921, 10, , , -0.307, -0.179, -0.434
1921, 11, , , -0.307, -0.179, -0.434
1921, 12, , , -0.306, -0.179, -0.433
1922, 1, , , -0.306, -0.179, -0.433
1922, 2, , , -0.305, -0.179, -0.432
1922, 3, , , -0.305, -0.178, -0.432
1922, 4, , , -0.305, -0.178, -0.431
1922, 5, , , -0.304, -0.178, -0.431
1922, 6, , , -0.304, -0.178, -0.430
1922, 7, , , -0.304, -0.177, -0.430
1922, 8, , , -0.303, -0.177, -0.430
1922, 9, , , -0.303, -0.177, -0.429
1922, 10, , , -0.303, -0.177, -0.429
1922, 11, , , -0.302, -0.177, -0.428
1922, 12, , , -0.302, -0.176, -0.428
1923, 1, , , -0.302, -0.176, -0.427
1923, 2, , , -0.301, -0.176, -0.427
1923, 3, , , -0.301, -0.176, -0.426
1923, 4, , , -0.301, -0.175, -0.426
1923, 5, , , -0.300, -0.175, -0.425
1923, 6, , , -0.300, -0.175, -0.425
1923, 7, , , -0.299, -0.175, -0.424
1923, 8, , , -0.299, -0.174, -0.424
1923, 9, , , -0.299, -0.174, -0.423
1923, 10, , , -0.298, -0.174, -0.423
1923, 11, , , -0.298, -0.174, -0.422
1923, 12, , , -0.298, -0.174, -0.422
1924, 1, , , -0.297, -0.173, -0.421
1924, 2, , , -0.297, -0.173, -0.421
1924, 3, , , -0.297, -0.173, -0.420
1924, 4, , , -0.296, -0.173, -0.420
1924, 5, , , -0.296, -0.172, -0.419
1924, 6, , , -0.296, -0.172, -0.419
1924, 7, , , -0.295, -0.172, -0.418
1924, 8, , , -0.295, -0.172, -0.418
1924, 9, , , -0.294, -0.172, -0.417
1924, 10, , , -0.294, -0.171, -0.417
1924, 11, , , -0.294, -0.171, -0.416
1924, 12, , , -0.293, -0.171, -0.416
1925, 1, , , -0.293, -0.171, -0.415
1925, 2, , , -0.293, -0.170, -0.415
1925, 3, , , -0.292, -0.170, -0.415
1925, 4, , , -0.292, -0.170, -0.414
1925, 5, , , -0.292, -0.170, -0.414
1925, 6, , , -0.291, -0.170, -0.413
1925, 7, , , -0.291, -0.169, -0.413
1925, 8, , , -0.291, -0.169, -0.412
1925, 9, , , -0.290, -0.169, -0.412
1925, 10, , , -0.290, -0.169, -0.411
1925, 11, , , -0.290, -0.168, -0.411
1925, 12, , , -0.289, -0.168, -0.410
1926, 1, , , -0.289, -0.168, -0.410
1926, 2, , , -0.288, -0.168, -0.409
1926, 3, , , -0.288, -0.167, -0.409
1926, 4, , , -0.288, -0.167, -0.408
1926, 5, , , -0.287, -0.167, -0.408
1926, 6, , , -0.287, -0.167, -0.407
1926, 7, , , -0.287, -0.167, -0.407
1926, 8, , , -0.286, -0.166, -0.406
1926, 9, , , -0.286, -0.166, -0.406
1926, 10, , , -0.286, -0.166, -0.405
1926, 11, , , -0.285, -0.166, -0.405
1926, 12, , , -0.285, -0.165, -0.404
1927, 1, , , -0.285, -0.165, -0.404
1927, 2, , , -0.284, -0.165, -0.403
1927, 3, , , -0.284, -0.165, -0.403
1927, 4, , , -0.283, -0.165, -0.402
1927, 5, , , -0.283, -0.164, -0.402
1927, 6, , , -0.283, -0.164, -0.401
1927, 7, , , -0.282, -0.164, -0.401
1927, 8, , , -0.282, -0.164, -0.401
1927, 9, , , -0.282, -0.163, -0.400
1927, 10, , , -0.281, -0.163, -0.400
1927, 11, , , -0.281, -0.163, -0.399
1927, 12, , , -0.281, -0.163, -0.399
1928, 1, , , -0.280, -0.163, -0.398
1928, 2, , , -0.280, -0.162, -0.398
1928, 3, , , -0.280, -0.162, -0.397
1928, 4, , , -0.279, -0.162, -0.397
1928, 5, , , -0.279, -0.162, -0.396
1928, 6, , , -0.279, -0.161, -0.396
1928, 7, , , -0.278, -0.161, -0.395
1928, 8, , , -0.278, -0.161, -0.395
1928, 9, , , -0.277, -0.161, -0.394
1928, 10, , , -0.277, -0.160, -0.394
1928, 11, , , -0.277, -0.160, -0.393
1928, 12, , , -0.276, -0.160, -0.393
1929, 1, , , -0.276, -0.160, -0.392
1929, 2, , , -0.276, -0.160, -0.392
1929, 3, , , -0.275, -0.159, -0.391
1929, 4, , , -0.275, -0.159, -0.391
1929, 5, , , -0.275, -0.159, -0.390
1929, 6, , , -0.274, -0.159, -0.390
1929, 7, , , -0.274, -0.158, -0.389
1929, 8, , , -0.274, -0.158, -0.389
1929, 9, , , -0.273, -0.158, -0.388
1929, 10, , , -0.273, -0.158, -0.388
1929, 11, , , -0.273, -0.158, -0.387
1929, 12, , , -0.272, -0.157, -0.387
1930, 1, , , -0.272, -0.157, -0.386
1930, 2, , , -0.271, -0.157, -0.386
1930, 3, , , -0.271, -0.157, -0.386
1930, 4, , , -0.271, -0.156, -0.385
1930, 5, , , -0.270, -0.156, -0.385
1930, 6, , , -0.270, -0.156, -0.384
1930, 7, , , -0.270, -0.156, -0.384
1930, 8, , , -0.269, -0.156, -0.383
1930, 9, , , -0.269, -0.155, -0.383
1930, 10, , , -0.269, -0.155, -0.382
1930, 11, , , -0.268, -0.155, -0.382
1930, 12, , , -0.268, -0.155, -0.381
1931, 1, , , -0.268, -0.154, -0.381
1931, 2, , , -0.267, -0.154, -0.380
1931, 3, , , -0.267, -0.154, -0.380
1931, 4, , , -0.266, -0.154, -0.379
1931, 5, , , -0.266, -0.153, -0.379
1931, 6, , , -0.266, -0.153, -0.378
1931, 7, , , -0.265, -0.153, -0.378
1931, 8, , , -0.265, -0.153, -0.377
1931, 9, , , -0.265, -0.153, -0.377
1931, 10, , , -0.264, -0.152, -0.376
1931, 11, , , -0.264, -0.152, -0.376
1931, 12, , , -0.264, -0.152, -0.375
1932, 1, , , -0.263, -0.152, -0.375
1932, 2, , , -0.263, -0.151, -0.374
1932, 3, , , -0.263, -0.151, -0.374
1932, 4, , , -0.262, -0.151, -0.373
1932, 5, , , -0.262, -0.151, -0.373
1932, 6, , , -0.262, -0.151, -0.372
1932, 7, , , -0.261, -0.150, -0.372
1932, 8, , , -0.261, -0.150, -0.372
1932, 9, , , -0.260, -0.150, -0.371
1932, 10, , , -0.260, -0.150, -0.371
1932, 11, , , -0.260, -0.149, -0.370
1932, 12, , , -0.259, -0.149, -0.370
1933, 1, , , -0.259, -0.149, -0.369
1933, 2, , , -0.259, -0.149, -0.369
1933, 3, , , -0.258, -0.149, -0.368
1933, 4, , , -0.258, -0.148, -0.368
1933, 5, , , -0.258, -0.148, -0.367
1933, 6, , , -0.257, -0.148, -0.367
1933, 7, , , -0.257, -0.148, -0.366
1933, 8, , , -0.257, -0.147, -0.366
1933, 9, , , -0.256, -0.147, -0.365
1933, 10, , , -0.256, -0.147, -0.365
1933, 11, , , -0.255, -0.147, -0.364
1933, 12, , , -0.255, -0.146, -0.364
1934, 1, , , -0.255, -0.146, -0.363
1934, 2, , , -0.254, -0.146, -0.363
1934, 3, , , -0.254, -0.146, -0.362
1934, 4, , , -0.254, -0.146, -0.362
1934, 5, , , -0.253, -0.145, -0.361
1934, 6, , , -0.253, -0.145, -0.361
1934, 7, , , -0.253, -0.145, -0.360
1934, 8, , , -0.252, -0.145, -0.360
1934, 9, , , -0.252, -0.144, -0.359
1934, 10, , , -0.252, -0.144, -0.359
1934, 11, , , -0.251, -0.144, -0.358
1934, 12, , , -0.251, -0.144, -0.358
1935, 1, , , -0.251, -0.144, -0.358
1935, 2, , , -0.250, -0.143, -0.357
1935, 3, , , -0.250, -0.143, -0.357
1935, 4, , , -0.249, -0.143, -0.356
1935, 5, , , -0.249, -0.143, -0.356
1935, 6, , , -0.249, -0.142, -0.355
1935, 7, , , -0.248, -0.142, -0.355
1935, 8, , , -0.248, -0.142, -0.354
1935, 9, , , -0.248, -0.142, -0.354
1935, 10, , , -0.247, -0.142, -0.353
1935, 11, , , -0.247, -0.141, -0.353
1935, 12, , , -0.247, -0.141, -0.352
1936, 1, , , -0.246, -0.141, -0.352
1936, 2, , , -0.246, -0.141, -0.351
1936, 3, , , -0.246, -0.140, -0.351
1936, 4, , , -0.245, -0.140, -0.350
1936, 5, , , -0.245, -0.140, -0.350
1936, 6, , , -0.245, -0.140, -0.349
1936, 7, , , -0.244, -0.139, -0.349
1936, 8, , , -0.244, -0.139, -0.348
1936, 9, , , -0.243, -0.139, -0.348
1936, 10, , , -0.243, -0.139, -0.347
1936, 11, , , -0.243, -0.139, -0.347
1936, 12, , , -0.242, -0.138, -0.346
1937, 1, , , -0.242, -0.138, -0.346
1937, 2, , , -0.242, -0.138, -0.345
1937, 3, , , -0.241, -0.138, -0.345
1937, 4, , , -0.241, -0.137, -0.344
1937, 5, , , -0.241, -0.137, -0.344
1937, 6, , , -0.240, -0.137, -0.344
1937, 7, , , -0.240, -0.137, -0.343
1937, 8, , , -0.240, -0.137, -0.343
1937, 9, , , -0.239, -0.136, -0.342
1937, 10, , , -0.239, -0.136, -0.342
1937, 11, , , -0.238, -0.136, -0.341
1937, 12, , , -0.238, -0.136, -0.341
1938, 1, , , -0.238, -0.135, -0.340
1938, 2, , , -0.237, -0.135, -0.340
1938, 3, , , -0.237, -0.135, -0.339
1938, 4, , , -0.237, -0.135, -0.339
1938, 5, , , -0.236, -0.135, -0.338
1938, 6, , , -0.236, -0.134, -0.338
1938, 7, , , -0.236, -0.134, -0.337
1938, 8, , , -0.235, -0.134, -0.337
1938, 9, , , -0.235, -0.134, -0.336
1938, 10, , , -0.235, -0.133, -0.336
1938, 11, , , -0.234, -0.133, -0.335
1938, 12, , , -0.234, -0.133, -0.335
1939, 1, , , -0.234, -0.133, -0.334
1939, 2, , , -0.233, -0.132, -0.334
1939, 3, , , -0.233, -0.132, -0.333
1939, 4, , , -0.232, -0.132, -0.333
1939, 5, , , -0.232, -0.132, -0.332
1939, 6, , , -0.232, -0.132, -0.332
1939, 7, , , -0.231, -0.131, -0.331
1939, 8, , , -0.231, -0.131, -0.331
1939, 9, , , -0.231, -0.131, -0.330
1939, 10, , , -0.230, -0.131, -0.330
1939, 11, , , -0.230, -0.130, -0.329
1939, 12, , , -0.230, -0.130, -0.329
1940, 1, , , -0.229, -0.130, -0.329
1940, 2, , , -0.229, -0.130, -0.328
1940, 3, , , -0.229, -0.130, -0.328
1940, 4, , , -0.228, -0.129, -0.327
1940, 5, , , -0.228, -0.129, -0.327
1940, 6, , , -0.227, -0.129, -0.326
1940, 7, , , -0.227, -0.129, -0.326
1940, 8, , , -0.227, -0.128, -0.325
1940, 9, , , -0.226, -0.128, -0.325
1940, 10, , , -0.226, -0.128, -0.324
1940, 11, , , -0.226, -0.128, -0.324
1940, 12, , , -0.225, -0.128, -0.323
1941, 1, , , -0.225, -0.127, -0.323
1941, 2, , , -0.225, -0.127, -0.322
1941, 3, , , -0.224, -0.127, -0.322
1941, 4, , , -0.224, -0.127, -0.321
1941, 5, , , -0.224, -0.126, -0.321
1941, 6, , , -0.223, -0.126, -0.320
1941, 7, , , -0.223, -0.126, -0.320
1941, 8, , , -0.223, -0.126, -0.319
1941, 9, , , -0.222, -0.125, -0.319
1941, 10, , , -0.222, -0.125, -0.318
1941, 11, , , -0.221, -0.125, -0.318
1941, 12, , , -0.221, -0.125, -0.317
1942, 1, , , -0.221, -0.125, -0.317
1942, 2, , , -0.220, -0.124, -0.316
1942, 3, , , -0.220, -0.124, -0.316
1942, 4, , , -0.220, -0.124, -0.315
1942, 5, , , -0.219, -0.124, -0.315
1942, 6, , , -0.219, -0.123, -0.315
1942, 7, , , -0.219, -0.123, -0.314
1942, 8, , , -0.218, -0.123, -0.314
1942, 9, , , -0.218, -0.123, -0.313
1942, 10, , , -0.218, -0.123, -0.313
1942, 11, , , -0.217, -0.122, -0.312
1942, 12, , , -0.217, -0.122, -0.312
1943, 1, , , -0.216, -0.122, -0.311
1943, 2, , , -0.216, -0.122, -0.311
1943, 3, , , -0.216, -0.121, -0.310
1943, 4, , , -0.215, -0.121, -0.310
1943, 5, , , -0.215, -0.121, -0.309
1943, 6, , , -0.215, -0.121, -0.309
1943, 7, , , -0.214, -0.120, -0.308
1943, 8, , , -0.214, -0.120, -0.308
1943, 9, , , -0.214, -0.120, -0.307
1943, 10, , , -0.213, -0.120, -0.307
1943, 11, , , -0.213, -0.120, -0.306
1943, 12, , , -0.213, -0.119, -0.306
1944, 1, , , -0.212, -0.119, -0.305
1944, 2, , , -0.212, -0.119, -0.305
1944, 3, , , -0.212, -0.119, -0.304
1944, 4, , , -0.211, -0.118, -0.304
1944, 5, , , -0.211, -0.118, -0.303
1944, 6, , , -0.210, -0.118, -0.303
1944, 7, , , -0.210, -0.118, -0.302
1944, 8, , , -0.210, -0.118, -0.302
1944, 9, , , -0.209, -0.117, -0.301
1944, 10, , , -0.209, -0.117, -0.301
1944, 11, , , -0.209, -0.117, -0.301
1944, 12, , , -0.208, -0.117, -0.300
1945, 1, , , -0.208, -0.116, -0.300
1945, 2, , , -0.208, -0.116, -0.299
1945, 3, , , -0.207, -0.116, -0.299
1945, 4, , , -0.207, -0.116, -0.298
1945, 5, , , -0.207, -0.116, -0.298
1945, 6, , , -0.206, -0.115, -0.297
1945, 7, , , -0.206, -0.115, -0.297
1945, 8, , , -0.206, -0.115, -0.296
1945, 9, , , -0.205, -0.115, -0.296
1945, 10, , , -0.205, -0.114, -0.295
1945, 11, , , -0.204, -0.114, -0.295
1945, 12, , , -0.204, -0.114, -0.294
1946, 1, , , -0.204, -0.114, -0.294
1946, 2, , , -0.203, -0.113, -0.293
1946, 3, , , -0.203, -0.113, -0.293
1946, 4, , , -0.203, -0.113, -0.292
1946, 5, , , -0.202, -0.113, -0.292
1946, 6, , , -0.202, -0.113, -0.291
1946, 7, , , -0.202, -0.112, -0.291
1946, 8, , , -0.201, -0.112, -0.290
1946, 9, , , -0.201, -0.112, -0.290
1946, 10, , , -0.201, -0.112, -0.289
1946, 11, , , -0.200, -0.111, -0.289
1946, 12, , , -0.200, -0.111, -0.288
1947, 1, , , -0.199, -0.111, -0.288
1947, 2, , , -0.199, -0.111, -0.287
1947, 3, , , -0.199, -0.111, -0.287
1947, 4, , , -0.198, -0.110, -0.287
1947, 5, , , -0.198, -0.110, -0.286
1947, 6, , , -0.198, -0.110, -0.286
1947, 7, , , -0.197, -0.110, -0.285
1947, 8, , , -0.197, -0.109, -0.285
1947, 9, , , -0.197, -0.109, -0.284
1947, 10, , , -0.196, -0.109, -0.284
1947, 11, , , -0.196, -0.109, -0.283
1947, 12, , , -0.196, -0.109, -0.283
1948, 1, , , -0.195, -0.108, -0.282
1948, 2, , , -0.195, -0.108, -0.282
1948, 3, , , -0.195, -0.108, -0.281
1948, 4, , , -0.194, -0.108, -0.281
1948, 5, , , -0.194, -0.107, -0.280
1948, 6, , , -0.193, -0.107, -0.280
1948, 7, , , -0.193, -0.107, -0.279
1948, 8, , , -0.193, -0.107, -0.279
1948, 9, , , -0.192, -0.106, -0.278
1948, 10, , , -0.192, -0.106, -0.278
1948, 11, , , -0.192, -0.106, -0.277
1948, 12, , , -0.191, -0.106, -0.277
1949, 1, , , -0.191, -0.106, -0.276
1949, 2, , , -0.191, -0.105, -0.276
1949, 3, , , -0.190, -0.105, -0.275
1949, 4, , , -0.190, -0.105, -0.275
1949, 5, , , -0.190, -0.105, -0.274
1949, 6, , , -0.189, -0.104, -0.274
1949, 7, , , -0.189, -0.104, -0.273
1949, 8, , , -0.188, -0.104, -0.273
1949, 9, , , -0.188, -0.104, -0.273
1949, 10, , , -0.188, -0.104, -0.272
1949, 11, , , -0.187, -0.103, -0.272
1949, 12, , , -0.187, -0.103, -0.271
1950, 1, , , -0.187, -0.103, -0.271
1950, 2, , , -0.186, -0.103, -0.270
1950, 3, , , -0.186, -0.102, -0.270
1950, 4, , , -0.186, -0.102, -0.269
1950, 5, , , -0.185, -0.102, -0.269
1950, 6, , , -0.185, -0.102, -0.268
1950, 7, , , -0.185, -0.101, -0.268
1950, 8, , , -0.184, -0.101, -0.267
1950, 9, , , -0.184, -0.101, -0.267
1950, 10, , , -0.184, -0.101, -0.266
1950, 11, , , -0.183, -0.101, -0.266
1950, 12, , , -0.183, -0.100, -0.265
1951, 1, , , -0.182, -0.100, -0.265
1951, 2, , , -0.182, -0.100, -0.264
1951, 3, , , -0.182, -0.100, -0.264
1951, 4, , , -0.181, -0.099, -0.263
1951, 5, , , -0.181, -0.099, -0.263
1951, 6, , , -0.181, -0.099, -0.262
1951, 7, , , -0.180, -0.099, -0.262
1951, 8, , , -0.180, -0.099, -0.261
1951, 9, , , -0.180, -0.098, -0.261
1951, 10, , , -0.179, -0.098, -0.260
1951, 11, , , -0.179, -0.098, -0.260
1951, 12, , , -0.179, -0.098, -0.259
1952, 1, , , -0.178, -0.097, -0.259
1952, 2, , , -0.178, -0.097, -0.259
1952, 3, , , -0.178, -0.097, -0.258
1952, 4, , , -0.177, -0.097, -0.258
1952, 5, , , -0.177, -0.097, -0.257
1952, 6, , , -0.176, -0.096, -0.257
1952, 7, , , -0.176, -0.096, -0.256
1952, 8, , , -0.176, -0.096, -0.256
1952, 9, , , -0.175, -0.096, -0.255
1952, 10, , , -0.175, -0.095, -0.255
1952, 11, , , -0.175, -0.095, -0.254
1952, 12, , , -0.174, -0.095, -0.254
1953, 1, , , -0.174, -0.095, -0.253
1953, 2, , , -0.174, -0.094, -0.253
1953, 3, , , -0.173, -0.094, -0.252
1953, 4, , , -0.173, -0.094, -0.252
1953, 5, , , -0.173, -0.094, -0.251
1953, 6, , , -0.172, -0.094, -0.251
1953, 7, , , -0.172, -0.093, -0.250
1953, 8, , , -0.171, -0.093, -0.250
1953, 9, , , -0.171, -0.093, -0.249
1953, 10, , , -0.171, -0.093, -0.249
1953, 11, , , -0.170, -0.092, -0.248
1953, 12, , , -0.170, -0.092, -0.248
1954, 1, , , -0.170, -0.092, -0.247
1954, 2, , , -0.169, -0.092, -0.247
1954, 3, , , -0.169, -0.092, -0.246
1954, 4, , , -0.169, -0.091, -0.246
1954, 5, , , -0.168, -0.091, -0.246
1954, 6, , , -0.168, -0.091, -0.245
1954, 7, , , -0.168, -0.091, -0.245
1954, 8, , , -0.167, -0.090, -0.244
1954, 9, , , -0.167, -0.090, -0.244
1954, 10, , , -0.167, -0.090, -0.243
1954, 11, , , -0.166, -0.090, -0.243
1954, 12, , , -0.166, -0.089, -0.242
1955, 1, , , -0.165, -0.089, -0.242
1955, 2, , , -0.165, -0.089, -0.241
1955, 3, , , -0.165, -0.089, -0.241
1955, 4, , , -0.164, -0.089, -0.240
1955, 5, , , -0.164, -0.088, -0.240
1955, 6, , , -0.164, -0.088, -0.239
1955, 7, , , -0.163, -0.088, -0.239
1955, 8, , , -0.163, -0.088, -0.238
1955, 9, , , -0.163, -0.087, -0.238
1955, 10, , , -0.162, -0.087, -0.237
1955, 11, , , -0.162, -0.087, -0.237
1955, 12, , , -0.162, -0.087, -0.236
1956, 1, , , -0.161, -0.087, -0.236
1956, 2, , , -0.161, -0.086, -0.235
1956, 3, , , -0.160, -0.086, -0.235
1956, 4, , , -0.160, -0.086, -0.234
1956, 5, , , -0.160, -0.086, -0.234
1956, 6, , , -0.159, -0.085, -0.233
1956, 7, , , -0.159, -0.085, -0.233
1956, 8, , , -0.159, -0.085, -0.232
1956, 9, , , -0.158, -0.085, -0.232
1956, 10, , , -0.158, -0.084, -0.232
1956, 11, , , -0.158, -0.084, -0.231
1956, 12, , , -0.157, -0.084, -0.231
1957, 1, , , -0.157, -0.084, -0.230
1957, 2, , , -0.157, -0.084, -0.230
1957, 3, , , -0.156, -0.083, -0.229
1957, 4, , , -0.156, -0.083, -0.229
1957, 5, , , -0.156, -0.083, -0.228
1957, 6, , , -0.155, -0.083, -0.228
1957, 7, , , -0.155, -0.082, -0.227
1957, 8, , , -0.154, -0.082, -0.227
1957, 9, , , -0.154, -0.082, -0.226
1957, 10, , , -0.154, -0.082, -0.226
1957, 11, , , -0.153, -0.082, -0.225
1957, 12, , , -0.153, -0.081, -0.225
1958, 1, , , -0.153, -0.081, -0.224
1958, 2, , , -0.152, -0.081, -0.224
1958, 3, , , -0.152, -0.081, -0.223
1958, 4, , , -0.152, -0.080, -0.223
1958, 5, , , -0.151, -0.080, -0.222
1958, 6, , , -0.151, -0.080, -0.222
1958, 7, , , -0.151, -0.080, -0.221
1958, 8, , , -0.150, -0.080, -0.221
1958, 9, , , -0.150, -0.079, -0.220
1958, 10, , , -0.149, -0.079, -0.220
1958, 11, , , -0.149, -0.079, -0.219
1958, 12, , , -0.149, -0.079, -0.219
1959, 1, , , -0.148, -0.078, -0.218
1959, 2, , , -0.148, -0.078, -0.218
1959, 3, , , -0.148, -0.078, -0.218
1959, 4, , , -0.147, -0.078, -0.217
1959, 5, , , -0.147, -0.077, -0.217
1959, 6, , , -0.147, -0.077, -0.216
1959, 7, , , -0.146, -0.077, -0.216
1959, 8, , , -0.146, -0.077, -0.215
1959, 9, , , -0.146, -0.077, -0.215
1959, 10, , , -0.145, -0.076, -0.214
1959, 11, , , -0.145, -0.076, -0.214
1959, 12, , , -0.145, -0.076, -0.213
1960, 1, , , -0.144, -0.076, -0.213
1960, 2, , , -0.144, -0.075, -0.212
1960, 3, , , -0.143, -0.075, -0.212
1960, 4, , , -0.143, -0.075, -0.211
1960, 5, , , -0.143, -0.075, -0.211
1960, 6, , , -0.142, -0.075, -0.210
1960, 7, , , -0.142, -0.074, -0.210
1960, 8, , , -0.142, -0.074, -0.209
1960, 9, , , -0.141, -0.074, -0.209
1960, 10, , , -0.141, -0.074, -0.208
1960, 11, , , -0.141, -0.073, -0.208
1960, 12, , , -0.140, -0.073, -0.207
1961, 1, , , -0.140, -0.073, -0.207
1961, 2, , , -0.140, -0.073, -0.206
1961, 3, , , -0.139, -0.072, -0.206
1961, 4, , , -0.139, -0.072, -0.205
1961, 5, , , -0.139, -0.072, -0.205
1961, 6, , , -0.138, -0.072, -0.205
1961, 7, , , -0.138, -0.072, -0.204
1961, 8, , , -0.137, -0.071, -0.204
1961, 9, , , -0.137, -0.071, -0.203
1961, 10, , , -0.137, -0.071, -0.203
1961, 11, , , -0.136, -0.071, -0.202
1961, 12, , , -0.136, -0.070, -0.202
1962, 1, , , -0.136, -0.070, -0.201
1962, 2, , , -0.135, -0.070, -0.201
1962, 3, , , -0.135, -0.070, -0.200
1962, 4, , , -0.135, -0.070, -0.200
1962, 5, , , -0.134, -0.069, -0.199
1962, 6, , , -0.134, -0.069, -0.199
1962, 7, , , -0.134, -0.069, -0.198
1962, 8, , , -0.133, -0.069, -0.198
1962, 9, , , -0.133, -0.068, -0.197
1962, 10, , , -0.132, -0.068, -0.197
1962, 11, , , -0.132, -0.068, -0.196
1962, 12, , , -0.132, -0.068, -0.196
1963, 1, , , -0.131, -0.067, -0.195
1963, 2, , , -0.131, -0.067, -0.195
1963, 3, , , -0.131, -0.067, -0.194
1963, 4, , , -0.130, -0.067, -0.194
1963, 5, , , -0.130, -0.067, -0.193
1963, 6, , , -0.130, -0.066, -0.193
1963, 7, , , -0.129, -0.066, -0.192
1963, 8, , , -0.129, -0.066, -0.192
1963, 9, , , -0.129, -0.066, -0.192
1963, 10, , , -0.128, -0.065, -0.191
1963, 11, , , -0.128, -0.065, -0.191
1963, 12, , , -0.128, -0.065, -0.190
1964, 1, , , -0.127, -0.065, -0.190
1964, 2, , , -0.127, -0.065, -0.189
1964, 3, , , -0.126, -0.064, -0.189
1964, 4, , , -0.126, -0.064, -0.188
1964, 5, , , -0.126, -0.064, -0.188
1964, 6, , , -0.125, -0.064, -0.187
1964, 7, , , -0.125, -0.063, -0.187
1964, 8, , , -0.125, -0.063, -0.186
1964, 9, , , -0.124, -0.063, -0.186
1964, 10, , , -0.124, -0.063, -0.185
1964, 11, , , -0.124, -0.062, -0.185
1964, 12, , , -0.123, -0.062, -0.184
1965, 1, , , -0.123, -0.062, -0.184
1965, 2, , , -0.123, -0.062, -0.183
1965, 3, , , -0.122, -0.062, -0.183
1965, 4, , , -0.122, -0.061, -0.182
1965, 5, , , -0.121, -0.061, -0.182
1965, 6, , , -0.121, -0.061, -0.181
1965, 7, , , -0.121, -0.061, -0.181
1965, 8, , , -0.120, -0.060, -0.180
1965, 9, , , -0.120, -0.060, -0.180
1965, 10, , , -0.120, -0.060, -0.179
1965, 11, , , -0.119, -0.060, -0.179
1965, 12, , , -0.119, -0.060, -0.179
1966, 1, , , -0.119, -0.059, -0.178
1966, 2, , , -0.118, -0.059, -0.178
1966, 3, , , -0.118, -0.059, -0.177
1966, 4, , , -0.118, -0.059, -0.177
1966, 5, , , -0.117, -0.058, -0.176
1966, 6, , , -0.117, -0.058, -0.176
1966, 7, , , -0.117, -0.058, -0.175
1966, 8, , , -0.116, -0.058, -0.175
1966, 9, , , -0.116, -0.057, -0.174
1966, 10, , , -0.115, -0.057, -0.174
1966, 11, , , -0.115, -0.057, -0.173
1966, 12, , , -0.115, -0.057, -0.173
1967, 1, , , -0.114, -0.057, -0.172
1967, 2, , , -0.114, -0.056, -0.172
1967, 3, , , -0.114, -0.056, -0.171
1967, 4, , , -0.113, -0.056, -0.171
1967, 5, , , -0.113, -0.056, -0.170
1967, 6, , , -0.113, -0.055, -0.170
1967, 7, , , -0.112, -0.055, -0.169
1967, 8, , , -0.112, -0.055, -0.169
1967, 9, , , -0.112, -0.055, -0.168
1967, 10, , , -0.111, -0.055, -0.168
1967, 11, , , -0.111, -0.054, -0.167
1967, 12, , , -0.111, -0.054, -0.167
1968, 1, , , -0.110, -0.054, -0.166
1968, 2, , , -0.110, -0.054, -0.166
1968, 3, , , -0.109, -0.053, -0.166
1968, 4, , , -0.109, -0.053, -0.165
1968, 5, , , -0.109, -0.053, -0.165
1968, 6, , , -0.108, -0.053, -0.164
1968, 7, , , -0.108, -0.052, -0.164
1968, 8, , , -0.108, -0.052, -0.163
1968, 9, , , -0.107, -0.052, -0.163
1968, 10, , , -0.107, -0.052, -0.162
1968, 11, , , -0.107, -0.052, -0.162
1968, 12, , , -0.106, -0.051, -0.161
1969, 1, , , -0.106, -0.051, -0.161
1969, 2, , , -0.106, -0.051, -0.160
1969, 3, , , -0.105, -0.051, -0.160
1969, 4, , , -0.105, -0.050, -0.159
1969, 5, , , -0.104, -0.050, -0.159
1969, 6, , , -0.104, -0.050, -0.158
1969, 7, , , -0.104, -0.050, -0.158
1969, 8, , , -0.103, -0.049, -0.157
1969, 9, , , -0.103, -0.049, -0.157
1969, 10, , , -0.103, -0.049, -0.156
1969, 11, , , -0.102, -0.049, -0.156
1969, 12, , , -0.102, -0.049, -0.155
1970, 1, , , -0.102, -0.048, -0.155
1970, 2, , , -0.101, -0.048, -0.154
1970, 3, , , -0.101, -0.048, -0.154
1970, 4, , , -0.101, -0.048, -0.153
1970, 5, , , -0.100, -0.047, -0.153
1970, 6, , , -0.100, -0.047, -0.153
1970, 7, , , -0.100, -0.047, -0.152
1970, 8, , , -0.099, -0.047, -0.152
1970, 9, , , -0.099, -0.047, -0.151
1970, 10, , , -0.098, -0.046, -0.151
1970, 11, , , -0.098, -0.046, -0.150
1970, 12, , , -0.098, -0.046, -0.150
1971, 1, , , -0.097, -0.046, -0.149
1971, 2, , , -0.097, -0.045, -0.149
1971, 3, , , -0.097, -0.045, -0.148
1971, 4, , , -0.096, -0.045, -0.148
1971, 5, , , -0.096, -0.045, -0.147
1971, 6, , , -0.096, -0.044, -0.147
1971, 7, , , -0.095, -0.044, -0.146
1971, 8, , , -0.095, -0.044, -0.146
1971, 9, , , -0.095, -0.044, -0.145
1971, 10, , , -0.094, -0.044, -0.145
1971, 11, , , -0.094, -0.043, -0.144
1971, 12, , , -0.093, -0.043, -0.144
1972, 1, , , -0.093, -0.043, -0.143
1972, 2, , , -0.093, -0.043, -0.143
1972, 3, , , -0.092, -0.042, -0.142
1972, 4, , , -0.092, -0.042, -0.142
1972, 5, , , -0.092, -0.042, -0.141
1972, 6, , , -0.091, -0.042, -0.141
1972, 7, , , -0.091, -0.042, -0.141
1972, 8, , , -0.091, -0.041, -0.140
1972, 9, , , -0.090, -0.041, -0.140
1972, 10, , , -0.090, -0.041, -0.139
1972, 11, , , -0.090, -0.041, -0.139
1972, 12, , , -0.089, -0.040, -0.138
1973, 1, , , -0.089, -0.040, -0.138
1973, 2, , , -0.089, -0.040, -0.137
1973, 3, , , -0.088, -0.040, -0.137
1973, 4, , , -0.088, -0.039, -0.136
1973, 5, , , -0.087, -0.039, -0.136
1973, 6, , , -0.087, -0.039, -0.135
1973, 7, , , -0.087, -0.039, -0.135
1973, 8, , , -0.086, -0.039, -0.134
1973, 9, , , -0.086, -0.038, -0.134
1973, 10, , , -0.086, -0.038, -0.133
1973, 11, , , -0.085, -0.038, -0.133
1973, 12, , , -0.085, -0.038, -0.132
1974, 1, , , -0.085, -0.037, -0.132
1974, 2, , , -0.084, -0.037, -0.131
1974, 3, , , -0.084, -0.037, -0.131
1974, 4, , , -0.084, -0.037, -0.130
1974, 5, , , -0.083, -0.036, -0.130
1974, 6, , , -0.083, -0.036, -0.129
1974, 7, , , -0.082, -0.036, -0.129
1974, 8, , , -0.082, -0.036, -0.128
1974, 9, , , -0.082, -0.036, -0.128
1974, 10, , , -0.081, -0.035, -0.128
1974, 11, , , -0.081, -0.035, -0.127
1974, 12, , , -0.081, -0.035, -0.127
1975, 1, , , -0.080, -0.035, -0.126
1975, 2, , , -0.080, -0.034, -0.126
1975, 3, , , -0.080, -0.034, -0.125
1975, 4, , , -0.079, -0.034, -0.125
1975, 5, , , -0.079, -0.034, -0.124
1975, 6, , , -0.079, -0.033, -0.124
1975, 7, , , -0.078, -0.033, -0.123
1975, 8, , , -0.078, -0.033, -0.123
1975, 9, , , -0.078, -0.033, -0.122
1975, 10, , , -0.077, -0.033, -0.122
1975, 11, , , -0.077, -0.032, -0.121
1975, 12, , , -0.076, -0.032, -0.121
1976, 1, , , -0.076, -0.032, -0.120
1976, 2, , , -0.076, -0.032, -0.120
1976, 3, , , -0.075, -0.031, -0.119
1976, 4, , , -0.075, -0.031, -0.119
1976, 5, , , -0.075, -0.031, -0.118
1976, 6, , , -0.074, -0.031, -0.118
1976, 7, , , -0.074, -0.031, -0.117
1976, 8, , , -0.074, -0.030, -0.117
1976, 9, , , -0.073, -0.030, -0.117
1976, 10, , , -0.073, -0.030, -0.116
1976, 11, , , -0.073, -0.030, -0.116
1976, 12, , , -0.072, -0.029, -0.115
1977, 1, , , -0.072, -0.029, -0.115
1977, 2, , , -0.072, -0.029, -0.114
1977, 3, , , -0.071, -0.029, -0.114
1977, 4, , , -0.071, -0.028, -0.113
1977, 5, , , -0.070, -0.028, -0.113
1977, 6, , , -0.070, -0.028, -0.112
1977, 7, , , -0.070, -0.028, -0.112
1977, 8, , , -0.069, -0.028, -0.111
1977, 9, , , -0.069, -0.027, -0.111
1977, 10, , , -0.069, -0.027, -0.110
1977, 11, , , -0.068, -0.027, -0.110
1977, 12, , , -0.068, -0.027, -0.109
1978, 1, , , -0.068, -0.026, -0.109
1978, 2, , , -0.067, -0.026, -0.108
1978, 3, , , -0.067, -0.026, -0.108
1978, 4, , , -0.067, -0.026, -0.107
1978, 5, , , -0.066, -0.025, -0.107
1978, 6, , , -0.066, -0.025, -0.106
1978, 7, , , -0.065, -0.025, -0.106
1978, 8, , , -0.065, -0.025, -0.105
1978, 9, , , -0.065, -0.025, -0.105
1978, 10, , , -0.064, -0.024, -0.105
1978, 11, , , -0.064, -0.024, -0.104
1978, 12, , , -0.064, -0.024, -0.104
1979, 1, , , -0.063, -0.024, -0.103
1979, 2, , , -0.063, -0.023, -0.103
1979, 3, , , -0.063, -0.023, -0.102
1979, 4, , , -0.062, -0.023, -0.102
1979, 5, , , -0.062, -0.023, -0.101
1979, 6, , , -0.062, -0.022, -0.101
1979, 7, , , -0.061, -0.022, -0.100
1979, 8, , , -0.061, -0.022, -0.100
1979, 9, , , -0.061, -0.022, -0.099
1979, 10, , , -0.060, -0.022, -0.099
1979, 11, , , -0.060, -0.021, -0.098
1979, 12, , , -0.059, -0.021, -0.098
1980, 1, , , -0.059, -0.021, -0.097
1980, 2, , , -0.059, -0.021, -0.097
1980, 3, , , -0.058, -0.020, -0.096
1980, 4, , , -0.058, -0.020, -0.096
1980, 5, , , -0.058, -0.020, -0.095
1980, 6, , , -0.057, -0.020, -0.095
1980, 7, , , -0.057, -0.019, -0.094
1980, 8, , , -0.057, -0.019, -0.094
1980, 9, , , -0.056, -0.019, -0.094
1980, 10, , , -0.056, -0.019, -0.093
1980, 11, , , -0.056, -0.019, -0.093
1980, 12, , , -0.055, -0.018, -0.092
1981, 1, , , -0.055, -0.018, -0.092
1981, 2, , , -0.054, -0.018, -0.091
1981, 3, , , -0.054, -0.018, -0.091
1981, 4, , , -0.054, -0.017, -0.090
1981, 5, , , -0.053, -0.017, -0.090
1981, 6, , , -0.053, -0.017, -0.089
1981, 7, , , -0.053, -0.017, -0.089
1981, 8, , , -0.052, -0.016, -0.088
1981, 9, , , -0.052, -0.016, -0.088
1981, 10, , , -0.052, -0.016, -0.087
1981, 11, , , -0.051, -0.016, -0.087
1981, 12, , , -0.051, -0.016, -0.086
1982, 1, , , -0.051, -0.015, -0.086
1982, 2, , , -0.050, -0.015, -0.085
1982, 3, , , -0.050, -0.015, -0.085
1982, 4, , , -0.050, -0.015, -0.084
1982, 5, , , -0.049, -0.014, -0.084
1982, 6, , , -0.049, -0.014, -0.083
1982, 7, , , -0.048, -0.014, -0.083
1982, 8, , , -0.048, -0.014, -0.083
1982, 9, , , -0.048, -0.013, -0.082
1982, 10, , , -0.047, -0.013, -0.082
1982, 11, , , -0.047, -0.013, -0.081
1982, 12, , , -0.047, -0.013, -0.081
1983, 1, , , -0.046, -0.013, -0.080
1983, 2, , , -0.046, -0.012, -0.080
1983, 3, , , -0.046, -0.012, -0.079
1983, 4, , , -0.045, -0.012, -0.079
1983, 5, , , -0.045, -0.012, -0.078
1983, 6, , , -0.045, -0.011, -0.078
1983, 7, , , -0.044, -0.011, -0.077
1983, 8, , , -0.044, -0.011, -0.077
1983, 9, , , -0.044, -0.011, -0.076
1983, 10, , , -0.043, -0.010, -0.076
1983, 11, , , -0.043, -0.010, -0.075
1983, 12, , , -0.042, -0.010, -0.075
1984, 1, , , -0.042, -0.010, -0.074
1984, 2, , , -0.042, -0.009, -0.074
1984, 3, , , -0.041, -0.009, -0.073
1984, 4, , , -0.041, -0.009, -0.073
1984, 5, , , -0.041, -0.009, -0.073
1984, 6, , , -0.040, -0.009, -0.072
1984, 7, , , -0.040, -0.008, -0.072
1984, 8, , , -0.040, -0.008, -0.071
1984, 9, , , -0.039, -0.008, -0.071
1984, 10, , , -0.039, -0.008, -0.070
1984, 11, , , -0.039, -0.007, -0.070
1984, 12, , , -0.038, -0.007, -0.069
1985, 1, , , -0.038, -0.007, -0.069
1985, 2, , , -0.037, -0.007, -0.068
1985, 3, , , -0.037, -0.006, -0.068
1985, 4, , , -0.037, -0.006, -0.067
1985, 5, , , -0.036, -0.006, -0.067
1985, 6, , , -0.036, -0.006, -0.066
1985, 7, , , -0.036, -0.006, -0.066
1985, 8, , , -0.035, -0.005, -0.065
1985, 9, , , -0.035, -0.005, -0.065
1985, 10, , , -0.035, -0.005, -0.064
1985, 11, , , -0.034, -0.005, -0.064
1985, 12, , , -0.034, -0.004, -0.064
1986, 1, , , -0.034, -0.004, -0.063
1986, 2, , , -0.033, -0.004, -0.063
1986, 3, , , -0.033, -0.004, -0.062
1986, 4, , , -0.033, -0.003, -0.062
1986, 5, , , -0.032, -0.003, -0.061
1986, 6, , , -0.032, -0.003, -0.061
1986, 7, -0.044, , -0.031, -0.003, -0.060
1986, 8, -0.037, , -0.031, -0.002, -0.060
1986, 9, -0.073, , -0.031, -0.002, -0.059
1986, 10, -0.051, , -0.030, -0.002, -0.059
1986, 11, -0.031, , -0.030, -0.002, -0.058
1986, 12, -0.004, , -0.030, -0.002, -0.058
1987, 1, 0.019, , -0.029, -0.001, -0.057
1987, 2, -0.040, , -0.029, -0.001, -0.057
1987, 3, 0.074, , -0.029, -0.001, -0.056
1987, 4, 0.042, , -0.028, -0.001, -0.056
1987, 5, -0.091, , -0.028, -0.000, -0.055
1987, 6, -0.048, , -0.028, -0.000, -0.055
1987, 7, -0.041, , -0.027, 0.000, -0.055
1987, 8, -0.028, , -0.027, 0.000, -0.054
1987, 9, -0.030, , -0.026, 0.001, -0.054
1987, 10, -0.100, , -0.026, 0.001, -0.053
1987, 11, , , -0.026, 0.001, -0.053
1987, 12, , , -0.025, 0.001, -0.052
1988, 1, , , -0.025, 0.002, -0.052
1988, 2, , , -0.025, 0.002, -0.051
1988, 3, , , -0.024, 0.002, -0.051
1988, 4, , , -0.024, 0.002, -0.050
1988, 5, , , -0.024, 0.002, -0.050
1988, 6, , , -0.023, 0.003, -0.049
1988, 7, , , -0.023, 0.003, -0.049
1988, 8, , , -0.023, 0.003, -0.048
1988, 9, , , -0.022, 0.003, -0.048
1988, 10, , , -0.022, 0.004, -0.047
1988, 11, , , -0.022, 0.004, -0.047
1988, 12, , , -0.021, 0.004, -0.046
1989, 1, , , -0.021, 0.004, -0.046
1989, 2, , , -0.020, 0.005, -0.046
1989, 3, , , -0.020, 0.005, -0.045
1989, 4, , , -0.020, 0.005, -0.045
1989, 5, , , -0.019, 0.005, -0.044
1989, 6, , , -0.019, 0.006, -0.044
1989, 7, , , -0.019, 0.006, -0.043
1989, 8, , , -0.018, 0.006, -0.043
1989, 9, , , -0.018, 0.006, -0.042
1989, 10, , , -0.018, 0.007, -0.042
1989, 11, , , -0.017, 0.007, -0.041
1989, 12, , , -0.017, 0.007, -0.041
1990, 1, , , -0.017, 0.007, -0.040
1990, 2, , , -0.016, 0.008, -0.040
1990, 3, , , -0.016, 0.008, -0.039
1990, 4, , , -0.015, 0.008, -0.039
1990, 5, , , -0.015, 0.008, -0.039
1990, 6, , , -0.015, 0.008, -0.038
1990, 7, , , -0.014, 0.009, -0.038
1990, 8, , , -0.014, 0.009, -0.037
1990, 9, , , -0.014, 0.009, -0.037
1990, 10, , , -0.013, 0.009, -0.036
1990, 11, , , -0.013, 0.010, -0.036
1990, 12, , , -0.013, 0.010, -0.035
1991, 1, , , -0.012, 0.010, -0.035
1991, 2, , , -0.012, 0.010, -0.034
1991, 3, , , -0.012, 0.011, -0.034
1991, 4, , , -0.011, 0.011, -0.033
1991, 5, , , -0.011, 0.011, -0.033
1991, 6, , , -0.011, 0.011, -0.032
1991, 7, , , -0.010, 0.012, -0.032
1991, 8, , , -0.010, 0.012, -0.032
1991, 9, , , -0.009, 0.012, -0.031
1991, 10, , , -0.009, 0.012, -0.031
1991, 11, , , -0.009, 0.013, -0.030
1991, 12, , , -0.008, 0.013, -0.030
1992, 1, , , -0.008, 0.013, -0.029
1992, 2, , , -0.008, 0.013, -0.029
1992, 3, , , -0.007, 0.014, -0.028
1992, 4, , , -0.007, 0.014, -0.028
1992, 5, , , -0.007, 0.014, -0.027
1992, 6, , , -0.006, 0.014, -0.027
1992, 7, , , -0.006, 0.015, -0.026
1992, 8, , , -0.006, 0.015, -0.026
1992, 9, , , -0.005, 0.015, -0.025
1992, 10, , , -0.005, 0.015, -0.025
1992, 11, , , -0.005, 0.016, -0.025
1992, 12, , , -0.004, 0.016, -0.024
1993, 1, , , -0.004, 0.016, -0.024
1993, 2, , , -0.003, 0.016, -0.023
1993, 3, , , -0.003, 0.017, -0.023
1993, 4, , , -0.003, 0.017, -0.022
1993, 5, , , -0.002, 0.017, -0.022
1993, 6, , , -0.002, 0.017, -0.021
1993, 7, , , -0.002, 0.018, -0.021
1993, 8, , , -0.001, 0.018, -0.020
1993, 9, , , -0.001, 0.018, -0.020
1993, 10, , , -0.001, 0.018, -0.019
1993, 11, , , -0.000, 0.019, -0.019
1993, 12, , , 0.000, 0.019, -0.019
1994, 1, , , 0.000, 0.019, -0.018
1994, 2, , , 0.001, 0.019, -0.018
1994, 3, , , 0.001, 0.020, -0.017
1994, 4, , , 0.002, 0.020, -0.017
1994, 5, , , 0.002, 0.020, -0.016
1994, 6, , , 0.002, 0.020, -0.016
1994, 7, -0.007, , 0.003, 0.021, -0.015
1994, 8, -0.023, , 0.003, 0.021, -0.015
1994, 9, -0.057, , 0.003, 0.021, -0.014
1994, 10, -0.004, , 0.004, 0.021, -0.014
1994, 11, -0.050, , 0.004, 0.022, -0.014
1994, 12, 0.058, , 0.004, 0.022, -0.013
1995, 1, 0.014, , 0.005, 0.022, -0.013
1995, 2, -0.105, , 0.005, 0.022, -0.012
1995, 3, -0.014, , 0.005, 0.023, -0.012
1995, 4, -0.064, , 0.006, 0.023, -0.011
1995, 5, 0.016, , 0.006, 0.023, -0.011
1995, 6, -0.034, , 0.006, 0.023, -0.010
1995, 7, 0.007, , 0.007, 0.024, -0.010
1995, 8, 0.082, , 0.007, 0.024, -0.009
1995, 9, 0.006, , 0.008, 0.024, -0.009
1995, 10, 0.033, , 0.008, 0.024, -0.009
1995, 11, 0.011, , 0.008, 0.025, -0.008
1995, 12, -0.050, , 0.009, 0.025, -0.008
1996, 1, 0.118, , 0.009, 0.025, -0.007
1996, 2, -0.019, , 0.009, 0.025, -0.007
1996, 3, -0.019, , 0.010, 0.026, -0.006
1996, 4, 0.031, , 0.010, 0.026, -0.006
1996, 5, 0.010, , 0.010, 0.026, -0.005
1996, 6, 0.032, , 0.011, 0.026, -0.005
1996, 7, 0.018, , 0.011, 0.027, -0.005
1996, 8, 0.030, , 0.011, 0.027, -0.004
1996, 9, 0.154, , 0.012, 0.027, -0.004
1996, 10, 0.101, , 0.012, 0.027, -0.003
1996, 11, 0.095, , 0.013, 0.028, -0.003
1996, 12, 0.190, , 0.013, 0.028, -0.002
1997, 1, 0.084, , 0.013, 0.028, -0.002
1997, 2, 0.105, , 0.014, 0.029, -0.001
1997, 3, 0.082, , 0.014, 0.029, -0.001
1997, 4, 0.037, , 0.014, 0.029, -0.001
1997, 5, -0.030, , 0.015, 0.029, -0.000
1997, 6, 0.080, , 0.015, 0.030, 0.000
1997, 7, 0.013, , 0.015, 0.030, 0.001
1997, 8, 0.022, , 0.016, 0.030, 0.001
1997, 9, -0.004, , 0.016, 0.030, 0.002
1997, 10, 0.012, , 0.016, 0.031, 0.002
1997, 11, 0.077, , 0.017, 0.031, 0.003
1997, 12, 0.074, , 0.017, 0.031, 0.003
1998, 1, 0.179, , 0.017, 0.032, 0.003
1998, 2, 0.295, , 0.018, 0.032, 0.004
1998, 3, 0.105, , 0.018, 0.032, 0.004
1998, 4, 0.115, , 0.019, 0.032, 0.005
1998, 5, 0.123, , 0.019, 0.033, 0.005
1998, 6, 0.032, , 0.019, 0.033, 0.006
1998, 7, 0.045, , 0.020, 0.033, 0.006
1998, 8, 0.052, , 0.020, 0.033, 0.006
1998, 9, 0.026, , 0.020, 0.034, 0.007
1998, 10, -0.026, , 0.021, 0.034, 0.007
1998, 11, 0.013, , 0.021, 0.034, 0.008
1998, 12, 0.030, , 0.021, 0.035, 0.008
1999, 1, 0.044, , 0.022, 0.035, 0.009
1999, 2, 0.155, , 0.022, 0.035, 0.009
1999, 3, -0.028, , 0.022, 0.035, 0.009
1999, 4, 0.046, , 0.023, 0.036, 0.010
1999, 5, 0.033, , 0.023, 0.036, 0.010
1999, 6, -0.014, , 0.023, 0.036, 0.011
1999, 7, 0.016, , 0.024, 0.037, 0.011
1999, 8, 0.022, , 0.024, 0.037, 0.012
1999, 9, 0.026, , 0.025, 0.037, 0.012
1999, 10, -0.020, , 0.025, 0.037, 0.012
1999, 11, -0.018, , 0.025, 0.038, 0.013
1999, 12, -0.004, , 0.026, 0.038, 0.013
2000, 1, -0.117, , 0.026, 0.038, 0.014
2000, 2, -0.050, , 0.026, 0.039, 0.014
2000, 3, 0.037, , 0.027, 0.039, 0.014
2000, 4, 0.023, , 0.027, 0.039, 0.015
2000, 5, 0.056, , 0.027, 0.040, 0.015
2000, 6, -0.010, , 0.028, 0.040, 0.016
2000, 7, 0.050, , 0.028, 0.040, 0.016
2000, 8, -0.000, , 0.028, 0.040, 0.016
2000, 9, -0.012, , 0.029, 0.041, 0.017
2000, 10, -0.059, , 0.029, 0.041, 0.017
2000, 11, 0.038, , 0.030, 0.041, 0.018
2000, 12, -0.102, , 0.030, 0.042, 0.018
2001, 1, 0.024, , 0.030, 0.042, 0.018
2001, 2, -0.019, , 0.031, 0.042, 0.019
2001, 3, -0.013, , 0.031, 0.043, 0.019
2001, 4, -0.008, , 0.031, 0.043, 0.020
2001, 5, 0.018, , 0.032, 0.043, 0.020
2001, 6, -0.034, , 0.032, 0.044, 0.020
2001, 7, 0.016, , 0.032, 0.044, 0.021
2001, 8, -0.002, , 0.033, 0.044, 0.021
2001, 9, 0.015, , 0.033, 0.045, 0.022
2001, 10, -0.024, , 0.033, 0.045, 0.022
2001, 11, 0.011, , 0.034, 0.045, 0.022
2001, 12, 0.046, , 0.034, 0.045, 0.023
2002, 1, -0.052, , 0.034, 0.046, 0.023
2002, 2, 0.073, , 0.035, 0.046, 0.024
2002, 3, -0.083, , 0.035, 0.046, 0.024
2002, 4, -0.055, , 0.036, 0.047, 0.024
2002, 5, -0.059, , 0.036, 0.047, 0.025
2002, 6, 0.006, , 0.036, 0.047, 0.025
2002, 7, -0.013, , 0.037, 0.048, 0.025
2002, 8, -0.004, , 0.037, 0.048, 0.026
2002, 9, 0.017, , 0.037, 0.048, 0.026
2002, 10, 0.062, , 0.038, 0.049, 0.027
2002, 11, -0.014, , 0.038, 0.049, 0.027
2002, 12, -0.016, , 0.038, 0.049, 0.027
2003, 1, -0.045, , 0.039, 0.050, 0.028
2003, 2, -0.091, , 0.039, 0.050, 0.028
2003, 3, 0.055, , 0.039, 0.051, 0.028
2003, 4, 0.046, , 0.040, 0.051, 0.029
2003, 5, 0.045, , 0.040, 0.051, 0.029
2003, 6, 0.022, , 0.041, 0.052, 0.029
2003, 7, 0.017, , 0.041, 0.052, 0.030
2003, 8, 0.006, , 0.041, 0.052, 0.030
2003, 9, 0.104, , 0.042, 0.053, 0.031
2003, 10, 0.016, , 0.042, 0.053, 0.031
2003, 11, 0.068, , 0.042, 0.053, 0.031
2003, 12, 0.012, , 0.043, 0.054, 0.032
2004, 1, -0.060, , 0.043, 0.054, 0.032
2004, 2, 0.026, , 0.043, 0.054, 0.032
2004, 3, 0.027, , 0.044, 0.055, 0.033
2004, 4, -0.049, , 0.044, 0.055, 0.033
2004, 5, -0.010, , 0.044, 0.056, 0.033
2004, 6, -0.004, , 0.045, 0.056, 0.034
2004, 7, 0.054, , 0.045, 0.056, 0.034
2004, 8, 0.040, , 0.045, 0.057, 0.034
2004, 9, 0.074, , 0.046, 0.057, 0.035
2004, 10, 0.140, , 0.046, 0.057, 0.035
2004, 11, 0.067, , 0.047, 0.058, 0.035
2004, 12, 0.076, , 0.047, 0.058, 0.036
2005, 1, 0.101, , 0.047, 0.058, 0.036
2005, 2, 0.169, , 0.048, 0.059, 0.036
2005, 3, 0.063, , 0.048, 0.059, 0.037
2005, 4, 0.165, , 0.048, 0.060, 0.037
2005, 5, 0.105, , 0.049, 0.060, 0.037
2005, 6, 0.082, , 0.049, 0.060, 0.038
2005, 7, 0.082, , 0.049, 0.061, 0.038
2005, 8, 0.071, , 0.050, 0.061, 0.038
2005, 9, 0.024, , 0.050, 0.062, 0.039
2005, 10, 0.052, , 0.050, 0.062, 0.039
2005, 11, 0.050, , 0.051, 0.062, 0.039
2005, 12, 0.026, , 0.051, 0.063, 0.040
2006, 1, 0.097, , 0.052, 0.063, 0.040
2006, 2, 0.077, , 0.052, 0.064, 0.040
2006, 3, -0.014, , 0.052, 0.064, 0.040
2006, 4, 0.033, , 0.053, 0.064, 0.041
2006, 5, 0.087, , 0.053, 0.065, 0.041
2006, 6, 0.030, , 0.053, 0.065, 0.041
2006, 7, 0.021, , 0.054, 0.066, 0.042
2006, 8, 0.039, , 0.054, 0.066, 0.042
2006, 9, 0.101, , 0.054, 0.066, 0.042
2006, 10, 0.064, , 0.055, 0.067, 0.043
2006, 11, 0.103, , 0.055, 0.067, 0.043
2006, 12, 0.010, , 0.055, 0.068, 0.043
2007, 1, 0.024, , 0.056, 0.068, 0.044
2007, 2, -0.150, , 0.056, 0.068, 0.044
2007, 3, -0.065, , 0.056, 0.069, 0.044
2007, 4, -0.012, , 0.057, 0.069, 0.044
2007, 5, -0.023, , 0.057, 0.070, 0.045
2007, 6, 0.054, , 0.058, 0.070, 0.045
2007, 7, 0.027, , 0.058, 0.070, 0.045
2007, 8, 0.042, , 0.058, 0.071, 0.046
2007, 9, 0.002, , 0.059, 0.071, 0.046
2007, 10, 0.062, , 0.059, 0.072, 0.046
2007, 11, 0.030, , 0.059, 0.072, 0.046
2007, 12, 0.048, , 0.060, 0.073, 0.047
2008, 1, 0.047, , 0.060, 0.073, 0.047
2008, 2, 0.058, , 0.060, 0.073, 0.047
2008, 3, 0.063, , 0.061, 0.074, 0.048
2008, 4, 0.076, , 0.061, 0.074, 0.048
2008, 5, 0.118, , 0.061, 0.075, 0.048
2008, 6, 0.036, , 0.062, 0.075, 0.048
2008, 7, 0.041, , 0.062, 0.076, 0.049
2008, 8, 0.014, , 0.062, 0.076, 0.049
2008, 9, 0.041, , 0.063, 0.076, 0.049
2008, 10, 0.002, , 0.063, 0.077, 0.050
2008, 11, 0.011, , 0.064, 0.077, 0.050
2008, 12, -0.010, , 0.064, 0.078, 0.050
2009, 1, -0.004, , 0.064, 0.078, 0.050
2009, 2, 0.040, , 0.065, 0.079, 0.051
2009, 3, 0.032, , 0.065, 0.079, 0.051
2009, 4, 0.029, , 0.065, 0.079, 0.051
2009, 5, 0.025, , 0.066, 0.080, 0.052
2009, 6, 0.164, , 0.066, 0.080, 0.052
2009, 7, 0.131, , 0.066, 0.081, 0.052
2009, 8, 0.033, , 0.067, 0.081, 0.052
2009, 9, , , 0.067, 0.082, 0.053
2009, 10, 0.118, , 0.067, 0.082, 0.053
2009, 11, 0.183, , 0.068, 0.082, 0.053
2009, 12, 0.108, , 0.068, 0.083, 0.053
2010, 1, 0.094, , 0.069, 0.083, 0.054
2010, 2, 0.092, , 0.069, 0.084, 0.054
2010, 3, 0.224, , 0.069, 0.084, 0.054
2010, 4, 0.098, , 0.070, 0.085, 0.054
2010, 5, 0.054, , 0.070, 0.085, 0.055
2010, 6, 0.078, , 0.070, 0.086, 0.055
2010, 7, 0.053, , 0.071, 0.086, 0.055
2010, 8, 0.122, , 0.071, 0.086, 0.056
2010, 9, 0.085, , 0.071, 0.087, 0.056
2010, 10, 0.061, , 0.072, 0.087, 0.056
2010, 11, 0.130, , 0.072, 0.088, 0.056
2010, 12, 0.038, , 0.072, 0.088, 0.057
2011, 1, 0.080, , 0.073, 0.089, 0.057
2011, 2, 0.084, , 0.073, 0.089, 0.057
2011, 3, 0.138, , 0.073, 0.090, 0.057
2011, 4, 0.127, , 0.074, 0.090, 0.058
2011, 5, 0.203, , 0.074, 0.090, 0.058
2011, 6, 0.116, , 0.075, 0.091, 0.058
2011, 7, 0.115, , 0.075, 0.091, 0.058
2011, 8, 0.098, , 0.075, 0.092, 0.059
2011, 9, 0.180, , 0.076, 0.092, 0.059
2011, 10, 0.126, , 0.076, 0.093, 0.059
2011, 11, 0.114, , 0.076, 0.093, 0.059
2011, 12, 0.118, , 0.077, 0.094, 0.060
2012, 1, 0.082, , 0.077, 0.094, 0.060
2012, 2, 0.077, , 0.077, 0.095, 0.060
2012, 3, 0.091, , 0.078, 0.095, 0.060
2012, 4, 0.043, , 0.078, 0.095, 0.061
2012, 5, 0.098, , 0.078, 0.096, 0.061
2012, 6, 0.148, , 0.079, 0.096, 0.061
2012, 7, 0.085, , 0.079, 0.097, 0.061
2012, 8, 0.099, , 0.080, 0.097, 0.062
2012, 9, 0.021, , 0.080, 0.098, 0.062
2012, 10, 0.092, , 0.080, 0.098, 0.062
2012, 11, 0.116, , 0.081, 0.099, 0.063
2012, 12, 0.168, , 0.081, 0.099, 0.063
2013, 1, 0.101, , 0.081, 0.100, 0.063
2013, 2, 0.068, , 0.082, 0.100, 0.063
2013, 3, 0.111, , 0.082, 0.100, 0.064
2013, 4, 0.076, , 0.082, 0.101, 0.064
2013, 5, 0.024, , 0.083, 0.101, 0.064
2013, 6, 0.064, , 0.083, 0.102, 0.064
2013, 7, 0.109, , 0.083, 0.102, 0.065
2013, 8, 0.105, , 0.084, 0.103, 0.065
2013, 9, 0.057, , 0.084, 0.103, 0.065
2013, 10, 0.127, , 0.084, 0.104, 0.065
2013, 11, -0.026, , 0.085, 0.104, 0.066
2013, 12, 0.056, , 0.085, 0.105, 0.066
2014, 1, 0.045, , 0.086, 0.105, 0.066
2014, 2, 0.036, , 0.086, 0.106, 0.066
2014, 3, 0.016, , 0.086, 0.106, 0.066
2014, 4, 0.101, , 0.087, 0.106, 0.067
2014, 5, 0.101, , 0.087, 0.107, 0.067
2014, 6, 0.120, , 0.087, 0.107, 0.067
2014, 7, 0.086, , 0.088, 0.108, 0.067
2014, 8, 0.120, , 0.088, 0.108, 0.068
2014, 9, 0.077, , 0.088, 0.109, 0.068
2014, 10, 0.132, , 0.089, 0.109, 0.068
2014, 11, 0.009, , 0.089, 0.110, 0.068
2014, 12, 0.096, , 0.089, 0.110, 0.069
2015, 1, -0.007, , 0.090, 0.111, 0.069
2015, 2, 0.015, , 0.090, 0.111, 0.069
2015, 3, -0.066, , 0.090, 0.112, 0.069
2015, 4, 0.014, , 0.091, 0.112, 0.070
2015, 5, -0.020, , 0.091, 0.112, 0.070
2015, 6, 0.072, , 0.092, 0.113, 0.070
2015, 7, , , 0.092, 0.113, 0.070
2015, 8, , , 0.092, 0.114, 0.071
2015, 9, , , 0.093, 0.114, 0.071
2015, 10, 0.107, , 0.093, 0.115, 0.071
2015, 11, 0.089, , 0.093, 0.115, 0.071
2015, 12, 0.170, , 0.094, 0.116, 0.072
2016, 1, 0.108, , 0.094, 0.116, 0.072
2016, 2, 0.152, , 0.094, 0.117, 0.072
2016, 3, 0.098, , 0.095, 0.117, 0.072
2016, 4, 0.098, , 0.095, 0.118, 0.073
2016, 5, 0.067, , 0.095, 0.118, 0.073
2016, 6, 0.058, , 0.096, 0.119, 0.073
2016, 7, 0.078, , 0.096, 0.119, 0.073
2016, 8, 0.061, , 0.097, 0.119, 0.074
2016, 9, 0.151, , 0.097, 0.120, 0.074
2016, 10, 0.088, , 0.097, 0.120, 0.074
2016, 11, 0.056, , 0.098, 0.121, 0.074
2016, 12, 0.050, , 0.098, 0.121, 0.075
2017, 1, , , 0.098, 0.122, 0.075
2017, 2, , , 0.099, 0.122, 0.075
2017, 3, , , 0.099, 0.123, 0.075
2017, 4, , , 0.099, 0.123, 0.076
2017, 5, , , 0.100, 0.124, 0.076
2017, 6, , , 0.100, 0.124, 0.076
2017, 7, , , 0.100, 0.125, 0.076
2017, 8, , , 0.101, 0.125, 0.076
2017, 9, , , 0.101, 0.126, 0.077
2017, 10, , , 0.101, 0.126, 0.077
2017, 11, , , 0.102, 0.127, 0.077
2017, 12, , , 0.102, 0.127, 0.077
2018, 1, , , 0.103, 0.127, 0.078
2018, 2, , , 0.103, 0.128, 0.078
2018, 3, , , 0.103, 0.128, 0.078
2018, 4, , , 0.104, 0.129, 0.078
2018, 5, , , 0.104, 0.129, 0.079
2018, 6, , , 0.104, 0.130, 0.079
2018, 7, , , 0.105, 0.130, 0.079
2018, 8, , , 0.105, 0.131, 0.079
2018, 9, , , 0.105, 0.131, 0.080
2018, 10, , , 0.106, 0.132, 0.080
2018, 11, , , 0.106, 0.132, 0.080
2018, 12, , , 0.106, 0.133, 0.080
2019, 1, , , 0.107, 0.133, 0.081
2019, 2, , , 0.107, 0.134, 0.081
2019, 3, , , 0.108, 0.134, 0.081
2019, 4, , , 0.108, 0.135, 0.081
2019, 5, , , 0.108, 0.135, 0.081
2019, 6, , , 0.109, 0.135, 0.082
2019, 7, , , 0.109, 0.136, 0.082
2019, 8, , , 0.109, 0.136, 0.082
2019, 9, , , 0.110, 0.137, 0.082
2019, 10, , , 0.110, 0.137, 0.083
2019, 11, , , 0.110, 0.138, 0.083
2019, 12, , , 0.111, 0.138, 0.083
2020, 1, , , 0.111, 0.139, 0.083
2020, 2, , , 0.111, 0.139, 0.084
2020, 3, , , 0.112, 0.140, 0.084
2020, 4, , , 0.112, 0.140, 0.084
2020, 5, , , 0.112, 0.141, 0.084
2020, 6, , , 0.113, 0.141, 0.085
2020, 7, , , 0.113, 0.142, 0.085
2020, 8, , , 0.114, 0.142, 0.085
2020, 9, , , 0.114, 0.143, 0.085
2020, 10, , , 0.114, 0.143, 0.085
2020, 11, , , 0.115, 0.144, 0.086
2020, 12, , , 0.115, 0.144, 0.086
