Year, Month, Monthly_MSL, Unverified, Linear_Trend, High_Conf., Low_Conf.
1900, 1, , , -0.361, -0.333, -0.390
1900, 2, , , -0.361, -0.333, -0.389
1900, 3, , , -0.361, -0.333, -0.389
1900, 4, , , -0.360, -0.332, -0.389
1900, 5, , , -0.360, -0.332, -0.388
1900, 6, , , -0.360, -0.332, -0.388
1900, 7, , , -0.359, -0.331, -0.388
1900, 8, , , -0.359, -0.331, -0.387
1900, 9, , , -0.359, -0.331, -0.387
1900, 10, , , -0.359, -0.331, -0.387
1900, 11, , , -0.358, -0.330, -0.386
1900, 12, , , -0.358, -0.330, -0.386
1901, 1, , , -0.358, -0.330, -0.385
1901, 2, , , -0.357, -0.329, -0.385
1901, 3, , , -0.357, -0.329, -0.385
1901, 4, , , -0.357, -0.329, -0.384
1901, 5, , , -0.356, -0.329, -0.384
1901, 6, , , -0.356, -0.328, -0.384
1901, 7, , , -0.356, -0.328, -0.383
1901, 8, , , -0.355, -0.328, -0.383
1901, 9, , , -0.355, -0.328, -0.383
1901, 10, , , -0.355, -0.327, -0.382
1901, 11, , , -0.354, -0.327, -0.382
1901, 12, , , -0.354, -0.327, -0.382
1902, 1, , , -0.354, -0.326, -0.381
1902, 2, , , -0.354, -0.326, -0.381
1902, 3, , , -0.353, -0.326, -0.381
1902, 4, , , -0.353, -0.326, -0.380
1902, 5, , , -0.353, -0.325, -0.380
1902, 6, , , -0.352, -0.325, -0.380
1902, 7, , , -0.352, -0.325, -0.379
1902, 8, , , -0.352, -0.324, -0.379
1902, 9, , , -0.351, -0.324, -0.378
1902, 10, , , -0.351, -0.324, -0.378
1902, 11, , , -0.351, -0.324, -0.378
1902, 12, , , -0.350, -0.323, -0.377
1903, 1, , , -0.350, -0.323, -0.377
1903, 2, , , -0.350, -0.323, -0.377
1903, 3, , , -0.349, -0.323, -0.376
1903, 4, , , -0.349, -0.322, -0.376
1903, 5, , , -0.349, -0.322, -0.376
1903, 6, , , -0.349, -0.322, -0.375
1903, 7, , , -0.348, -0.321, -0.375
1903, 8, , , -0.348, -0.321, -0.375
1903, 9, , , -0.348, -0.321, -0.374
1903, 10, , , -0.347, -0.321, -0.374
1903, 11, , , -0.347, -0.320, -0.374
1903, 12, , , -0.347, -0.320, -0.373
1904, 1, , , -0.346, -0.320, -0.373
1904, 2, , , -0.346, -0.319, -0.373
1904, 3, , , -0.346, -0.319, -0.372
1904, 4, , , -0.345, -0.319, -0.372
1904, 5, , , -0.345, -0.319, -0.372
1904, 6, , , -0.345, -0.318, -0.371
1904, 7, , , -0.344, -0.318, -0.371
1904, 8, , , -0.344, -0.318, -0.370
1904, 9, , , -0.344, -0.318, -0.370
1904, 10, , , -0.344, -0.317, -0.370
1904, 11, , , -0.343, -0.317, -0.369
1904, 12, , , -0.343, -0.317, -0.369
1905, 1, , , -0.343, -0.316, -0.369
1905, 2, , , -0.342, -0.316, -0.368
1905, 3, , , -0.342, -0.316, -0.368
1905, 4, , , -0.342, -0.316, -0.368
1905, 5, , , -0.341, -0.315, -0.367
1905, 6, , , -0.341, -0.315, -0.367
1905, 7, , , -0.341, -0.315, -0.367
1905, 8, , , -0.340, -0.314, -0.366
1905, 9, , , -0.340, -0.314, -0.366
1905, 10, , , -0.340, -0.314, -0.366
1905, 11, , , -0.339, -0.314, -0.365
1905, 12, , , -0.339, -0.313, -0.365
1906, 1, , , -0.339, -0.313, -0.365
1906, 2, , , -0.338, -0.313, -0.364
1906, 3, , , -0.338, -0.313, -0.364
1906, 4, , , -0.338, -0.312, -0.363
1906, 5, , , -0.338, -0.312, -0.363
1906, 6, , , -0.337, -0.312, -0.363
1906, 7, , , -0.337, -0.311, -0.362
1906, 8, , , -0.337, -0.311, -0.362
1906, 9, , , -0.336, -0.311, -0.362
1906, 10, , , -0.336, -0.311, -0.361
1906, 11, , , -0.336, -0.310, -0.361
1906, 12, , , -0.335, -0.310, -0.361
1907, 1, , , -0.335, -0.310, -0.360
1907, 2, , , -0.335, -0.310, -0.360
1907, 3, , , -0.334, -0.309, -0.360
1907, 4, , , -0.334, -0.309, -0.359
1907, 5, , , -0.334, -0.309, -0.359
1907, 6, , , -0.333, -0.308, -0.359
1907, 7, , , -0.333, -0.308, -0.358
1907, 8, , , -0.333, -0.308, -0.358
1907, 9, , , -0.333, -0.308, -0.358
1907, 10, , , -0.332, -0.307, -0.357
1907, 11, , , -0.332, -0.307, -0.357
1907, 12, , , -0.332, -0.307, -0.356
1908, 1, , , -0.331, -0.306, -0.356
1908, 2, , , -0.331, -0.306, -0.356
1908, 3, , , -0.331, -0.306, -0.355
1908, 4, , , -0.330, -0.306, -0.355
1908, 5, , , -0.330, -0.305, -0.355
1908, 6, , , -0.330, -0.305, -0.354
1908, 7, , , -0.329, -0.305, -0.354
1908, 8, , , -0.329, -0.305, -0.354
1908, 9, , , -0.329, -0.304, -0.353
1908, 10, , , -0.328, -0.304, -0.353
1908, 11, , , -0.328, -0.304, -0.353
1908, 12, , , -0.328, -0.303, -0.352
1909, 1, , , -0.328, -0.303, -0.352
1909, 2, , , -0.327, -0.303, -0.352
1909, 3, , , -0.327, -0.303, -0.351
1909, 4, , , -0.327, -0.302, -0.351
1909, 5, , , -0.326, -0.302, -0.351
1909, 6, , , -0.326, -0.302, -0.350
1909, 7, , , -0.326, -0.301, -0.350
1909, 8, , , -0.325, -0.301, -0.349
1909, 9, , , -0.325, -0.301, -0.349
1909, 10, , , -0.325, -0.301, -0.349
1909, 11, , , -0.324, -0.300, -0.348
1909, 12, , , -0.324, -0.300, -0.348
1910, 1, , , -0.324, -0.300, -0.348
1910, 2, , , -0.323, -0.300, -0.347
1910, 3, , , -0.323, -0.299, -0.347
1910, 4, , , -0.323, -0.299, -0.347
1910, 5, , , -0.323, -0.299, -0.346
1910, 6, , , -0.322, -0.298, -0.346
1910, 7, , , -0.322, -0.298, -0.346
1910, 8, , , -0.322, -0.298, -0.345
1910, 9, , , -0.321, -0.298, -0.345
1910, 10, , , -0.321, -0.297, -0.345
1910, 11, , , -0.321, -0.297, -0.344
1910, 12, , , -0.320, -0.297, -0.344
1911, 1, , , -0.320, -0.296, -0.344
1911, 2, , , -0.320, -0.296, -0.343
1911, 3, , , -0.319, -0.296, -0.343
1911, 4, , , -0.319, -0.296, -0.342
1911, 5, , , -0.319, -0.295, -0.342
1911, 6, , , -0.318, -0.295, -0.342
1911, 7, , , -0.318, -0.295, -0.341
1911, 8, , , -0.318, -0.295, -0.341
1911, 9, , , -0.317, -0.294, -0.341
1911, 10, , , -0.317, -0.294, -0.340
1911, 11, , , -0.317, -0.294, -0.340
1911, 12, , , -0.317, -0.293, -0.340
1912, 1, , , -0.316, -0.293, -0.339
1912, 2, , , -0.316, -0.293, -0.339
1912, 3, , , -0.316, -0.293, -0.339
1912, 4, , , -0.315, -0.292, -0.338
1912, 5, , , -0.315, -0.292, -0.338
1912, 6, , , -0.315, -0.292, -0.338
1912, 7, , , -0.314, -0.291, -0.337
1912, 8, , , -0.314, -0.291, -0.337
1912, 9, , , -0.314, -0.291, -0.337
1912, 10, , , -0.313, -0.291, -0.336
1912, 11, , , -0.313, -0.290, -0.336
1912, 12, , , -0.313, -0.290, -0.336
1913, 1, , , -0.312, -0.290, -0.335
1913, 2, , , -0.312, -0.290, -0.335
1913, 3, , , -0.312, -0.289, -0.334
1913, 4, , , -0.312, -0.289, -0.334
1913, 5, , , -0.311, -0.289, -0.334
1913, 6, , , -0.311, -0.288, -0.333
1913, 7, , , -0.311, -0.288, -0.333
1913, 8, , , -0.310, -0.288, -0.333
1913, 9, , , -0.310, -0.288, -0.332
1913, 10, , , -0.310, -0.287, -0.332
1913, 11, , , -0.309, -0.287, -0.332
1913, 12, , , -0.309, -0.287, -0.331
1914, 1, , , -0.309, -0.286, -0.331
1914, 2, , , -0.308, -0.286, -0.331
1914, 3, , , -0.308, -0.286, -0.330
1914, 4, , , -0.308, -0.286, -0.330
1914, 5, , , -0.307, -0.285, -0.330
1914, 6, , , -0.307, -0.285, -0.329
1914, 7, , , -0.307, -0.285, -0.329
1914, 8, , , -0.307, -0.285, -0.329
1914, 9, , , -0.306, -0.284, -0.328
1914, 10, , , -0.306, -0.284, -0.328
1914, 11, , , -0.306, -0.284, -0.327
1914, 12, , , -0.305, -0.283, -0.327
1915, 1, , , -0.305, -0.283, -0.327
1915, 2, , , -0.305, -0.283, -0.326
1915, 3, , , -0.304, -0.283, -0.326
1915, 4, , , -0.304, -0.282, -0.326
1915, 5, , , -0.304, -0.282, -0.325
1915, 6, , , -0.303, -0.282, -0.325
1915, 7, , , -0.303, -0.281, -0.325
1915, 8, , , -0.303, -0.281, -0.324
1915, 9, , , -0.302, -0.281, -0.324
1915, 10, , , -0.302, -0.281, -0.324
1915, 11, , , -0.302, -0.280, -0.323
1915, 12, , , -0.302, -0.280, -0.323
1916, 1, , , -0.301, -0.280, -0.323
1916, 2, , , -0.301, -0.280, -0.322
1916, 3, , , -0.301, -0.279, -0.322
1916, 4, , , -0.300, -0.279, -0.322
1916, 5, , , -0.300, -0.279, -0.321
1916, 6, , , -0.300, -0.278, -0.321
1916, 7, , , -0.299, -0.278, -0.321
1916, 8, , , -0.299, -0.278, -0.320
1916, 9, , , -0.299, -0.278, -0.320
1916, 10, , , -0.298, -0.277, -0.319
1916, 11, , , -0.298, -0.277, -0.319
1916, 12, , , -0.298, -0.277, -0.319
1917, 1, , , -0.297, -0.276, -0.318
1917, 2, , , -0.297, -0.276, -0.318
1917, 3, , , -0.297, -0.276, -0.318
1917, 4, , , -0.296, -0.276, -0.317
1917, 5, , , -0.296, -0.275, -0.317
1917, 6, , , -0.296, -0.275, -0.317
1917, 7, , , -0.296, -0.275, -0.316
1917, 8, , , -0.295, -0.275, -0.316
1917, 9, , , -0.295, -0.274, -0.316
1917, 10, , , -0.295, -0.274, -0.315
1917, 11, , , -0.294, -0.274, -0.315
1917, 12, , , -0.294, -0.273, -0.315
1918, 1, , , -0.294, -0.273, -0.314
1918, 2, , , -0.293, -0.273, -0.314
1918, 3, , , -0.293, -0.273, -0.314
1918, 4, , , -0.293, -0.272, -0.313
1918, 5, , , -0.292, -0.272, -0.313
1918, 6, , , -0.292, -0.272, -0.312
1918, 7, , , -0.292, -0.271, -0.312
1918, 8, , , -0.291, -0.271, -0.312
1918, 9, , , -0.291, -0.271, -0.311
1918, 10, , , -0.291, -0.271, -0.311
1918, 11, , , -0.291, -0.270, -0.311
1918, 12, , , -0.290, -0.270, -0.310
1919, 1, , , -0.290, -0.270, -0.310
1919, 2, , , -0.290, -0.270, -0.310
1919, 3, , , -0.289, -0.269, -0.309
1919, 4, , , -0.289, -0.269, -0.309
1919, 5, , , -0.289, -0.269, -0.309
1919, 6, , , -0.288, -0.268, -0.308
1919, 7, , , -0.288, -0.268, -0.308
1919, 8, , , -0.288, -0.268, -0.308
1919, 9, , , -0.287, -0.268, -0.307
1919, 10, , , -0.287, -0.267, -0.307
1919, 11, , , -0.287, -0.267, -0.307
1919, 12, , , -0.286, -0.267, -0.306
1920, 1, , , -0.286, -0.266, -0.306
1920, 2, , , -0.286, -0.266, -0.306
1920, 3, , , -0.286, -0.266, -0.305
1920, 4, , , -0.285, -0.266, -0.305
1920, 5, , , -0.285, -0.265, -0.304
1920, 6, , , -0.285, -0.265, -0.304
1920, 7, , , -0.284, -0.265, -0.304
1920, 8, , , -0.284, -0.264, -0.303
1920, 9, , , -0.284, -0.264, -0.303
1920, 10, , , -0.283, -0.264, -0.303
1920, 11, , , -0.283, -0.264, -0.302
1920, 12, , , -0.283, -0.263, -0.302
1921, 1, , , -0.282, -0.263, -0.302
1921, 2, , , -0.282, -0.263, -0.301
1921, 3, , , -0.282, -0.263, -0.301
1921, 4, , , -0.281, -0.262, -0.301
1921, 5, , , -0.281, -0.262, -0.300
1921, 6, , , -0.281, -0.262, -0.300
1921, 7, , , -0.281, -0.261, -0.300
1921, 8, , , -0.280, -0.261, -0.299
1921, 9, , , -0.280, -0.261, -0.299
1921, 10, , , -0.280, -0.261, -0.299
1921, 11, , , -0.279, -0.260, -0.298
1921, 12, , , -0.279, -0.260, -0.298
1922, 1, , , -0.279, -0.260, -0.297
1922, 2, , , -0.278, -0.259, -0.297
1922, 3, , , -0.278, -0.259, -0.297
1922, 4, , , -0.278, -0.259, -0.296
1922, 5, , , -0.277, -0.259, -0.296
1922, 6, , , -0.277, -0.258, -0.296
1922, 7, , , -0.277, -0.258, -0.295
1922, 8, , , -0.276, -0.258, -0.295
1922, 9, , , -0.276, -0.258, -0.295
1922, 10, , , -0.276, -0.257, -0.294
1922, 11, , , -0.275, -0.257, -0.294
1922, 12, , , -0.275, -0.257, -0.294
1923, 1, , , -0.275, -0.256, -0.293
1923, 2, , , -0.275, -0.256, -0.293
1923, 3, , , -0.274, -0.256, -0.293
1923, 4, , , -0.274, -0.256, -0.292
1923, 5, , , -0.274, -0.255, -0.292
1923, 6, , , -0.273, -0.255, -0.292
1923, 7, , , -0.273, -0.255, -0.291
1923, 8, , , -0.273, -0.254, -0.291
1923, 9, , , -0.272, -0.254, -0.291
1923, 10, , , -0.272, -0.254, -0.290
1923, 11, , , -0.272, -0.254, -0.290
1923, 12, , , -0.271, -0.253, -0.289
1924, 1, , , -0.271, -0.253, -0.289
1924, 2, , , -0.271, -0.253, -0.289
1924, 3, , , -0.270, -0.253, -0.288
1924, 4, , , -0.270, -0.252, -0.288
1924, 5, , , -0.270, -0.252, -0.288
1924, 6, , , -0.270, -0.252, -0.287
1924, 7, , , -0.269, -0.251, -0.287
1924, 8, , , -0.269, -0.251, -0.287
1924, 9, , , -0.269, -0.251, -0.286
1924, 10, , , -0.268, -0.251, -0.286
1924, 11, , , -0.268, -0.250, -0.286
1924, 12, , , -0.268, -0.250, -0.285
1925, 1, , , -0.267, -0.250, -0.285
1925, 2, , , -0.267, -0.249, -0.285
1925, 3, , , -0.267, -0.249, -0.284
1925, 4, , , -0.266, -0.249, -0.284
1925, 5, , , -0.266, -0.249, -0.284
1925, 6, , , -0.266, -0.248, -0.283
1925, 7, , , -0.265, -0.248, -0.283
1925, 8, , , -0.265, -0.248, -0.283
1925, 9, , , -0.265, -0.248, -0.282
1925, 10, , , -0.265, -0.247, -0.282
1925, 11, , , -0.264, -0.247, -0.281
1925, 12, , , -0.264, -0.247, -0.281
1926, 1, , , -0.264, -0.246, -0.281
1926, 2, , , -0.263, -0.246, -0.280
1926, 3, , , -0.263, -0.246, -0.280
1926, 4, , , -0.263, -0.246, -0.280
1926, 5, , , -0.262, -0.245, -0.279
1926, 6, , , -0.262, -0.245, -0.279
1926, 7, , , -0.262, -0.245, -0.279
1926, 8, , , -0.261, -0.244, -0.278
1926, 9, , , -0.261, -0.244, -0.278
1926, 10, , , -0.261, -0.244, -0.278
1926, 11, , , -0.260, -0.244, -0.277
1926, 12, , , -0.260, -0.243, -0.277
1927, 1, , , -0.260, -0.243, -0.277
1927, 2, , , -0.260, -0.243, -0.276
1927, 3, , , -0.259, -0.242, -0.276
1927, 4, , , -0.259, -0.242, -0.276
1927, 5, , , -0.259, -0.242, -0.275
1927, 6, , , -0.258, -0.242, -0.275
1927, 7, , , -0.258, -0.241, -0.275
1927, 8, , , -0.258, -0.241, -0.274
1927, 9, , , -0.257, -0.241, -0.274
1927, 10, , , -0.257, -0.241, -0.273
1927, 11, , , -0.257, -0.240, -0.273
1927, 12, , , -0.256, -0.240, -0.273
1928, 1, , , -0.256, -0.240, -0.272
1928, 2, , , -0.256, -0.239, -0.272
1928, 3, , , -0.255, -0.239, -0.272
1928, 4, , , -0.255, -0.239, -0.271
1928, 5, , , -0.255, -0.239, -0.271
1928, 6, , , -0.254, -0.238, -0.271
1928, 7, , , -0.254, -0.238, -0.270
1928, 8, , , -0.254, -0.238, -0.270
1928, 9, , , -0.254, -0.237, -0.270
1928, 10, , , -0.253, -0.237, -0.269
1928, 11, , , -0.253, -0.237, -0.269
1928, 12, , , -0.253, -0.237, -0.269
1929, 1, , , -0.252, -0.236, -0.268
1929, 2, , , -0.252, -0.236, -0.268
1929, 3, , , -0.252, -0.236, -0.268
1929, 4, , , -0.251, -0.235, -0.267
1929, 5, , , -0.251, -0.235, -0.267
1929, 6, , , -0.251, -0.235, -0.267
1929, 7, , , -0.250, -0.235, -0.266
1929, 8, , , -0.250, -0.234, -0.266
1929, 9, , , -0.250, -0.234, -0.265
1929, 10, , , -0.249, -0.234, -0.265
1929, 11, , , -0.249, -0.234, -0.265
1929, 12, , , -0.249, -0.233, -0.264
1930, 1, , , -0.249, -0.233, -0.264
1930, 2, , , -0.248, -0.233, -0.264
1930, 3, , , -0.248, -0.232, -0.263
1930, 4, , , -0.248, -0.232, -0.263
1930, 5, , , -0.247, -0.232, -0.263
1930, 6, , , -0.247, -0.232, -0.262
1930, 7, , , -0.247, -0.231, -0.262
1930, 8, , , -0.246, -0.231, -0.262
1930, 9, , , -0.246, -0.231, -0.261
1930, 10, , , -0.246, -0.230, -0.261
1930, 11, , , -0.245, -0.230, -0.261
1930, 12, , , -0.245, -0.230, -0.260
1931, 1, , , -0.245, -0.230, -0.260
1931, 2, , , -0.244, -0.229, -0.260
1931, 3, , , -0.244, -0.229, -0.259
1931, 4, , , -0.244, -0.229, -0.259
1931, 5, , , -0.244, -0.228, -0.259
1931, 6, , , -0.243, -0.228, -0.258
1931, 7, , , -0.243, -0.228, -0.258
1931, 8, , , -0.243, -0.228, -0.258
1931, 9, , , -0.242, -0.227, -0.257
1931, 10, , , -0.242, -0.227, -0.257
1931, 11, , , -0.242, -0.227, -0.256
1931, 12, , , -0.241, -0.227, -0.256
1932, 1, , , -0.241, -0.226, -0.256
1932, 2, , , -0.241, -0.226, -0.255
1932, 3, , , -0.240, -0.226, -0.255
1932, 4, , , -0.240, -0.225, -0.255
1932, 5, , , -0.240, -0.225, -0.254
1932, 6, , , -0.239, -0.225, -0.254
1932, 7, , , -0.239, -0.225, -0.254
1932, 8, , , -0.239, -0.224, -0.253
1932, 9, , , -0.239, -0.224, -0.253
1932, 10, , , -0.238, -0.224, -0.253
1932, 11, , , -0.238, -0.223, -0.252
1932, 12, , , -0.238, -0.223, -0.252
1933, 1, , , -0.237, -0.223, -0.252
1933, 2, , , -0.237, -0.223, -0.251
1933, 3, , , -0.237, -0.222, -0.251
1933, 4, , , -0.236, -0.222, -0.251
1933, 5, , , -0.236, -0.222, -0.250
1933, 6, , , -0.236, -0.221, -0.250
1933, 7, , , -0.235, -0.221, -0.250
1933, 8, , , -0.235, -0.221, -0.249
1933, 9, , , -0.235, -0.221, -0.249
1933, 10, , , -0.234, -0.220, -0.248
1933, 11, , , -0.234, -0.220, -0.248
1933, 12, , , -0.234, -0.220, -0.248
1934, 1, , , -0.233, -0.220, -0.247
1934, 2, , , -0.233, -0.219, -0.247
1934, 3, , , -0.233, -0.219, -0.247
1934, 4, , , -0.233, -0.219, -0.246
1934, 5, , , -0.232, -0.218, -0.246
1934, 6, , , -0.232, -0.218, -0.246
1934, 7, , , -0.232, -0.218, -0.245
1934, 8, , , -0.231, -0.218, -0.245
1934, 9, , , -0.231, -0.217, -0.245
1934, 10, , , -0.231, -0.217, -0.244
1934, 11, , , -0.230, -0.217, -0.244
1934, 12, , , -0.230, -0.216, -0.244
1935, 1, , , -0.230, -0.216, -0.243
1935, 2, , , -0.229, -0.216, -0.243
1935, 3, , , -0.229, -0.216, -0.243
1935, 4, , , -0.229, -0.215, -0.242
1935, 5, -0.263, , -0.228, -0.215, -0.242
1935, 6, -0.237, , -0.228, -0.215, -0.242
1935, 7, -0.260, , -0.228, -0.214, -0.241
1935, 8, -0.205, , -0.228, -0.214, -0.241
1935, 9, -0.226, , -0.227, -0.214, -0.241
1935, 10, -0.289, , -0.227, -0.214, -0.240
1935, 11, -0.046, , -0.227, -0.213, -0.240
1935, 12, -0.194, , -0.226, -0.213, -0.239
1936, 1, -0.254, , -0.226, -0.213, -0.239
1936, 2, -0.180, , -0.226, -0.213, -0.239
1936, 3, -0.203, , -0.225, -0.212, -0.238
1936, 4, -0.269, , -0.225, -0.212, -0.238
1936, 5, -0.291, , -0.225, -0.212, -0.238
1936, 6, -0.234, , -0.224, -0.211, -0.237
1936, 7, -0.181, , -0.224, -0.211, -0.237
1936, 8, -0.281, , -0.224, -0.211, -0.237
1936, 9, -0.232, , -0.223, -0.211, -0.236
1936, 10, -0.246, , -0.223, -0.210, -0.236
1936, 11, -0.339, , -0.223, -0.210, -0.236
1936, 12, -0.191, , -0.223, -0.210, -0.235
1937, 1, -0.102, , -0.222, -0.209, -0.235
1937, 2, -0.076, , -0.222, -0.209, -0.235
1937, 3, -0.270, , -0.222, -0.209, -0.234
1937, 4, -0.150, , -0.221, -0.209, -0.234
1937, 5, -0.224, , -0.221, -0.208, -0.234
1937, 6, -0.237, , -0.221, -0.208, -0.233
1937, 7, -0.151, , -0.220, -0.208, -0.233
1937, 8, -0.309, , -0.220, -0.207, -0.233
1937, 9, -0.196, , -0.220, -0.207, -0.232
1937, 10, -0.243, , -0.219, -0.207, -0.232
1937, 11, -0.238, , -0.219, -0.207, -0.232
1937, 12, -0.185, , -0.219, -0.206, -0.231
1938, 1, -0.170, , -0.218, -0.206, -0.231
1938, 2, -0.168, , -0.218, -0.206, -0.231
1938, 3, -0.224, , -0.218, -0.205, -0.230
1938, 4, -0.211, , -0.218, -0.205, -0.230
1938, 5, -0.184, , -0.217, -0.205, -0.229
1938, 6, -0.225, , -0.217, -0.205, -0.229
1938, 7, -0.285, , -0.217, -0.204, -0.229
1938, 8, -0.266, , -0.216, -0.204, -0.228
1938, 9, -0.266, , -0.216, -0.204, -0.228
1938, 10, -0.140, , -0.216, -0.203, -0.228
1938, 11, -0.226, , -0.215, -0.203, -0.227
1938, 12, -0.206, , -0.215, -0.203, -0.227
1939, 1, -0.248, , -0.215, -0.203, -0.227
1939, 2, -0.238, , -0.214, -0.202, -0.226
1939, 3, -0.188, , -0.214, -0.202, -0.226
1939, 4, -0.229, , -0.214, -0.202, -0.226
1939, 5, -0.181, , -0.213, -0.202, -0.225
1939, 6, -0.203, , -0.213, -0.201, -0.225
1939, 7, -0.181, , -0.213, -0.201, -0.225
1939, 8, -0.165, , -0.212, -0.201, -0.224
1939, 9, -0.190, , -0.212, -0.200, -0.224
1939, 10, -0.240, , -0.212, -0.200, -0.224
1939, 11, -0.178, , -0.212, -0.200, -0.223
1939, 12, -0.264, , -0.211, -0.200, -0.223
1940, 1, -0.222, , -0.211, -0.199, -0.223
1940, 2, -0.131, , -0.211, -0.199, -0.222
1940, 3, -0.209, , -0.210, -0.199, -0.222
1940, 4, -0.220, , -0.210, -0.198, -0.222
1940, 5, -0.138, , -0.210, -0.198, -0.221
1940, 6, -0.188, , -0.209, -0.198, -0.221
1940, 7, -0.196, , -0.209, -0.198, -0.221
1940, 8, -0.095, , -0.209, -0.197, -0.220
1940, 9, -0.168, , -0.208, -0.197, -0.220
1940, 10, -0.185, , -0.208, -0.197, -0.220
1940, 11, -0.263, , -0.208, -0.196, -0.219
1940, 12, -0.176, , -0.207, -0.196, -0.219
1941, 1, -0.090, , -0.207, -0.196, -0.218
1941, 2, -0.223, , -0.207, -0.196, -0.218
1941, 3, -0.282, , -0.207, -0.195, -0.218
1941, 4, -0.162, , -0.206, -0.195, -0.217
1941, 5, -0.236, , -0.206, -0.195, -0.217
1941, 6, -0.215, , -0.206, -0.194, -0.217
1941, 7, -0.209, , -0.205, -0.194, -0.216
1941, 8, -0.245, , -0.205, -0.194, -0.216
1941, 9, -0.257, , -0.205, -0.194, -0.216
1941, 10, -0.335, , -0.204, -0.193, -0.215
1941, 11, -0.330, , -0.204, -0.193, -0.215
1941, 12, -0.212, , -0.204, -0.193, -0.215
1942, 1, -0.230, , -0.203, -0.192, -0.214
1942, 2, -0.238, , -0.203, -0.192, -0.214
1942, 3, -0.227, , -0.203, -0.192, -0.214
1942, 4, -0.196, , -0.202, -0.192, -0.213
1942, 5, -0.236, , -0.202, -0.191, -0.213
1942, 6, -0.145, , -0.202, -0.191, -0.213
1942, 7, -0.178, , -0.202, -0.191, -0.212
1942, 8, -0.181, , -0.201, -0.190, -0.212
1942, 9, -0.153, , -0.201, -0.190, -0.212
1942, 10, -0.140, , -0.201, -0.190, -0.211
1942, 11, -0.211, , -0.200, -0.190, -0.211
1942, 12, -0.231, , -0.200, -0.189, -0.211
1943, 1, -0.190, , -0.200, -0.189, -0.210
1943, 2, -0.293, , -0.199, -0.189, -0.210
1943, 3, -0.239, , -0.199, -0.188, -0.210
1943, 4, -0.241, , -0.199, -0.188, -0.209
1943, 5, -0.263, , -0.198, -0.188, -0.209
1943, 6, -0.246, , -0.198, -0.188, -0.209
1943, 7, -0.206, , -0.198, -0.187, -0.208
1943, 8, -0.208, , -0.197, -0.187, -0.208
1943, 9, -0.187, , -0.197, -0.187, -0.208
1943, 10, -0.192, , -0.197, -0.186, -0.207
1943, 11, -0.263, , -0.197, -0.186, -0.207
1943, 12, -0.289, , -0.196, -0.186, -0.206
1944, 1, -0.196, , -0.196, -0.186, -0.206
1944, 2, -0.229, , -0.196, -0.185, -0.206
1944, 3, -0.160, , -0.195, -0.185, -0.205
1944, 4, -0.193, , -0.195, -0.185, -0.205
1944, 5, -0.248, , -0.195, -0.184, -0.205
1944, 6, -0.157, , -0.194, -0.184, -0.204
1944, 7, -0.209, , -0.194, -0.184, -0.204
1944, 8, -0.251, , -0.194, -0.184, -0.204
1944, 9, -0.214, , -0.193, -0.183, -0.203
1944, 10, -0.173, , -0.193, -0.183, -0.203
1944, 11, -0.080, , -0.193, -0.183, -0.203
1944, 12, -0.292, , -0.192, -0.182, -0.202
1945, 1, -0.206, , -0.192, -0.182, -0.202
1945, 2, -0.250, , -0.192, -0.182, -0.202
1945, 3, -0.236, , -0.191, -0.182, -0.201
1945, 4, -0.199, , -0.191, -0.181, -0.201
1945, 5, -0.193, , -0.191, -0.181, -0.201
1945, 6, -0.170, , -0.191, -0.181, -0.200
1945, 7, -0.148, , -0.190, -0.180, -0.200
1945, 8, -0.147, , -0.190, -0.180, -0.200
1945, 9, -0.150, , -0.190, -0.180, -0.199
1945, 10, -0.213, , -0.189, -0.180, -0.199
1945, 11, -0.126, , -0.189, -0.179, -0.199
1945, 12, 0.007, , -0.189, -0.179, -0.198
1946, 1, -0.142, , -0.188, -0.179, -0.198
1946, 2, -0.232, , -0.188, -0.178, -0.198
1946, 3, -0.111, , -0.188, -0.178, -0.197
1946, 4, -0.132, , -0.187, -0.178, -0.197
1946, 5, -0.169, , -0.187, -0.178, -0.197
1946, 6, -0.188, , -0.187, -0.177, -0.196
1946, 7, -0.099, , -0.186, -0.177, -0.196
1946, 8, -0.110, , -0.186, -0.177, -0.196
1946, 9, -0.132, , -0.186, -0.176, -0.195
1946, 10, -0.146, , -0.186, -0.176, -0.195
1946, 11, -0.132, , -0.185, -0.176, -0.195
1946, 12, -0.206, , -0.185, -0.176, -0.194
1947, 1, -0.202, , -0.185, -0.175, -0.194
1947, 2, -0.290, , -0.184, -0.175, -0.194
1947, 3, -0.273, , -0.184, -0.175, -0.193
1947, 4, -0.208, , -0.184, -0.174, -0.193
1947, 5, -0.227, , -0.183, -0.174, -0.193
1947, 6, -0.161, , -0.183, -0.174, -0.192
1947, 7, -0.209, , -0.183, -0.174, -0.192
1947, 8, -0.150, , -0.182, -0.173, -0.192
1947, 9, -0.132, , -0.182, -0.173, -0.191
1947, 10, -0.189, , -0.182, -0.173, -0.191
1947, 11, -0.004, , -0.181, -0.172, -0.190
1947, 12, -0.203, , -0.181, -0.172, -0.190
1948, 1, -0.158, , -0.181, -0.172, -0.190
1948, 2, -0.095, , -0.181, -0.172, -0.189
1948, 3, -0.160, , -0.180, -0.171, -0.189
1948, 4, -0.171, , -0.180, -0.171, -0.189
1948, 5, -0.157, , -0.180, -0.171, -0.188
1948, 6, -0.118, , -0.179, -0.170, -0.188
1948, 7, -0.163, , -0.179, -0.170, -0.188
1948, 8, -0.199, , -0.179, -0.170, -0.187
1948, 9, -0.144, , -0.178, -0.170, -0.187
1948, 10, -0.079, , -0.178, -0.169, -0.187
1948, 11, -0.132, , -0.178, -0.169, -0.186
1948, 12, -0.033, , -0.177, -0.169, -0.186
1949, 1, -0.136, , -0.177, -0.168, -0.186
1949, 2, -0.137, , -0.177, -0.168, -0.185
1949, 3, -0.227, , -0.176, -0.168, -0.185
1949, 4, -0.193, , -0.176, -0.168, -0.185
1949, 5, -0.138, , -0.176, -0.167, -0.184
1949, 6, -0.161, , -0.176, -0.167, -0.184
1949, 7, -0.184, , -0.175, -0.167, -0.184
1949, 8, -0.147, , -0.175, -0.166, -0.183
1949, 9, -0.190, , -0.175, -0.166, -0.183
1949, 10, -0.134, , -0.174, -0.166, -0.183
1949, 11, -0.214, , -0.174, -0.165, -0.182
1949, 12, -0.252, , -0.174, -0.165, -0.182
1950, 1, -0.286, , -0.173, -0.165, -0.182
1950, 2, -0.162, , -0.173, -0.165, -0.181
1950, 3, -0.340, , -0.173, -0.164, -0.181
1950, 4, -0.220, , -0.172, -0.164, -0.181
1950, 5, -0.211, , -0.172, -0.164, -0.180
1950, 6, -0.270, , -0.172, -0.163, -0.180
1950, 7, -0.254, , -0.171, -0.163, -0.180
1950, 8, -0.190, , -0.171, -0.163, -0.179
1950, 9, -0.132, , -0.171, -0.163, -0.179
1950, 10, -0.173, , -0.170, -0.162, -0.179
1950, 11, -0.229, , -0.170, -0.162, -0.178
1950, 12, -0.118, , -0.170, -0.162, -0.178
1951, 1, -0.248, , -0.170, -0.161, -0.178
1951, 2, -0.162, , -0.169, -0.161, -0.177
1951, 3, -0.087, , -0.169, -0.161, -0.177
1951, 4, -0.183, , -0.169, -0.161, -0.177
1951, 5, -0.102, , -0.168, -0.160, -0.176
1951, 6, -0.069, , -0.168, -0.160, -0.176
1951, 7, -0.175, , -0.168, -0.160, -0.176
1951, 8, -0.129, , -0.167, -0.159, -0.175
1951, 9, -0.205, , -0.167, -0.159, -0.175
1951, 10, -0.057, , -0.167, -0.159, -0.175
1951, 11, -0.202, , -0.166, -0.158, -0.174
1951, 12, -0.231, , -0.166, -0.158, -0.174
1952, 1, -0.148, , -0.166, -0.158, -0.174
1952, 2, -0.116, , -0.165, -0.158, -0.173
1952, 3, -0.105, , -0.165, -0.157, -0.173
1952, 4, -0.165, , -0.165, -0.157, -0.173
1952, 5, -0.132, , -0.165, -0.157, -0.172
1952, 6, -0.170, , -0.164, -0.156, -0.172
1952, 7, -0.206, , -0.164, -0.156, -0.172
1952, 8, -0.226, , -0.164, -0.156, -0.171
1952, 9, -0.177, , -0.163, -0.156, -0.171
1952, 10, -0.262, , -0.163, -0.155, -0.171
1952, 11, -0.174, , -0.163, -0.155, -0.170
1952, 12, -0.039, , -0.162, -0.155, -0.170
1953, 1, -0.078, , -0.162, -0.154, -0.170
1953, 2, -0.216, , -0.162, -0.154, -0.169
1953, 3, -0.136, , -0.161, -0.154, -0.169
1953, 4, -0.193, , -0.161, -0.153, -0.169
1953, 5, -0.132, , -0.161, -0.153, -0.168
1953, 6, -0.185, , -0.160, -0.153, -0.168
1953, 7, -0.129, , -0.160, -0.153, -0.168
1953, 8, -0.104, , -0.160, -0.152, -0.167
1953, 9, -0.205, , -0.160, -0.152, -0.167
1953, 10, -0.128, , -0.159, -0.152, -0.167
1953, 11, -0.141, , -0.159, -0.151, -0.166
1953, 12, -0.277, , -0.159, -0.151, -0.166
1954, 1, -0.148, , -0.158, -0.151, -0.166
1954, 2, -0.189, , -0.158, -0.150, -0.165
1954, 3, -0.242, , -0.158, -0.150, -0.165
1954, 4, -0.211, , -0.157, -0.150, -0.165
1954, 5, -0.093, , -0.157, -0.150, -0.164
1954, 6, -0.121, , -0.157, -0.149, -0.164
1954, 7, -0.145, , -0.156, -0.149, -0.164
1954, 8, -0.205, , -0.156, -0.149, -0.163
1954, 9, -0.241, , -0.156, -0.148, -0.163
1954, 10, -0.231, , -0.155, -0.148, -0.163
1954, 11, -0.232, , -0.155, -0.148, -0.162
1954, 12, -0.267, , -0.155, -0.148, -0.162
1955, 1, -0.112, , -0.155, -0.147, -0.162
1955, 2, -0.232, , -0.154, -0.147, -0.161
1955, 3, -0.267, , -0.154, -0.147, -0.161
1955, 4, -0.095, , -0.154, -0.146, -0.161
1955, 5, -0.169, , -0.153, -0.146, -0.160
1955, 6, -0.127, , -0.153, -0.146, -0.160
1955, 7, -0.157, , -0.153, -0.145, -0.160
1955, 8, -0.062, , -0.152, -0.145, -0.160
1955, 9, -0.104, , -0.152, -0.145, -0.159
1955, 10, -0.164, , -0.152, -0.145, -0.159
1955, 11, -0.181, , -0.151, -0.144, -0.159
1955, 12, -0.197, , -0.151, -0.144, -0.158
1956, 1, 0.008, , -0.151, -0.144, -0.158
1956, 2, -0.210, , -0.150, -0.143, -0.158
1956, 3, -0.175, , -0.150, -0.143, -0.157
1956, 4, -0.132, , -0.150, -0.143, -0.157
1956, 5, -0.187, , -0.149, -0.142, -0.157
1956, 6, -0.148, , -0.149, -0.142, -0.156
1956, 7, -0.163, , -0.149, -0.142, -0.156
1956, 8, -0.110, , -0.149, -0.142, -0.156
1956, 9, -0.080, , -0.148, -0.141, -0.155
1956, 10, 0.007, , -0.148, -0.141, -0.155
1956, 11, -0.141, , -0.148, -0.141, -0.155
1956, 12, -0.182, , -0.147, -0.140, -0.154
1957, 1, -0.206, , -0.147, -0.140, -0.154
1957, 2, -0.082, , -0.147, -0.140, -0.154
1957, 3, -0.029, , -0.146, -0.139, -0.153
1957, 4, -0.229, , -0.146, -0.139, -0.153
1957, 5, -0.144, , -0.146, -0.139, -0.153
1957, 6, -0.136, , -0.145, -0.138, -0.152
1957, 7, -0.172, , -0.145, -0.138, -0.152
1957, 8, -0.120, , -0.145, -0.138, -0.152
1957, 9, -0.196, , -0.144, -0.138, -0.151
1957, 10, -0.121, , -0.144, -0.137, -0.151
1957, 11, -0.184, , -0.144, -0.137, -0.151
1957, 12, -0.203, , -0.144, -0.137, -0.150
1958, 1, -0.078, , -0.143, -0.136, -0.150
1958, 2, -0.207, , -0.143, -0.136, -0.150
1958, 3, 0.035, , -0.143, -0.136, -0.149
1958, 4, -0.028, , -0.142, -0.135, -0.149
1958, 5, -0.141, , -0.142, -0.135, -0.149
1958, 6, -0.142, , -0.142, -0.135, -0.149
1958, 7, -0.218, , -0.141, -0.134, -0.148
1958, 8, -0.153, , -0.141, -0.134, -0.148
1958, 9, -0.190, , -0.141, -0.134, -0.148
1958, 10, -0.045, , -0.140, -0.134, -0.147
1958, 11, -0.150, , -0.140, -0.133, -0.147
1958, 12, -0.130, , -0.140, -0.133, -0.147
1959, 1, -0.236, , -0.139, -0.133, -0.146
1959, 2, -0.271, , -0.139, -0.132, -0.146
1959, 3, -0.218, , -0.139, -0.132, -0.146
1959, 4, -0.129, , -0.139, -0.132, -0.145
1959, 5, -0.269, , -0.138, -0.131, -0.145
1959, 6, -0.167, , -0.138, -0.131, -0.145
1959, 7, -0.196, , -0.138, -0.131, -0.144
1959, 8, -0.153, , -0.137, -0.130, -0.144
1959, 9, -0.177, , -0.137, -0.130, -0.144
1959, 10, -0.158, , -0.137, -0.130, -0.143
1959, 11, -0.162, , -0.136, -0.130, -0.143
1959, 12, -0.121, , -0.136, -0.129, -0.143
1960, 1, -0.106, , -0.136, -0.129, -0.142
1960, 2, -0.134, , -0.135, -0.129, -0.142
1960, 3, -0.124, , -0.135, -0.128, -0.142
1960, 4, -0.132, , -0.135, -0.128, -0.142
1960, 5, -0.053, , -0.134, -0.128, -0.141
1960, 6, -0.097, , -0.134, -0.127, -0.141
1960, 7, -0.108, , -0.134, -0.127, -0.141
1960, 8, -0.083, , -0.134, -0.127, -0.140
1960, 9, -0.071, , -0.133, -0.126, -0.140
1960, 10, -0.118, , -0.133, -0.126, -0.140
1960, 11, -0.187, , -0.133, -0.126, -0.139
1960, 12, -0.188, , -0.132, -0.126, -0.139
1961, 1, -0.166, , -0.132, -0.125, -0.139
1961, 2, -0.061, , -0.132, -0.125, -0.138
1961, 3, -0.020, , -0.131, -0.125, -0.138
1961, 4, -0.058, , -0.131, -0.124, -0.138
1961, 5, -0.132, , -0.131, -0.124, -0.137
1961, 6, -0.209, , -0.130, -0.124, -0.137
1961, 7, -0.151, , -0.130, -0.123, -0.137
1961, 8, -0.178, , -0.130, -0.123, -0.136
1961, 9, -0.119, , -0.129, -0.123, -0.136
1961, 10, -0.115, , -0.129, -0.122, -0.136
1961, 11, -0.095, , -0.129, -0.122, -0.136
1961, 12, -0.127, , -0.128, -0.122, -0.135
1962, 1, -0.210, , -0.128, -0.121, -0.135
1962, 2, -0.055, , -0.128, -0.121, -0.135
1962, 3, 0.078, , -0.128, -0.121, -0.134
1962, 4, -0.238, , -0.127, -0.120, -0.134
1962, 5, -0.102, , -0.127, -0.120, -0.134
1962, 6, -0.118, , -0.127, -0.120, -0.133
1962, 7, -0.102, , -0.126, -0.120, -0.133
1962, 8, -0.089, , -0.126, -0.119, -0.133
1962, 9, -0.159, , -0.126, -0.119, -0.132
1962, 10, -0.158, , -0.125, -0.119, -0.132
1962, 11, 0.014, , -0.125, -0.118, -0.132
1962, 12, -0.115, , -0.125, -0.118, -0.131
1963, 1, -0.166, , -0.124, -0.118, -0.131
1963, 2, -0.207, , -0.124, -0.117, -0.131
1963, 3, -0.181, , -0.124, -0.117, -0.131
1963, 4, -0.165, , -0.123, -0.117, -0.130
1963, 5, -0.202, , -0.123, -0.116, -0.130
1963, 6, -0.139, , -0.123, -0.116, -0.130
1963, 7, -0.142, , -0.123, -0.116, -0.129
1963, 8, -0.196, , -0.122, -0.115, -0.129
1963, 9, -0.086, , -0.122, -0.115, -0.129
1963, 10, -0.167, , -0.122, -0.115, -0.128
1963, 11, -0.171, , -0.121, -0.114, -0.128
1963, 12, -0.216, , -0.121, -0.114, -0.128
1964, 1, -0.196, , -0.121, -0.114, -0.127
1964, 2, -0.183, , -0.120, -0.113, -0.127
1964, 3, -0.172, , -0.120, -0.113, -0.127
1964, 4, -0.214, , -0.120, -0.113, -0.127
1964, 5, -0.132, , -0.119, -0.113, -0.126
1964, 6, -0.188, , -0.119, -0.112, -0.126
1964, 7, -0.169, , -0.119, -0.112, -0.126
1964, 8, -0.147, , -0.118, -0.112, -0.125
1964, 9, -0.043, , -0.118, -0.111, -0.125
1964, 10, -0.103, , -0.118, -0.111, -0.125
1964, 11, -0.129, , -0.118, -0.111, -0.124
1964, 12, -0.155, , -0.117, -0.110, -0.124
1965, 1, -0.088, , -0.117, -0.110, -0.124
1965, 2, -0.146, , -0.117, -0.110, -0.124
1965, 3, -0.139, , -0.116, -0.109, -0.123
1965, 4, -0.083, , -0.116, -0.109, -0.123
1965, 5, -0.141, , -0.116, -0.109, -0.123
1965, 6, -0.115, , -0.115, -0.108, -0.122
1965, 7, -0.117, , -0.115, -0.108, -0.122
1965, 8, -0.178, , -0.115, -0.108, -0.122
1965, 9, -0.190, , -0.114, -0.107, -0.121
1965, 10, -0.198, , -0.114, -0.107, -0.121
1965, 11, -0.178, , -0.114, -0.107, -0.121
1965, 12, -0.124, , -0.113, -0.106, -0.120
1966, 1, -0.084, , -0.113, -0.106, -0.120
1966, 2, -0.146, , -0.113, -0.106, -0.120
1966, 3, -0.133, , -0.113, -0.105, -0.120
1966, 4, -0.098, , -0.112, -0.105, -0.119
1966, 5, -0.123, , -0.112, -0.105, -0.119
1966, 6, -0.130, , -0.112, -0.104, -0.119
1966, 7, -0.102, , -0.111, -0.104, -0.118
1966, 8, -0.150, , -0.111, -0.104, -0.118
1966, 9, -0.113, , -0.111, -0.103, -0.118
1966, 10, -0.170, , -0.110, -0.103, -0.117
1966, 11, -0.138, , -0.110, -0.103, -0.117
1966, 12, -0.078, , -0.110, -0.102, -0.117
1967, 1, -0.152, , -0.109, -0.102, -0.117
1967, 2, -0.165, , -0.109, -0.102, -0.116
1967, 3, -0.105, , -0.109, -0.102, -0.116
1967, 4, -0.065, , -0.108, -0.101, -0.116
1967, 5, -0.053, , -0.108, -0.101, -0.115
1967, 6, -0.112, , -0.108, -0.101, -0.115
1967, 7, -0.120, , -0.107, -0.100, -0.115
1967, 8, -0.123, , -0.107, -0.100, -0.114
1967, 9, -0.052, , -0.107, -0.100, -0.114
1967, 10, -0.155, , -0.107, -0.099, -0.114
1967, 11, -0.181, , -0.106, -0.099, -0.114
1967, 12, 0.004, , -0.106, -0.099, -0.113
1968, 1, -0.084, , -0.106, -0.098, -0.113
1968, 2, -0.128, , -0.105, -0.098, -0.113
1968, 3, -0.197, , -0.105, -0.098, -0.112
1968, 4, -0.113, , -0.105, -0.097, -0.112
1968, 5, -0.080, , -0.104, -0.097, -0.112
1968, 6, -0.100, , -0.104, -0.097, -0.111
1968, 7, -0.099, , -0.104, -0.096, -0.111
1968, 8, -0.120, , -0.103, -0.096, -0.111
1968, 9, -0.138, , -0.103, -0.096, -0.111
1968, 10, -0.207, , -0.103, -0.095, -0.110
1968, 11, -0.117, , -0.102, -0.095, -0.110
1968, 12, -0.225, , -0.102, -0.095, -0.110
1969, 1, -0.138, , -0.102, -0.094, -0.109
1969, 2, 0.000, , -0.102, -0.094, -0.109
1969, 3, -0.053, , -0.101, -0.094, -0.109
1969, 4, -0.180, , -0.101, -0.093, -0.109
1969, 5, -0.184, , -0.101, -0.093, -0.108
1969, 6, -0.087, , -0.100, -0.093, -0.108
1969, 7, -0.038, , -0.100, -0.092, -0.108
1969, 8, -0.101, , -0.100, -0.092, -0.107
1969, 9, -0.074, , -0.099, -0.092, -0.107
1969, 10, -0.048, , -0.099, -0.091, -0.107
1969, 11, -0.056, , -0.099, -0.091, -0.106
1969, 12, -0.066, , -0.098, -0.091, -0.106
1970, 1, -0.094, , -0.098, -0.090, -0.106
1970, 2, -0.104, , -0.098, -0.090, -0.106
1970, 3, -0.081, , -0.097, -0.090, -0.105
1970, 4, -0.022, , -0.097, -0.089, -0.105
1970, 5, -0.099, , -0.097, -0.089, -0.105
1970, 6, -0.106, , -0.097, -0.089, -0.104
1970, 7, -0.102, , -0.096, -0.088, -0.104
1970, 8, -0.050, , -0.096, -0.088, -0.104
1970, 9, -0.187, , -0.096, -0.088, -0.104
1970, 10, -0.048, , -0.095, -0.087, -0.103
1970, 11, 0.002, , -0.095, -0.087, -0.103
1970, 12, 0.004, , -0.095, -0.087, -0.103
1971, 1, -0.132, , -0.094, -0.086, -0.102
1971, 2, -0.165, , -0.094, -0.086, -0.102
1971, 3, -0.148, , -0.094, -0.086, -0.102
1971, 4, -0.046, , -0.093, -0.085, -0.101
1971, 5, -0.053, , -0.093, -0.085, -0.101
1971, 6, -0.026, , -0.093, -0.085, -0.101
1971, 7, -0.096, , -0.092, -0.084, -0.101
1971, 8, -0.107, , -0.092, -0.084, -0.100
1971, 9, -0.068, , -0.092, -0.084, -0.100
1971, 10, 0.071, , -0.092, -0.083, -0.100
1971, 11, -0.001, , -0.091, -0.083, -0.099
1971, 12, -0.088, , -0.091, -0.083, -0.099
1972, 1, -0.088, , -0.091, -0.082, -0.099
1972, 2, -0.101, , -0.090, -0.082, -0.099
1972, 3, -0.063, , -0.090, -0.082, -0.098
1972, 4, -0.025, , -0.090, -0.081, -0.098
1972, 5, 0.020, , -0.089, -0.081, -0.098
1972, 6, -0.103, , -0.089, -0.081, -0.097
1972, 7, -0.075, , -0.089, -0.080, -0.097
1972, 8, -0.086, , -0.088, -0.080, -0.097
1972, 9, 0.015, , -0.088, -0.080, -0.097
1972, 10, -0.036, , -0.088, -0.079, -0.096
1972, 11, 0.039, , -0.087, -0.079, -0.096
1972, 12, 0.022, , -0.087, -0.079, -0.096
1973, 1, -0.002, , -0.087, -0.078, -0.095
1973, 2, 0.070, , -0.086, -0.078, -0.095
1973, 3, 0.047, , -0.086, -0.078, -0.095
1973, 4, -0.040, , -0.086, -0.077, -0.094
1973, 5, -0.047, , -0.086, -0.077, -0.094
1973, 6, -0.118, , -0.085, -0.077, -0.094
1973, 7, -0.062, , -0.085, -0.076, -0.094
1973, 8, -0.059, , -0.085, -0.076, -0.093
1973, 9, -0.077, , -0.084, -0.076, -0.093
1973, 10, -0.073, , -0.084, -0.075, -0.093
1973, 11, -0.232, , -0.084, -0.075, -0.092
1973, 12, -0.072, , -0.083, -0.075, -0.092
1974, 1, 0.022, , -0.083, -0.074, -0.092
1974, 2, 0.003, , -0.083, -0.074, -0.092
1974, 3, -0.117, , -0.082, -0.074, -0.091
1974, 4, -0.144, , -0.082, -0.073, -0.091
1974, 5, -0.050, , -0.082, -0.073, -0.091
1974, 6, 0.028, , -0.081, -0.073, -0.090
1974, 7, -0.029, , -0.081, -0.072, -0.090
1974, 8, -0.086, , -0.081, -0.072, -0.090
1974, 9, -0.062, , -0.081, -0.071, -0.090
1974, 10, -0.192, , -0.080, -0.071, -0.089
1974, 11, -0.141, , -0.080, -0.071, -0.089
1974, 12, -0.042, , -0.080, -0.070, -0.089
1975, 1, -0.096, , -0.079, -0.070, -0.088
1975, 2, -0.052, , -0.079, -0.070, -0.088
1975, 3, -0.038, , -0.079, -0.069, -0.088
1975, 4, -0.129, , -0.078, -0.069, -0.088
1975, 5, -0.038, , -0.078, -0.069, -0.087
1975, 6, -0.045, , -0.078, -0.068, -0.087
1975, 7, -0.041, , -0.077, -0.068, -0.087
1975, 8, -0.068, , -0.077, -0.068, -0.086
1975, 9, -0.065, , -0.077, -0.067, -0.086
1975, 10, -0.033, , -0.076, -0.067, -0.086
1975, 11, -0.034, , -0.076, -0.067, -0.086
1975, 12, 0.028, , -0.076, -0.066, -0.085
1976, 1, -0.088, , -0.076, -0.066, -0.085
1976, 2, -0.198, , -0.075, -0.066, -0.085
1976, 3, -0.136, , -0.075, -0.065, -0.084
1976, 4, -0.095, , -0.075, -0.065, -0.084
1976, 5, -0.163, , -0.074, -0.065, -0.084
1976, 6, -0.124, , -0.074, -0.064, -0.084
1976, 7, -0.090, , -0.074, -0.064, -0.083
1976, 8, -0.080, , -0.073, -0.064, -0.083
1976, 9, -0.144, , -0.073, -0.063, -0.083
1976, 10, -0.112, , -0.073, -0.063, -0.082
1976, 11, -0.235, , -0.072, -0.063, -0.082
1976, 12, -0.225, , -0.072, -0.062, -0.082
1977, 1, -0.258, , -0.072, -0.062, -0.082
1977, 2, -0.274, , -0.071, -0.062, -0.081
1977, 3, -0.194, , -0.071, -0.061, -0.081
1977, 4, -0.208, , -0.071, -0.061, -0.081
1977, 5, -0.126, , -0.071, -0.061, -0.080
1977, 6, -0.090, , -0.070, -0.060, -0.080
1977, 7, -0.108, , -0.070, -0.060, -0.080
1977, 8, -0.174, , -0.070, -0.060, -0.080
1977, 9, -0.062, , -0.069, -0.059, -0.079
1977, 10, -0.128, , -0.069, -0.059, -0.079
1977, 11, -0.046, , -0.069, -0.059, -0.079
1977, 12, 0.001, , -0.068, -0.058, -0.078
1978, 1, -0.138, , -0.068, -0.058, -0.078
1978, 2, 0.061, , -0.068, -0.058, -0.078
1978, 3, -0.032, , -0.067, -0.057, -0.078
1978, 4, 0.036, , -0.067, -0.057, -0.077
1978, 5, -0.001, , -0.067, -0.057, -0.077
1978, 6, -0.109, , -0.066, -0.056, -0.077
1978, 7, -0.014, , -0.066, -0.056, -0.076
1978, 8, -0.074, , -0.066, -0.056, -0.076
1978, 9, -0.010, , -0.065, -0.055, -0.076
1978, 10, -0.091, , -0.065, -0.055, -0.076
1978, 11, 0.033, , -0.065, -0.054, -0.075
1978, 12, -0.142, , -0.065, -0.054, -0.075
1979, 1, -0.068, , -0.064, -0.054, -0.075
1979, 2, 0.000, , -0.064, -0.053, -0.074
1979, 3, -0.087, , -0.064, -0.053, -0.074
1979, 4, -0.034, , -0.063, -0.053, -0.074
1979, 5, -0.093, , -0.063, -0.052, -0.074
1979, 6, -0.042, , -0.063, -0.052, -0.073
1979, 7, -0.029, , -0.062, -0.052, -0.073
1979, 8, -0.046, , -0.062, -0.051, -0.073
1979, 9, -0.049, , -0.062, -0.051, -0.072
1979, 10, -0.152, , -0.061, -0.051, -0.072
1979, 11, -0.089, , -0.061, -0.050, -0.072
1979, 12, -0.075, , -0.061, -0.050, -0.072
1980, 1, 0.034, , -0.060, -0.050, -0.071
1980, 2, -0.031, , -0.060, -0.049, -0.071
1980, 3, -0.121, , -0.060, -0.049, -0.071
1980, 4, -0.065, , -0.060, -0.049, -0.070
1980, 5, -0.056, , -0.059, -0.048, -0.070
1980, 6, -0.127, , -0.059, -0.048, -0.070
1980, 7, -0.126, , -0.059, -0.048, -0.070
1980, 8, -0.107, , -0.058, -0.047, -0.069
1980, 9, -0.159, , -0.058, -0.047, -0.069
1980, 10, -0.182, , -0.058, -0.047, -0.069
1980, 11, -0.159, , -0.057, -0.046, -0.068
1980, 12, -0.118, , -0.057, -0.046, -0.068
1981, 1, -0.160, , -0.057, -0.046, -0.068
1981, 2, -0.189, , -0.056, -0.045, -0.068
1981, 3, -0.096, , -0.056, -0.045, -0.067
1981, 4, -0.229, , -0.056, -0.045, -0.067
1981, 5, -0.035, , -0.055, -0.044, -0.067
1981, 6, -0.087, , -0.055, -0.044, -0.066
1981, 7, -0.050, , -0.055, -0.044, -0.066
1981, 8, -0.019, , -0.055, -0.043, -0.066
1981, 9, -0.077, , -0.054, -0.043, -0.066
1981, 10, -0.118, , -0.054, -0.042, -0.065
1981, 11, -0.028, , -0.054, -0.042, -0.065
1981, 12, -0.075, , -0.053, -0.042, -0.065
1982, 1, -0.138, , -0.053, -0.041, -0.064
1982, 2, -0.003, , -0.053, -0.041, -0.064
1982, 3, -0.057, , -0.052, -0.041, -0.064
1982, 4, -0.189, , -0.052, -0.040, -0.064
1982, 5, -0.065, , -0.052, -0.040, -0.063
1982, 6, 0.041, , -0.051, -0.040, -0.063
1982, 7, -0.059, , -0.051, -0.039, -0.063
1982, 8, -0.080, , -0.051, -0.039, -0.062
1982, 9, -0.077, , -0.050, -0.039, -0.062
1982, 10, 0.049, , -0.050, -0.038, -0.062
1982, 11, -0.098, , -0.050, -0.038, -0.062
1982, 12, 0.016, , -0.049, -0.038, -0.061
1983, 1, 0.046, , -0.049, -0.037, -0.061
1983, 2, 0.158, , -0.049, -0.037, -0.061
1983, 3, 0.154, , -0.049, -0.037, -0.060
1983, 4, 0.039, , -0.048, -0.036, -0.060
1983, 5, -0.071, , -0.048, -0.036, -0.060
1983, 6, -0.020, , -0.048, -0.036, -0.060
1983, 7, 0.008, , -0.047, -0.035, -0.059
1983, 8, -0.013, , -0.047, -0.035, -0.059
1983, 9, -0.016, , -0.047, -0.035, -0.059
1983, 10, 0.043, , -0.046, -0.034, -0.059
1983, 11, -0.043, , -0.046, -0.034, -0.058
1983, 12, 0.013, , -0.046, -0.034, -0.058
1984, 1, 0.050, , -0.045, -0.033, -0.058
1984, 2, -0.040, , -0.045, -0.033, -0.057
1984, 3, 0.038, , -0.045, -0.033, -0.057
1984, 4, 0.149, , -0.044, -0.032, -0.057
1984, 5, -0.068, , -0.044, -0.032, -0.057
1984, 6, -0.063, , -0.044, -0.031, -0.056
1984, 7, -0.096, , -0.044, -0.031, -0.056
1984, 8, 0.018, , -0.043, -0.031, -0.056
1984, 9, -0.013, , -0.043, -0.030, -0.055
1984, 10, 0.013, , -0.043, -0.030, -0.055
1984, 11, -0.007, , -0.042, -0.030, -0.055
1984, 12, -0.048, , -0.042, -0.029, -0.055
1985, 1, -0.072, , -0.042, -0.029, -0.054
1985, 2, -0.088, , -0.041, -0.029, -0.054
1985, 3, -0.099, , -0.041, -0.028, -0.054
1985, 4, -0.086, , -0.041, -0.028, -0.053
1985, 5, -0.029, , -0.040, -0.028, -0.053
1985, 6, -0.078, , -0.040, -0.027, -0.053
1985, 7, -0.047, , -0.040, -0.027, -0.053
1985, 8, -0.034, , -0.039, -0.027, -0.052
1985, 9, -0.068, , -0.039, -0.026, -0.052
1985, 10, -0.045, , -0.039, -0.026, -0.052
1985, 11, 0.109, , -0.039, -0.026, -0.051
1985, 12, -0.036, , -0.038, -0.025, -0.051
1986, 1, -0.164, , -0.038, -0.025, -0.051
1986, 2, 0.033, , -0.038, -0.025, -0.051
1986, 3, -0.154, , -0.037, -0.024, -0.050
1986, 4, 0.085, , -0.037, -0.024, -0.050
1986, 5, -0.016, , -0.037, -0.024, -0.050
1986, 6, -0.112, , -0.036, -0.023, -0.049
1986, 7, -0.026, , -0.036, -0.023, -0.049
1986, 8, -0.025, , -0.036, -0.022, -0.049
1986, 9, -0.132, , -0.035, -0.022, -0.049
1986, 10, -0.061, , -0.035, -0.022, -0.048
1986, 11, -0.050, , -0.035, -0.021, -0.048
1986, 12, 0.025, , -0.034, -0.021, -0.048
1987, 1, 0.050, , -0.034, -0.021, -0.048
1987, 2, 0.007, , -0.034, -0.020, -0.047
1987, 3, 0.098, , -0.034, -0.020, -0.047
1987, 4, , , -0.033, -0.020, -0.047
1987, 5, , , -0.033, -0.019, -0.046
1987, 6, , , -0.033, -0.019, -0.046
1987, 7, , , -0.032, -0.019, -0.046
1987, 8, , , -0.032, -0.018, -0.046
1987, 9, , , -0.032, -0.018, -0.045
1987, 10, , , -0.031, -0.018, -0.045
1987, 11, , , -0.031, -0.017, -0.045
1987, 12, , , -0.031, -0.017, -0.044
1988, 1, , , -0.030, -0.017, -0.044
1988, 2, , , -0.030, -0.016, -0.044
1988, 3, , , -0.030, -0.016, -0.044
1988, 4, , , -0.029, -0.016, -0.043
1988, 5, , , -0.029, -0.015, -0.043
1988, 6, , , -0.029, -0.015, -0.043
1988, 7, , , -0.028, -0.015, -0.042
1988, 8, , , -0.028, -0.014, -0.042
1988, 9, , , -0.028, -0.014, -0.042
1988, 10, , , -0.028, -0.013, -0.042
1988, 11, , , -0.027, -0.013, -0.041
1988, 12, , , -0.027, -0.013, -0.041
1989, 1, , , -0.027, -0.012, -0.041
1989, 2, , , -0.026, -0.012, -0.040
1989, 3, , , -0.026, -0.012, -0.040
1989, 4, , , -0.026, -0.011, -0.040
1989, 5, , , -0.025, -0.011, -0.040
1989, 6, , , -0.025, -0.011, -0.039
1989, 7, , , -0.025, -0.010, -0.039
1989, 8, , , -0.024, -0.010, -0.039
1989, 9, , , -0.024, -0.010, -0.039
1989, 10, , , -0.024, -0.009, -0.038
1989, 11, , , -0.023, -0.009, -0.038
1989, 12, , , -0.023, -0.009, -0.038
1990, 1, , , -0.023, -0.008, -0.037
1990, 2, , , -0.023, -0.008, -0.037
1990, 3, , , -0.022, -0.008, -0.037
1990, 4, , , -0.022, -0.007, -0.037
1990, 5, , , -0.022, -0.007, -0.036
1990, 6, , , -0.021, -0.007, -0.036
1990, 7, , , -0.021, -0.006, -0.036
1990, 8, , , -0.021, -0.006, -0.035
1990, 9, , , -0.020, -0.006, -0.035
1990, 10, , , -0.020, -0.005, -0.035
1990, 11, , , -0.020, -0.005, -0.035
1990, 12, , , -0.019, -0.004, -0.034
1991, 1, , , -0.019, -0.004, -0.034
1991, 2, , , -0.019, -0.004, -0.034
1991, 3, , , -0.018, -0.003, -0.033
1991, 4, , , -0.018, -0.003, -0.033
1991, 5, , , -0.018, -0.003, -0.033
1991, 6, , , -0.018, -0.002, -0.033
1991, 7, , , -0.017, -0.002, -0.032
1991, 8, , , -0.017, -0.002, -0.032
1991, 9, , , -0.017, -0.001, -0.032
1991, 10, , , -0.016, -0.001, -0.032
1991, 11, , , -0.016, -0.001, -0.031
1991, 12, , , -0.016, -0.000, -0.031
1992, 1, , , -0.015, 0.000, -0.031
1992, 2, , , -0.015, 0.000, -0.030
1992, 3, , , -0.015, 0.001, -0.030
1992, 4, , , -0.014, 0.001, -0.030
1992, 5, , , -0.014, 0.001, -0.030
1992, 6, , , -0.014, 0.002, -0.029
1992, 7, , , -0.013, 0.002, -0.029
1992, 8, , , -0.013, 0.002, -0.029
1992, 9, , , -0.013, 0.003, -0.028
1992, 10, , , -0.013, 0.003, -0.028
1992, 11, , , -0.012, 0.003, -0.028
1992, 12, , , -0.012, 0.004, -0.028
1993, 1, , , -0.012, 0.004, -0.027
1993, 2, , , -0.011, 0.005, -0.027
1993, 3, , , -0.011, 0.005, -0.027
1993, 4, , , -0.011, 0.005, -0.026
1993, 5, , , -0.010, 0.006, -0.026
1993, 6, , , -0.010, 0.006, -0.026
1993, 7, , , -0.010, 0.006, -0.026
1993, 8, , , -0.009, 0.007, -0.025
1993, 9, , , -0.009, 0.007, -0.025
1993, 10, , , -0.009, 0.007, -0.025
1993, 11, , , -0.008, 0.008, -0.025
1993, 12, , , -0.008, 0.008, -0.024
1994, 1, , , -0.008, 0.008, -0.024
1994, 2, , , -0.007, 0.009, -0.024
1994, 3, , , -0.007, 0.009, -0.023
1994, 4, , , -0.007, 0.009, -0.023
1994, 5, , , -0.007, 0.010, -0.023
1994, 6, , , -0.006, 0.010, -0.023
1994, 7, , , -0.006, 0.010, -0.022
1994, 8, , , -0.006, 0.011, -0.022
1994, 9, , , -0.005, 0.011, -0.022
1994, 10, , , -0.005, 0.011, -0.021
1994, 11, , , -0.005, 0.012, -0.021
1994, 12, , , -0.004, 0.012, -0.021
1995, 1, , , -0.004, 0.013, -0.021
1995, 2, , , -0.004, 0.013, -0.020
1995, 3, , , -0.003, 0.013, -0.020
1995, 4, , , -0.003, 0.014, -0.020
1995, 5, , , -0.003, 0.014, -0.020
1995, 6, , , -0.002, 0.014, -0.019
1995, 7, , , -0.002, 0.015, -0.019
1995, 8, , , -0.002, 0.015, -0.019
1995, 9, , , -0.002, 0.015, -0.018
1995, 10, , , -0.001, 0.016, -0.018
1995, 11, , , -0.001, 0.016, -0.018
1995, 12, , , -0.001, 0.016, -0.018
1996, 1, , , -0.000, 0.017, -0.017
1996, 2, , , 0.000, 0.017, -0.017
1996, 3, , , 0.000, 0.017, -0.017
1996, 4, , , 0.001, 0.018, -0.016
1996, 5, , , 0.001, 0.018, -0.016
1996, 6, , , 0.001, 0.018, -0.016
1996, 7, , , 0.002, 0.019, -0.016
1996, 8, , , 0.002, 0.019, -0.015
1996, 9, , , 0.002, 0.019, -0.015
1996, 10, , , 0.003, 0.020, -0.015
1996, 11, , , 0.003, 0.020, -0.014
1996, 12, , , 0.003, 0.021, -0.014
1997, 1, , , 0.003, 0.021, -0.014
1997, 2, , , 0.004, 0.021, -0.014
1997, 3, , , 0.004, 0.022, -0.013
1997, 4, , , 0.004, 0.022, -0.013
1997, 5, , , 0.005, 0.022, -0.013
1997, 6, , , 0.005, 0.023, -0.013
1997, 7, , , 0.005, 0.023, -0.012
1997, 8, , , 0.006, 0.023, -0.012
1997, 9, , , 0.006, 0.024, -0.012
1997, 10, , , 0.006, 0.024, -0.011
1997, 11, , , 0.007, 0.024, -0.011
1997, 12, , , 0.007, 0.025, -0.011
1998, 1, , , 0.007, 0.025, -0.011
1998, 2, , , 0.008, 0.025, -0.010
1998, 3, , , 0.008, 0.026, -0.010
1998, 4, , , 0.008, 0.026, -0.010
1998, 5, , , 0.008, 0.026, -0.009
1998, 6, , , 0.009, 0.027, -0.009
1998, 7, , , 0.009, 0.027, -0.009
1998, 8, , , 0.009, 0.027, -0.009
1998, 9, , , 0.010, 0.028, -0.008
1998, 10, , , 0.010, 0.028, -0.008
1998, 11, , , 0.010, 0.029, -0.008
1998, 12, , , 0.011, 0.029, -0.008
1999, 1, , , 0.011, 0.029, -0.007
1999, 2, , , 0.011, 0.030, -0.007
1999, 3, , , 0.012, 0.030, -0.007
1999, 4, , , 0.012, 0.030, -0.006
1999, 5, , , 0.012, 0.031, -0.006
1999, 6, , , 0.013, 0.031, -0.006
1999, 7, , , 0.013, 0.031, -0.006
1999, 8, , , 0.013, 0.032, -0.005
1999, 9, , , 0.014, 0.032, -0.005
1999, 10, , , 0.014, 0.032, -0.005
1999, 11, , , 0.014, 0.033, -0.004
1999, 12, , , 0.014, 0.033, -0.004
2000, 1, , , 0.015, 0.033, -0.004
2000, 2, , , 0.015, 0.034, -0.004
2000, 3, , , 0.015, 0.034, -0.003
2000, 4, , , 0.016, 0.034, -0.003
2000, 5, , , 0.016, 0.035, -0.003
2000, 6, , , 0.016, 0.035, -0.003
2000, 7, , , 0.017, 0.036, -0.002
2000, 8, , , 0.017, 0.036, -0.002
2000, 9, , , 0.017, 0.036, -0.002
2000, 10, , , 0.018, 0.037, -0.001
2000, 11, , , 0.018, 0.037, -0.001
2000, 12, , , 0.018, 0.037, -0.001
2001, 1, , , 0.019, 0.038, -0.001
2001, 2, , , 0.019, 0.038, -0.000
2001, 3, , , 0.019, 0.038, 0.000
2001, 4, , , 0.019, 0.039, 0.000
2001, 5, , , 0.020, 0.039, 0.001
2001, 6, , , 0.020, 0.039, 0.001
2001, 7, , , 0.020, 0.040, 0.001
2001, 8, , , 0.021, 0.040, 0.001
2001, 9, , , 0.021, 0.040, 0.002
2001, 10, , , 0.021, 0.041, 0.002
2001, 11, , , 0.022, 0.041, 0.002
2001, 12, , , 0.022, 0.041, 0.003
2002, 1, , , 0.022, 0.042, 0.003
2002, 2, , , 0.023, 0.042, 0.003
2002, 3, , , 0.023, 0.042, 0.003
2002, 4, , , 0.023, 0.043, 0.004
2002, 5, , , 0.024, 0.043, 0.004
2002, 6, , , 0.024, 0.044, 0.004
2002, 7, , , 0.024, 0.044, 0.004
2002, 8, , , 0.024, 0.044, 0.005
2002, 9, , , 0.025, 0.045, 0.005
2002, 10, , , 0.025, 0.045, 0.005
2002, 11, , , 0.025, 0.045, 0.006
2002, 12, , , 0.026, 0.046, 0.006
2003, 1, , , 0.026, 0.046, 0.006
2003, 2, , , 0.026, 0.046, 0.006
2003, 3, , , 0.027, 0.047, 0.007
2003, 4, , , 0.027, 0.047, 0.007
2003, 5, , , 0.027, 0.047, 0.007
2003, 6, , , 0.028, 0.048, 0.008
2003, 7, , , 0.028, 0.048, 0.008
2003, 8, , , 0.028, 0.048, 0.008
2003, 9, , , 0.029, 0.049, 0.008
2003, 10, , , 0.029, 0.049, 0.009
2003, 11, , , 0.029, 0.049, 0.009
2003, 12, , , 0.029, 0.050, 0.009
2004, 1, , , 0.030, 0.050, 0.009
2004, 2, , , 0.030, 0.050, 0.010
2004, 3, , , 0.030, 0.051, 0.010
2004, 4, , , 0.031, 0.051, 0.010
2004, 5, , , 0.031, 0.052, 0.011
2004, 6, , , 0.031, 0.052, 0.011
2004, 7, , , 0.032, 0.052, 0.011
2004, 8, , , 0.032, 0.053, 0.011
2004, 9, , , 0.032, 0.053, 0.012
2004, 10, , , 0.033, 0.053, 0.012
2004, 11, , , 0.033, 0.054, 0.012
2004, 12, , , 0.033, 0.054, 0.013
2005, 1, , , 0.034, 0.054, 0.013
2005, 2, , , 0.034, 0.055, 0.013
2005, 3, , , 0.034, 0.055, 0.013
2005, 4, , , 0.035, 0.055, 0.014
2005, 5, , , 0.035, 0.056, 0.014
2005, 6, , , 0.035, 0.056, 0.014
2005, 7, , , 0.035, 0.056, 0.014
2005, 8, , , 0.036, 0.057, 0.015
2005, 9, , , 0.036, 0.057, 0.015
2005, 10, , , 0.036, 0.057, 0.015
2005, 11, , , 0.037, 0.058, 0.016
2005, 12, , , 0.037, 0.058, 0.016
2006, 1, , , 0.037, 0.059, 0.016
2006, 2, , , 0.038, 0.059, 0.016
2006, 3, , , 0.038, 0.059, 0.017
2006, 4, , , 0.038, 0.060, 0.017
2006, 5, , , 0.039, 0.060, 0.017
2006, 6, , , 0.039, 0.060, 0.018
2006, 7, , , 0.039, 0.061, 0.018
2006, 8, , , 0.040, 0.061, 0.018
2006, 9, , , 0.040, 0.061, 0.018
2006, 10, , , 0.040, 0.062, 0.019
2006, 11, , , 0.040, 0.062, 0.019
2006, 12, , , 0.041, 0.062, 0.019
2007, 1, , , 0.041, 0.063, 0.019
2007, 2, , , 0.041, 0.063, 0.020
2007, 3, , , 0.042, 0.063, 0.020
2007, 4, , , 0.042, 0.064, 0.020
2007, 5, , , 0.042, 0.064, 0.021
2007, 6, , , 0.043, 0.064, 0.021
2007, 7, , , 0.043, 0.065, 0.021
2007, 8, , , 0.043, 0.065, 0.021
2007, 9, , , 0.044, 0.065, 0.022
2007, 10, , , 0.044, 0.066, 0.022
2007, 11, , , 0.044, 0.066, 0.022
2007, 12, , , 0.045, 0.067, 0.023
2008, 1, , , 0.045, 0.067, 0.023
2008, 2, , , 0.045, 0.067, 0.023
2008, 3, , , 0.045, 0.068, 0.023
2008, 4, , , 0.046, 0.068, 0.024
2008, 5, , , 0.046, 0.068, 0.024
2008, 6, , , 0.046, 0.069, 0.024
2008, 7, , , 0.047, 0.069, 0.024
2008, 8, , , 0.047, 0.069, 0.025
2008, 9, , , 0.047, 0.070, 0.025
2008, 10, , , 0.048, 0.070, 0.025
2008, 11, , , 0.048, 0.070, 0.026
2008, 12, , , 0.048, 0.071, 0.026
2009, 1, , , 0.049, 0.071, 0.026
2009, 2, , , 0.049, 0.071, 0.026
2009, 3, , , 0.049, 0.072, 0.027
2009, 4, , , 0.050, 0.072, 0.027
2009, 5, , , 0.050, 0.072, 0.027
2009, 6, , , 0.050, 0.073, 0.028
2009, 7, , , 0.050, 0.073, 0.028
2009, 8, , , 0.051, 0.074, 0.028
2009, 9, , , 0.051, 0.074, 0.028
2009, 10, , , 0.051, 0.074, 0.029
2009, 11, , , 0.052, 0.075, 0.029
2009, 12, , , 0.052, 0.075, 0.029
2010, 1, , , 0.052, 0.075, 0.029
2010, 2, , , 0.053, 0.076, 0.030
2010, 3, , , 0.053, 0.076, 0.030
2010, 4, , , 0.053, 0.076, 0.030
2010, 5, , , 0.054, 0.077, 0.031
2010, 6, , , 0.054, 0.077, 0.031
2010, 7, , , 0.054, 0.077, 0.031
2010, 8, , , 0.055, 0.078, 0.031
2010, 9, , , 0.055, 0.078, 0.032
2010, 10, , , 0.055, 0.078, 0.032
2010, 11, , , 0.056, 0.079, 0.032
2010, 12, , , 0.056, 0.079, 0.033
2011, 1, , , 0.056, 0.079, 0.033
2011, 2, , , 0.056, 0.080, 0.033
2011, 3, , , 0.057, 0.080, 0.033
2011, 4, , , 0.057, 0.081, 0.034
2011, 5, , , 0.057, 0.081, 0.034
2011, 6, , , 0.058, 0.081, 0.034
2011, 7, , , 0.058, 0.082, 0.034
2011, 8, , , 0.058, 0.082, 0.035
2011, 9, , , 0.059, 0.082, 0.035
2011, 10, , , 0.059, 0.083, 0.035
2011, 11, , , 0.059, 0.083, 0.036
2011, 12, , , 0.060, 0.083, 0.036
2012, 1, , , 0.060, 0.084, 0.036
2012, 2, , , 0.060, 0.084, 0.036
2012, 3, , , 0.061, 0.084, 0.037
2012, 4, , , 0.061, 0.085, 0.037
2012, 5, , , 0.061, 0.085, 0.037
2012, 6, , , 0.061, 0.085, 0.038
2012, 7, , , 0.062, 0.086, 0.038
2012, 8, , , 0.062, 0.086, 0.038
2012, 9, , , 0.062, 0.086, 0.038
2012, 10, , , 0.063, 0.087, 0.039
2012, 11, , , 0.063, 0.087, 0.039
2012, 12, , , 0.063, 0.087, 0.039
2013, 1, , , 0.064, 0.088, 0.039
2013, 2, , , 0.064, 0.088, 0.040
2013, 3, , , 0.064, 0.089, 0.040
2013, 4, , , 0.065, 0.089, 0.040
2013, 5, , , 0.065, 0.089, 0.041
2013, 6, , , 0.065, 0.090, 0.041
2013, 7, , , 0.066, 0.090, 0.041
2013, 8, , , 0.066, 0.090, 0.041
2013, 9, , , 0.066, 0.091, 0.042
2013, 10, , , 0.066, 0.091, 0.042
2013, 11, , , 0.067, 0.091, 0.042
2013, 12, , , 0.067, 0.092, 0.043
2014, 1, , , 0.067, 0.092, 0.043
2014, 2, , , 0.068, 0.092, 0.043
2014, 3, , , 0.068, 0.093, 0.043
2014, 4, , , 0.068, 0.093, 0.044
2014, 5, , , 0.069, 0.093, 0.044
2014, 6, , , 0.069, 0.094, 0.044
2014, 7, , , 0.069, 0.094, 0.044
2014, 8, , , 0.070, 0.094, 0.045
2014, 9, , , 0.070, 0.095, 0.045
2014, 10, , , 0.070, 0.095, 0.045
2014, 11, , , 0.071, 0.096, 0.046
2014, 12, , , 0.071, 0.096, 0.046
2015, 1, , , 0.071, 0.096, 0.046
2015, 2, , , 0.071, 0.097, 0.046
2015, 3, , , 0.072, 0.097, 0.047
2015, 4, , , 0.072, 0.097, 0.047
2015, 5, , , 0.072, 0.098, 0.047
2015, 6, , , 0.073, 0.098, 0.048
2015, 7, , , 0.073, 0.098, 0.048
2015, 8, , , 0.073, 0.099, 0.048
2015, 9, , , 0.074, 0.099, 0.048
2015, 10, , , 0.074, 0.099, 0.049
2015, 11, , , 0.074, 0.100, 0.049
2015, 12, , , 0.075, 0.100, 0.049
2016, 1, , , 0.075, 0.100, 0.049
2016, 2, , , 0.075, 0.101, 0.050
2016, 3, , , 0.076, 0.101, 0.050
2016, 4, , , 0.076, 0.101, 0.050
2016, 5, , , 0.076, 0.102, 0.051
2016, 6, , , 0.077, 0.102, 0.051
2016, 7, , , 0.077, 0.103, 0.051
2016, 8, , , 0.077, 0.103, 0.051
2016, 9, , , 0.077, 0.103, 0.052
2016, 10, , , 0.078, 0.104, 0.052
2016, 11, , , 0.078, 0.104, 0.052
2016, 12, , , 0.078, 0.104, 0.053
2017, 1, , , 0.079, 0.105, 0.053
2017, 2, , , 0.079, 0.105, 0.053
2017, 3, , , 0.079, 0.105, 0.053
2017, 4, , , 0.080, 0.106, 0.054
2017, 5, , , 0.080, 0.106, 0.054
2017, 6, , , 0.080, 0.106, 0.054
2017, 7, , , 0.081, 0.107, 0.054
2017, 8, , , 0.081, 0.107, 0.055
2017, 9, , , 0.081, 0.107, 0.055
2017, 10, , , 0.082, 0.108, 0.055
2017, 11, , , 0.082, 0.108, 0.056
2017, 12, , , 0.082, 0.108, 0.056
2018, 1, , , 0.082, 0.109, 0.056
2018, 2, , , 0.083, 0.109, 0.056
2018, 3, , , 0.083, 0.110, 0.057
2018, 4, , , 0.083, 0.110, 0.057
2018, 5, , , 0.084, 0.110, 0.057
2018, 6, , , 0.084, 0.111, 0.057
2018, 7, , , 0.084, 0.111, 0.058
2018, 8, , , 0.085, 0.111, 0.058
2018, 9, , , 0.085, 0.112, 0.058
2018, 10, , , 0.085, 0.112, 0.059
2018, 11, , , 0.086, 0.112, 0.059
2018, 12, , , 0.086, 0.113, 0.059
2019, 1, , , 0.086, 0.113, 0.059
2019, 2, , , 0.087, 0.113, 0.060
2019, 3, , , 0.087, 0.114, 0.060
2019, 4, , , 0.087, 0.114, 0.060
2019, 5, , , 0.087, 0.114, 0.061
2019, 6, , , 0.088, 0.115, 0.061
2019, 7, , , 0.088, 0.115, 0.061
2019, 8, , , 0.088, 0.115, 0.061
2019, 9, , , 0.089, 0.116, 0.062
2019, 10, , , 0.089, 0.116, 0.062
2019, 11, , , 0.089, 0.117, 0.062
2019, 12, , , 0.090, 0.117, 0.062
2020, 1, , , 0.090, 0.117, 0.063
2020, 2, , , 0.090, 0.118, 0.063
2020, 3, , , 0.091, 0.118, 0.063
2020, 4, , , 0.091, 0.118, 0.064
2020, 5, , , 0.091, 0.119, 0.064
2020, 6, , , 0.092, 0.119, 0.064
2020, 7, , , 0.092, 0.119, 0.064
2020, 8, , , 0.092, 0.120, 0.065
2020, 9, , , 0.092, 0.120, 0.065
2020, 10, , , 0.093, 0.120, 0.065
2020, 11, , , 0.093, 0.121, 0.066
2020, 12, , , 0.093, 0.121, 0.066
