Year, Month, Monthly_MSL, Unverified, Linear_Trend, High_Conf., Low_Conf.
1890, 1, , , -0.224, -0.210, -0.238
1890, 2, , , -0.224, -0.209, -0.238
1890, 3, , , -0.223, -0.209, -0.238
1890, 4, , , -0.223, -0.209, -0.238
1890, 5, , , -0.223, -0.209, -0.237
1890, 6, , , -0.223, -0.209, -0.237
1890, 7, , , -0.223, -0.209, -0.237
1890, 8, , , -0.223, -0.208, -0.237
1890, 9, , , -0.222, -0.208, -0.237
1890, 10, , , -0.222, -0.208, -0.236
1890, 11, , , -0.222, -0.208, -0.236
1890, 12, , , -0.222, -0.208, -0.236
1891, 1, , , -0.222, -0.208, -0.236
1891, 2, , , -0.222, -0.207, -0.236
1891, 3, , , -0.221, -0.207, -0.235
1891, 4, , , -0.221, -0.207, -0.235
1891, 5, , , -0.221, -0.207, -0.235
1891, 6, , , -0.221, -0.207, -0.235
1891, 7, , , -0.221, -0.207, -0.235
1891, 8, , , -0.221, -0.206, -0.235
1891, 9, , , -0.220, -0.206, -0.234
1891, 10, , , -0.220, -0.206, -0.234
1891, 11, , , -0.220, -0.206, -0.234
1891, 12, , , -0.220, -0.206, -0.234
1892, 1, , , -0.220, -0.206, -0.234
1892, 2, , , -0.219, -0.206, -0.233
1892, 3, , , -0.219, -0.205, -0.233
1892, 4, , , -0.219, -0.205, -0.233
1892, 5, , , -0.219, -0.205, -0.233
1892, 6, , , -0.219, -0.205, -0.233
1892, 7, , , -0.219, -0.205, -0.232
1892, 8, , , -0.218, -0.205, -0.232
1892, 9, , , -0.218, -0.204, -0.232
1892, 10, , , -0.218, -0.204, -0.232
1892, 11, , , -0.218, -0.204, -0.232
1892, 12, , , -0.218, -0.204, -0.232
1893, 1, , , -0.218, -0.204, -0.231
1893, 2, , , -0.217, -0.204, -0.231
1893, 3, , , -0.217, -0.203, -0.231
1893, 4, , , -0.217, -0.203, -0.231
1893, 5, , , -0.217, -0.203, -0.231
1893, 6, , , -0.217, -0.203, -0.230
1893, 7, , , -0.217, -0.203, -0.230
1893, 8, , , -0.216, -0.203, -0.230
1893, 9, , , -0.216, -0.202, -0.230
1893, 10, , , -0.216, -0.202, -0.230
1893, 11, , , -0.216, -0.202, -0.229
1893, 12, , , -0.216, -0.202, -0.229
1894, 1, , , -0.215, -0.202, -0.229
1894, 2, , , -0.215, -0.202, -0.229
1894, 3, , , -0.215, -0.202, -0.229
1894, 4, , , -0.215, -0.201, -0.229
1894, 5, , , -0.215, -0.201, -0.228
1894, 6, , , -0.215, -0.201, -0.228
1894, 7, , , -0.214, -0.201, -0.228
1894, 8, , , -0.214, -0.201, -0.228
1894, 9, , , -0.214, -0.201, -0.228
1894, 10, , , -0.214, -0.200, -0.227
1894, 11, , , -0.214, -0.200, -0.227
1894, 12, , , -0.214, -0.200, -0.227
1895, 1, , , -0.213, -0.200, -0.227
1895, 2, , , -0.213, -0.200, -0.227
1895, 3, , , -0.213, -0.200, -0.226
1895, 4, , , -0.213, -0.199, -0.226
1895, 5, , , -0.213, -0.199, -0.226
1895, 6, , , -0.213, -0.199, -0.226
1895, 7, , , -0.212, -0.199, -0.226
1895, 8, , , -0.212, -0.199, -0.226
1895, 9, , , -0.212, -0.199, -0.225
1895, 10, , , -0.212, -0.198, -0.225
1895, 11, , , -0.212, -0.198, -0.225
1895, 12, , , -0.211, -0.198, -0.225
1896, 1, , , -0.211, -0.198, -0.225
1896, 2, , , -0.211, -0.198, -0.224
1896, 3, , , -0.211, -0.198, -0.224
1896, 4, , , -0.211, -0.197, -0.224
1896, 5, , , -0.211, -0.197, -0.224
1896, 6, , , -0.210, -0.197, -0.224
1896, 7, , , -0.210, -0.197, -0.224
1896, 8, , , -0.210, -0.197, -0.223
1896, 9, , , -0.210, -0.197, -0.223
1896, 10, , , -0.210, -0.197, -0.223
1896, 11, , , -0.210, -0.196, -0.223
1896, 12, , , -0.209, -0.196, -0.223
1897, 1, , , -0.209, -0.196, -0.222
1897, 2, , , -0.209, -0.196, -0.222
1897, 3, , , -0.209, -0.196, -0.222
1897, 4, , , -0.209, -0.196, -0.222
1897, 5, , , -0.209, -0.195, -0.222
1897, 6, -0.158, , -0.208, -0.195, -0.221
1897, 7, -0.222, , -0.208, -0.195, -0.221
1897, 8, -0.229, , -0.208, -0.195, -0.221
1897, 9, -0.149, , -0.208, -0.195, -0.221
1897, 10, -0.046, , -0.208, -0.195, -0.221
1897, 11, -0.225, , -0.207, -0.194, -0.221
1897, 12, -0.158, , -0.207, -0.194, -0.220
1898, 1, -0.227, , -0.207, -0.194, -0.220
1898, 2, -0.138, , -0.207, -0.194, -0.220
1898, 3, -0.088, , -0.207, -0.194, -0.220
1898, 4, -0.182, , -0.207, -0.194, -0.220
1898, 5, -0.211, , -0.206, -0.193, -0.219
1898, 6, -0.252, , -0.206, -0.193, -0.219
1898, 7, -0.200, , -0.206, -0.193, -0.219
1898, 8, -0.238, , -0.206, -0.193, -0.219
1898, 9, -0.164, , -0.206, -0.193, -0.219
1898, 10, -0.110, , -0.206, -0.193, -0.218
1898, 11, -0.149, , -0.205, -0.193, -0.218
1898, 12, -0.286, , -0.205, -0.192, -0.218
1899, 1, -0.087, , -0.205, -0.192, -0.218
1899, 2, -0.196, , -0.205, -0.192, -0.218
1899, 3, -0.292, , -0.205, -0.192, -0.218
1899, 4, -0.132, , -0.205, -0.192, -0.217
1899, 5, -0.053, , -0.204, -0.192, -0.217
1899, 6, -0.203, , -0.204, -0.191, -0.217
1899, 7, -0.124, , -0.204, -0.191, -0.217
1899, 8, -0.116, , -0.204, -0.191, -0.217
1899, 9, -0.185, , -0.204, -0.191, -0.216
1899, 10, -0.088, , -0.203, -0.191, -0.216
1899, 11, -0.119, , -0.203, -0.191, -0.216
1899, 12, -0.112, , -0.203, -0.190, -0.216
1900, 1, -0.172, , -0.203, -0.190, -0.216
1900, 2, -0.260, , -0.203, -0.190, -0.215
1900, 3, -0.213, , -0.203, -0.190, -0.215
1900, 4, -0.148, , -0.202, -0.190, -0.215
1900, 5, -0.172, , -0.202, -0.190, -0.215
1900, 6, -0.197, , -0.202, -0.189, -0.215
1900, 7, -0.246, , -0.202, -0.189, -0.215
1900, 8, -0.226, , -0.202, -0.189, -0.214
1900, 9, -0.313, , -0.202, -0.189, -0.214
1900, 10, -0.161, , -0.201, -0.189, -0.214
1900, 11, -0.250, , -0.201, -0.189, -0.214
1900, 12, -0.125, , -0.201, -0.189, -0.214
1901, 1, -0.084, , -0.201, -0.188, -0.213
1901, 2, -0.202, , -0.201, -0.188, -0.213
1901, 3, -0.319, , -0.201, -0.188, -0.213
1901, 4, -0.182, , -0.200, -0.188, -0.213
1901, 5, -0.214, , -0.200, -0.188, -0.213
1901, 6, -0.222, , -0.200, -0.188, -0.212
1901, 7, -0.222, , -0.200, -0.187, -0.212
1901, 8, -0.253, , -0.200, -0.187, -0.212
1901, 9, -0.070, , -0.199, -0.187, -0.212
1901, 10, -0.073, , -0.199, -0.187, -0.212
1901, 11, -0.112, , -0.199, -0.187, -0.212
1901, 12, -0.198, , -0.199, -0.187, -0.211
1902, 1, -0.197, , -0.199, -0.186, -0.211
1902, 2, -0.244, , -0.199, -0.186, -0.211
1902, 3, -0.176, , -0.198, -0.186, -0.211
1902, 4, -0.208, , -0.198, -0.186, -0.211
1902, 5, -0.175, , -0.198, -0.186, -0.210
1902, 6, -0.176, , -0.198, -0.186, -0.210
1902, 7, -0.197, , -0.198, -0.185, -0.210
1902, 8, -0.204, , -0.198, -0.185, -0.210
1902, 9, -0.195, , -0.197, -0.185, -0.210
1902, 10, -0.186, , -0.197, -0.185, -0.209
1902, 11, -0.036, , -0.197, -0.185, -0.209
1902, 12, -0.115, , -0.197, -0.185, -0.209
1903, 1, -0.169, , -0.197, -0.185, -0.209
1903, 2, -0.192, , -0.197, -0.184, -0.209
1903, 3, -0.048, , -0.196, -0.184, -0.209
1903, 4, -0.074, , -0.196, -0.184, -0.208
1903, 5, 0.069, , -0.196, -0.184, -0.208
1903, 6, -0.042, , -0.196, -0.184, -0.208
1903, 7, -0.118, , -0.196, -0.184, -0.208
1903, 8, -0.208, , -0.196, -0.183, -0.208
1903, 9, -0.173, , -0.195, -0.183, -0.207
1903, 10, -0.143, , -0.195, -0.183, -0.207
1903, 11, -0.088, , -0.195, -0.183, -0.207
1903, 12, -0.225, , -0.195, -0.183, -0.207
1904, 1, -0.172, , -0.195, -0.183, -0.207
1904, 2, -0.094, , -0.194, -0.182, -0.207
1904, 3, -0.127, , -0.194, -0.182, -0.206
1904, 4, -0.148, , -0.194, -0.182, -0.206
1904, 5, -0.086, , -0.194, -0.182, -0.206
1904, 6, -0.094, , -0.194, -0.182, -0.206
1904, 7, -0.191, , -0.194, -0.182, -0.206
1904, 8, -0.275, , -0.193, -0.181, -0.205
1904, 9, -0.185, , -0.193, -0.181, -0.205
1904, 10, -0.042, , -0.193, -0.181, -0.205
1904, 11, -0.143, , -0.193, -0.181, -0.205
1904, 12, -0.195, , -0.193, -0.181, -0.205
1905, 1, -0.273, , -0.193, -0.181, -0.204
1905, 2, -0.158, , -0.192, -0.180, -0.204
1905, 3, -0.091, , -0.192, -0.180, -0.204
1905, 4, -0.218, , -0.192, -0.180, -0.204
1905, 5, -0.202, , -0.192, -0.180, -0.204
1905, 6, -0.145, , -0.192, -0.180, -0.204
1905, 7, -0.206, , -0.192, -0.180, -0.203
1905, 8, -0.028, , -0.191, -0.180, -0.203
1905, 9, -0.188, , -0.191, -0.179, -0.203
1905, 10, -0.152, , -0.191, -0.179, -0.203
1905, 11, -0.140, , -0.191, -0.179, -0.203
1905, 12, -0.115, , -0.191, -0.179, -0.202
1906, 1, -0.117, , -0.190, -0.179, -0.202
1906, 2, -0.016, , -0.190, -0.179, -0.202
1906, 3, -0.143, , -0.190, -0.178, -0.202
1906, 4, -0.200, , -0.190, -0.178, -0.202
1906, 5, -0.086, , -0.190, -0.178, -0.201
1906, 6, -0.100, , -0.190, -0.178, -0.201
1906, 7, -0.106, , -0.189, -0.178, -0.201
1906, 8, -0.226, , -0.189, -0.178, -0.201
1906, 9, -0.188, , -0.189, -0.177, -0.201
1906, 10, -0.116, , -0.189, -0.177, -0.201
1906, 11, -0.176, , -0.189, -0.177, -0.200
1906, 12, -0.158, , -0.189, -0.177, -0.200
1907, 1, -0.163, , -0.188, -0.177, -0.200
1907, 2, -0.138, , -0.188, -0.177, -0.200
1907, 3, -0.158, , -0.188, -0.176, -0.200
1907, 4, -0.050, , -0.188, -0.176, -0.199
1907, 5, -0.181, , -0.188, -0.176, -0.199
1907, 6, -0.179, , -0.188, -0.176, -0.199
1907, 7, -0.225, , -0.187, -0.176, -0.199
1907, 8, -0.272, , -0.187, -0.176, -0.199
1907, 9, -0.417, , -0.187, -0.176, -0.198
1907, 10, -0.253, , -0.187, -0.175, -0.198
1907, 11, -0.256, , -0.187, -0.175, -0.198
1907, 12, -0.280, , -0.186, -0.175, -0.198
1908, 1, -0.319, , -0.186, -0.175, -0.198
1908, 2, -0.296, , -0.186, -0.175, -0.198
1908, 3, -0.240, , -0.186, -0.175, -0.197
1908, 4, -0.144, , -0.186, -0.174, -0.197
1908, 5, -0.245, , -0.186, -0.174, -0.197
1908, 6, -0.057, , -0.185, -0.174, -0.197
1908, 7, -0.024, , -0.185, -0.174, -0.197
1908, 8, -0.122, , -0.185, -0.174, -0.196
1908, 9, -0.036, , -0.185, -0.174, -0.196
1908, 10, 0.015, , -0.185, -0.173, -0.196
1908, 11, -0.173, , -0.185, -0.173, -0.196
1908, 12, -0.216, , -0.184, -0.173, -0.196
1909, 1, -0.062, , -0.184, -0.173, -0.196
1909, 2, -0.342, , -0.184, -0.173, -0.195
1909, 3, -0.261, , -0.184, -0.173, -0.195
1909, 4, -0.218, , -0.184, -0.172, -0.195
1909, 5, -0.150, , -0.184, -0.172, -0.195
1909, 6, -0.203, , -0.183, -0.172, -0.195
1909, 7, -0.100, , -0.183, -0.172, -0.194
1909, 8, -0.058, , -0.183, -0.172, -0.194
1909, 9, -0.048, , -0.183, -0.172, -0.194
1909, 10, -0.207, , -0.183, -0.171, -0.194
1909, 11, -0.128, , -0.182, -0.171, -0.194
1909, 12, -0.198, , -0.182, -0.171, -0.193
1910, 1, -0.248, , -0.182, -0.171, -0.193
1910, 2, -0.244, , -0.182, -0.171, -0.193
1910, 3, -0.127, , -0.182, -0.171, -0.193
1910, 4, -0.230, , -0.182, -0.171, -0.193
1910, 5, -0.303, , -0.181, -0.170, -0.193
1910, 6, -0.261, , -0.181, -0.170, -0.192
1910, 7, -0.270, , -0.181, -0.170, -0.192
1910, 8, -0.195, , -0.181, -0.170, -0.192
1910, 9, -0.210, , -0.181, -0.170, -0.192
1910, 10, -0.234, , -0.181, -0.170, -0.192
1910, 11, -0.167, , -0.180, -0.169, -0.191
1910, 12, -0.247, , -0.180, -0.169, -0.191
1911, 1, -0.261, , -0.180, -0.169, -0.191
1911, 2, -0.176, , -0.180, -0.169, -0.191
1911, 3, -0.179, , -0.180, -0.169, -0.191
1911, 4, -0.124, , -0.180, -0.169, -0.190
1911, 5, -0.138, , -0.179, -0.168, -0.190
1911, 6, -0.194, , -0.179, -0.168, -0.190
1911, 7, -0.286, , -0.179, -0.168, -0.190
1911, 8, -0.217, , -0.179, -0.168, -0.190
1911, 9, -0.295, , -0.179, -0.168, -0.190
1911, 10, -0.289, , -0.178, -0.168, -0.189
1911, 11, -0.161, , -0.178, -0.167, -0.189
1911, 12, -0.134, , -0.178, -0.167, -0.189
1912, 1, -0.114, , -0.178, -0.167, -0.189
1912, 2, -0.202, , -0.178, -0.167, -0.189
1912, 3, -0.152, , -0.178, -0.167, -0.188
1912, 4, -0.254, , -0.177, -0.167, -0.188
1912, 5, -0.254, , -0.177, -0.166, -0.188
1912, 6, -0.094, , -0.177, -0.166, -0.188
1912, 7, -0.072, , -0.177, -0.166, -0.188
1912, 8, -0.329, , -0.177, -0.166, -0.188
1912, 9, -0.265, , -0.177, -0.166, -0.187
1912, 10, -0.125, , -0.176, -0.166, -0.187
1912, 11, -0.176, , -0.176, -0.166, -0.187
1912, 12, -0.225, , -0.176, -0.165, -0.187
1913, 1, -0.194, , -0.176, -0.165, -0.187
1913, 2, -0.048, , -0.176, -0.165, -0.186
1913, 3, -0.149, , -0.176, -0.165, -0.186
1913, 4, -0.096, , -0.175, -0.165, -0.186
1913, 5, -0.153, , -0.175, -0.165, -0.186
1913, 6, -0.170, , -0.175, -0.164, -0.186
1913, 7, -0.216, , -0.175, -0.164, -0.185
1913, 8, -0.147, , -0.175, -0.164, -0.185
1913, 9, -0.201, , -0.174, -0.164, -0.185
1913, 10, -0.372, , -0.174, -0.164, -0.185
1913, 11, -0.314, , -0.174, -0.164, -0.185
1913, 12, -0.231, , -0.174, -0.163, -0.185
1914, 1, -0.169, , -0.174, -0.163, -0.184
1914, 2, -0.156, , -0.174, -0.163, -0.184
1914, 3, -0.258, , -0.173, -0.163, -0.184
1914, 4, -0.194, , -0.173, -0.163, -0.184
1914, 5, -0.187, , -0.173, -0.163, -0.184
1914, 6, -0.109, , -0.173, -0.162, -0.183
1914, 7, -0.112, , -0.173, -0.162, -0.183
1914, 8, -0.211, , -0.173, -0.162, -0.183
1914, 9, -0.149, , -0.172, -0.162, -0.183
1914, 10, -0.259, , -0.172, -0.162, -0.183
1914, 11, -0.231, , -0.172, -0.162, -0.182
1914, 12, -0.012, , -0.172, -0.161, -0.182
1915, 1, -0.133, , -0.172, -0.161, -0.182
1915, 2, -0.058, , -0.172, -0.161, -0.182
1915, 3, -0.085, , -0.171, -0.161, -0.182
1915, 4, -0.136, , -0.171, -0.161, -0.182
1915, 5, -0.205, , -0.171, -0.161, -0.181
1915, 6, -0.100, , -0.171, -0.161, -0.181
1915, 7, -0.155, , -0.171, -0.160, -0.181
1915, 8, -0.247, , -0.171, -0.160, -0.181
1915, 9, -0.201, , -0.170, -0.160, -0.181
1915, 10, -0.219, , -0.170, -0.160, -0.180
1915, 11, -0.256, , -0.170, -0.160, -0.180
1915, 12, -0.259, , -0.170, -0.160, -0.180
1916, 1, -0.206, , -0.170, -0.159, -0.180
1916, 2, -0.208, , -0.169, -0.159, -0.180
1916, 3, -0.274, , -0.169, -0.159, -0.180
1916, 4, -0.206, , -0.169, -0.159, -0.179
1916, 5, -0.187, , -0.169, -0.159, -0.179
1916, 6, -0.258, , -0.169, -0.159, -0.179
1916, 7, -0.240, , -0.169, -0.158, -0.179
1916, 8, -0.241, , -0.168, -0.158, -0.179
1916, 9, -0.188, , -0.168, -0.158, -0.178
1916, 10, -0.119, , -0.168, -0.158, -0.178
1916, 11, -0.234, , -0.168, -0.158, -0.178
1916, 12, -0.320, , -0.168, -0.158, -0.178
1917, 1, -0.282, , -0.168, -0.157, -0.178
1917, 2, -0.356, , -0.167, -0.157, -0.177
1917, 3, -0.249, , -0.167, -0.157, -0.177
1917, 4, -0.208, , -0.167, -0.157, -0.177
1917, 5, -0.269, , -0.167, -0.157, -0.177
1917, 6, -0.255, , -0.167, -0.157, -0.177
1917, 7, -0.286, , -0.167, -0.156, -0.177
1917, 8, -0.220, , -0.166, -0.156, -0.176
1917, 9, -0.161, , -0.166, -0.156, -0.176
1917, 10, -0.286, , -0.166, -0.156, -0.176
1917, 11, -0.228, , -0.166, -0.156, -0.176
1917, 12, -0.146, , -0.166, -0.156, -0.176
1918, 1, -0.297, , -0.165, -0.155, -0.175
1918, 2, -0.302, , -0.165, -0.155, -0.175
1918, 3, -0.240, , -0.165, -0.155, -0.175
1918, 4, -0.166, , -0.165, -0.155, -0.175
1918, 5, -0.285, , -0.165, -0.155, -0.175
1918, 6, -0.182, , -0.165, -0.155, -0.175
1918, 7, -0.164, , -0.164, -0.155, -0.174
1918, 8, -0.204, , -0.164, -0.154, -0.174
1918, 9, -0.198, , -0.164, -0.154, -0.174
1918, 10, -0.222, , -0.164, -0.154, -0.174
1918, 11, -0.146, , -0.164, -0.154, -0.174
1918, 12, -0.122, , -0.164, -0.154, -0.173
1919, 1, -0.123, , -0.163, -0.154, -0.173
1919, 2, -0.106, , -0.163, -0.153, -0.173
1919, 3, -0.039, , -0.163, -0.153, -0.173
1919, 4, -0.034, , -0.163, -0.153, -0.173
1919, 5, -0.181, , -0.163, -0.153, -0.172
1919, 6, -0.030, , -0.163, -0.153, -0.172
1919, 7, -0.066, , -0.162, -0.153, -0.172
1919, 8, -0.229, , -0.162, -0.152, -0.172
1919, 9, -0.204, , -0.162, -0.152, -0.172
1919, 10, -0.244, , -0.162, -0.152, -0.172
1919, 11, -0.076, , -0.162, -0.152, -0.171
1919, 12, -0.097, , -0.161, -0.152, -0.171
1920, 1, -0.203, , -0.161, -0.152, -0.171
1920, 2, -0.094, , -0.161, -0.151, -0.171
1920, 3, -0.322, , -0.161, -0.151, -0.171
1920, 4, -0.252, , -0.161, -0.151, -0.170
1920, 5, -0.077, , -0.161, -0.151, -0.170
1920, 6, -0.164, , -0.160, -0.151, -0.170
1920, 7, -0.209, , -0.160, -0.151, -0.170
1920, 8, -0.211, , -0.160, -0.150, -0.170
1920, 9, -0.207, , -0.160, -0.150, -0.170
1920, 10, -0.189, , -0.160, -0.150, -0.169
1920, 11, -0.186, , -0.160, -0.150, -0.169
1920, 12, -0.192, , -0.159, -0.150, -0.169
1921, 1, -0.105, , -0.159, -0.150, -0.169
1921, 2, -0.092, , -0.159, -0.149, -0.169
1921, 3, -0.100, , -0.159, -0.149, -0.168
1921, 4, -0.118, , -0.159, -0.149, -0.168
1921, 5, -0.071, , -0.159, -0.149, -0.168
1921, 6, -0.039, , -0.158, -0.149, -0.168
1921, 7, -0.142, , -0.158, -0.149, -0.168
1921, 8, -0.150, , -0.158, -0.149, -0.167
1921, 9, -0.240, , -0.158, -0.148, -0.167
1921, 10, -0.161, , -0.158, -0.148, -0.167
1921, 11, -0.240, , -0.157, -0.148, -0.167
1921, 12, -0.146, , -0.157, -0.148, -0.167
1922, 1, -0.178, , -0.157, -0.148, -0.167
1922, 2, -0.156, , -0.157, -0.148, -0.166
1922, 3, -0.167, , -0.157, -0.147, -0.166
1922, 4, -0.212, , -0.157, -0.147, -0.166
1922, 5, -0.169, , -0.156, -0.147, -0.166
1922, 6, -0.185, , -0.156, -0.147, -0.166
1922, 7, -0.219, , -0.156, -0.147, -0.165
1922, 8, -0.220, , -0.156, -0.147, -0.165
1922, 9, -0.121, , -0.156, -0.146, -0.165
1922, 10, -0.189, , -0.156, -0.146, -0.165
1922, 11, -0.195, , -0.155, -0.146, -0.165
1922, 12, -0.231, , -0.155, -0.146, -0.165
1923, 1, -0.194, , -0.155, -0.146, -0.164
1923, 2, -0.152, , -0.155, -0.146, -0.164
1923, 3, -0.207, , -0.155, -0.145, -0.164
1923, 4, -0.124, , -0.155, -0.145, -0.164
1923, 5, -0.114, , -0.154, -0.145, -0.164
1923, 6, -0.216, , -0.154, -0.145, -0.163
1923, 7, -0.130, , -0.154, -0.145, -0.163
1923, 8, -0.345, , -0.154, -0.145, -0.163
1923, 9, -0.301, , -0.154, -0.144, -0.163
1923, 10, -0.192, , -0.153, -0.144, -0.163
1923, 11, -0.158, , -0.153, -0.144, -0.163
1923, 12, -0.240, , -0.153, -0.144, -0.162
1924, 1, -0.227, , -0.153, -0.144, -0.162
1924, 2, -0.152, , -0.153, -0.144, -0.162
1924, 3, -0.182, , -0.153, -0.143, -0.162
1924, 4, -0.254, , -0.152, -0.143, -0.162
1924, 5, -0.297, , -0.152, -0.143, -0.161
1924, 6, -0.261, , -0.152, -0.143, -0.161
1924, 7, , , -0.152, -0.143, -0.161
1924, 8, , , -0.152, -0.143, -0.161
1924, 9, , , -0.152, -0.142, -0.161
1924, 10, , , -0.151, -0.142, -0.160
1924, 11, , , -0.151, -0.142, -0.160
1924, 12, , , -0.151, -0.142, -0.160
1925, 1, , , -0.151, -0.142, -0.160
1925, 2, , , -0.151, -0.142, -0.160
1925, 3, , , -0.151, -0.142, -0.160
1925, 4, , , -0.150, -0.141, -0.159
1925, 5, , , -0.150, -0.141, -0.159
1925, 6, , , -0.150, -0.141, -0.159
1925, 7, , , -0.150, -0.141, -0.159
1925, 8, , , -0.150, -0.141, -0.159
1925, 9, , , -0.149, -0.141, -0.158
1925, 10, , , -0.149, -0.140, -0.158
1925, 11, , , -0.149, -0.140, -0.158
1925, 12, , , -0.149, -0.140, -0.158
1926, 1, , , -0.149, -0.140, -0.158
1926, 2, , , -0.149, -0.140, -0.158
1926, 3, , , -0.148, -0.140, -0.157
1926, 4, , , -0.148, -0.139, -0.157
1926, 5, , , -0.148, -0.139, -0.157
1926, 6, , , -0.148, -0.139, -0.157
1926, 7, , , -0.148, -0.139, -0.157
1926, 8, , , -0.148, -0.139, -0.156
1926, 9, , , -0.147, -0.139, -0.156
1926, 10, , , -0.147, -0.138, -0.156
1926, 11, , , -0.147, -0.138, -0.156
1926, 12, , , -0.147, -0.138, -0.156
1927, 1, , , -0.147, -0.138, -0.156
1927, 2, , , -0.147, -0.138, -0.155
1927, 3, , , -0.146, -0.138, -0.155
1927, 4, , , -0.146, -0.137, -0.155
1927, 5, , , -0.146, -0.137, -0.155
1927, 6, , , -0.146, -0.137, -0.155
1927, 7, , , -0.146, -0.137, -0.154
1927, 8, , , -0.146, -0.137, -0.154
1927, 9, , , -0.145, -0.137, -0.154
1927, 10, , , -0.145, -0.136, -0.154
1927, 11, , , -0.145, -0.136, -0.154
1927, 12, , , -0.145, -0.136, -0.153
1928, 1, , , -0.145, -0.136, -0.153
1928, 2, , , -0.144, -0.136, -0.153
1928, 3, , , -0.144, -0.136, -0.153
1928, 4, , , -0.144, -0.135, -0.153
1928, 5, , , -0.144, -0.135, -0.153
1928, 6, , , -0.144, -0.135, -0.152
1928, 7, , , -0.144, -0.135, -0.152
1928, 8, , , -0.143, -0.135, -0.152
1928, 9, , , -0.143, -0.135, -0.152
1928, 10, , , -0.143, -0.135, -0.152
1928, 11, , , -0.143, -0.134, -0.151
1928, 12, , , -0.143, -0.134, -0.151
1929, 1, , , -0.143, -0.134, -0.151
1929, 2, , , -0.142, -0.134, -0.151
1929, 3, , , -0.142, -0.134, -0.151
1929, 4, , , -0.142, -0.134, -0.151
1929, 5, , , -0.142, -0.133, -0.150
1929, 6, , , -0.142, -0.133, -0.150
1929, 7, , , -0.142, -0.133, -0.150
1929, 8, , , -0.141, -0.133, -0.150
1929, 9, , , -0.141, -0.133, -0.150
1929, 10, , , -0.141, -0.133, -0.149
1929, 11, , , -0.141, -0.132, -0.149
1929, 12, , , -0.141, -0.132, -0.149
1930, 1, , , -0.140, -0.132, -0.149
1930, 2, , , -0.140, -0.132, -0.149
1930, 3, , , -0.140, -0.132, -0.149
1930, 4, , , -0.140, -0.132, -0.148
1930, 5, , , -0.140, -0.131, -0.148
1930, 6, , , -0.140, -0.131, -0.148
1930, 7, , , -0.139, -0.131, -0.148
1930, 8, , , -0.139, -0.131, -0.148
1930, 9, , , -0.139, -0.131, -0.147
1930, 10, , , -0.139, -0.131, -0.147
1930, 11, , , -0.139, -0.130, -0.147
1930, 12, , , -0.139, -0.130, -0.147
1931, 1, , , -0.138, -0.130, -0.147
1931, 2, , , -0.138, -0.130, -0.147
1931, 3, , , -0.138, -0.130, -0.146
1931, 4, , , -0.138, -0.130, -0.146
1931, 5, , , -0.138, -0.129, -0.146
1931, 6, , , -0.138, -0.129, -0.146
1931, 7, , , -0.137, -0.129, -0.146
1931, 8, , , -0.137, -0.129, -0.145
1931, 9, , , -0.137, -0.129, -0.145
1931, 10, , , -0.137, -0.129, -0.145
1931, 11, , , -0.137, -0.128, -0.145
1931, 12, , , -0.136, -0.128, -0.145
1932, 1, , , -0.136, -0.128, -0.144
1932, 2, , , -0.136, -0.128, -0.144
1932, 3, , , -0.136, -0.128, -0.144
1932, 4, , , -0.136, -0.128, -0.144
1932, 5, , , -0.136, -0.127, -0.144
1932, 6, , , -0.135, -0.127, -0.144
1932, 7, , , -0.135, -0.127, -0.143
1932, 8, , , -0.135, -0.127, -0.143
1932, 9, , , -0.135, -0.127, -0.143
1932, 10, , , -0.135, -0.127, -0.143
1932, 11, , , -0.135, -0.126, -0.143
1932, 12, , , -0.134, -0.126, -0.142
1933, 1, , , -0.134, -0.126, -0.142
1933, 2, , , -0.134, -0.126, -0.142
1933, 3, , , -0.134, -0.126, -0.142
1933, 4, , , -0.134, -0.126, -0.142
1933, 5, , , -0.134, -0.125, -0.142
1933, 6, , , -0.133, -0.125, -0.141
1933, 7, , , -0.133, -0.125, -0.141
1933, 8, , , -0.133, -0.125, -0.141
1933, 9, , , -0.133, -0.125, -0.141
1933, 10, , , -0.133, -0.125, -0.141
1933, 11, , , -0.132, -0.124, -0.140
1933, 12, , , -0.132, -0.124, -0.140
1934, 1, , , -0.132, -0.124, -0.140
1934, 2, , , -0.132, -0.124, -0.140
1934, 3, , , -0.132, -0.124, -0.140
1934, 4, , , -0.132, -0.124, -0.140
1934, 5, , , -0.131, -0.124, -0.139
1934, 6, , , -0.131, -0.123, -0.139
1934, 7, , , -0.131, -0.123, -0.139
1934, 8, , , -0.131, -0.123, -0.139
1934, 9, , , -0.131, -0.123, -0.139
1934, 10, , , -0.131, -0.123, -0.138
1934, 11, , , -0.130, -0.123, -0.138
1934, 12, , , -0.130, -0.122, -0.138
1935, 1, , , -0.130, -0.122, -0.138
1935, 2, , , -0.130, -0.122, -0.138
1935, 3, , , -0.130, -0.122, -0.138
1935, 4, , , -0.130, -0.122, -0.137
1935, 5, , , -0.129, -0.122, -0.137
1935, 6, , , -0.129, -0.121, -0.137
1935, 7, , , -0.129, -0.121, -0.137
1935, 8, , , -0.129, -0.121, -0.137
1935, 9, , , -0.129, -0.121, -0.136
1935, 10, , , -0.128, -0.121, -0.136
1935, 11, , , -0.128, -0.121, -0.136
1935, 12, , , -0.128, -0.120, -0.136
1936, 1, , , -0.128, -0.120, -0.136
1936, 2, , , -0.128, -0.120, -0.136
1936, 3, , , -0.128, -0.120, -0.135
1936, 4, , , -0.127, -0.120, -0.135
1936, 5, , , -0.127, -0.120, -0.135
1936, 6, , , -0.127, -0.119, -0.135
1936, 7, , , -0.127, -0.119, -0.135
1936, 8, , , -0.127, -0.119, -0.134
1936, 9, , , -0.127, -0.119, -0.134
1936, 10, , , -0.126, -0.119, -0.134
1936, 11, , , -0.126, -0.119, -0.134
1936, 12, , , -0.126, -0.118, -0.134
1937, 1, , , -0.126, -0.118, -0.134
1937, 2, , , -0.126, -0.118, -0.133
1937, 3, , , -0.126, -0.118, -0.133
1937, 4, , , -0.125, -0.118, -0.133
1937, 5, , , -0.125, -0.118, -0.133
1937, 6, , , -0.125, -0.117, -0.133
1937, 7, , , -0.125, -0.117, -0.132
1937, 8, , , -0.125, -0.117, -0.132
1937, 9, , , -0.124, -0.117, -0.132
1937, 10, , , -0.124, -0.117, -0.132
1937, 11, , , -0.124, -0.117, -0.132
1937, 12, , , -0.124, -0.116, -0.132
1938, 1, , , -0.124, -0.116, -0.131
1938, 2, , , -0.124, -0.116, -0.131
1938, 3, , , -0.123, -0.116, -0.131
1938, 4, , , -0.123, -0.116, -0.131
1938, 5, , , -0.123, -0.116, -0.131
1938, 6, , , -0.123, -0.115, -0.130
1938, 7, , , -0.123, -0.115, -0.130
1938, 8, , , -0.123, -0.115, -0.130
1938, 9, , , -0.122, -0.115, -0.130
1938, 10, , , -0.122, -0.115, -0.130
1938, 11, -0.024, , -0.122, -0.115, -0.130
1938, 12, -0.103, , -0.122, -0.114, -0.129
1939, 1, -0.181, , -0.122, -0.114, -0.129
1939, 2, -0.210, , -0.122, -0.114, -0.129
1939, 3, -0.140, , -0.121, -0.114, -0.129
1939, 4, -0.206, , -0.121, -0.114, -0.129
1939, 5, -0.111, , -0.121, -0.114, -0.128
1939, 6, -0.176, , -0.121, -0.113, -0.128
1939, 7, -0.091, , -0.121, -0.113, -0.128
1939, 8, -0.174, , -0.121, -0.113, -0.128
1939, 9, -0.094, , -0.120, -0.113, -0.128
1939, 10, -0.152, , -0.120, -0.113, -0.128
1939, 11, -0.106, , -0.120, -0.113, -0.127
1939, 12, -0.204, , -0.120, -0.112, -0.127
1940, 1, -0.215, , -0.120, -0.112, -0.127
1940, 2, -0.220, , -0.119, -0.112, -0.127
1940, 3, -0.149, , -0.119, -0.112, -0.127
1940, 4, -0.220, , -0.119, -0.112, -0.126
1940, 5, -0.187, , -0.119, -0.112, -0.126
1940, 6, -0.243, , -0.119, -0.111, -0.126
1940, 7, -0.121, , -0.119, -0.111, -0.126
1940, 8, -0.006, , -0.118, -0.111, -0.126
1940, 9, -0.054, , -0.118, -0.111, -0.126
1940, 10, -0.146, , -0.118, -0.111, -0.125
1940, 11, -0.167, , -0.118, -0.111, -0.125
1940, 12, -0.109, , -0.118, -0.110, -0.125
1941, 1, -0.029, , -0.118, -0.110, -0.125
1941, 2, -0.100, , -0.117, -0.110, -0.125
1941, 3, -0.204, , -0.117, -0.110, -0.124
1941, 4, -0.118, , -0.117, -0.110, -0.124
1941, 5, -0.224, , -0.117, -0.110, -0.124
1941, 6, -0.179, , -0.117, -0.109, -0.124
1941, 7, -0.203, , -0.117, -0.109, -0.124
1941, 8, -0.214, , -0.116, -0.109, -0.124
1941, 9, -0.155, , -0.116, -0.109, -0.123
1941, 10, -0.225, , -0.116, -0.109, -0.123
1941, 11, -0.137, , -0.116, -0.109, -0.123
1941, 12, -0.146, , -0.116, -0.108, -0.123
1942, 1, -0.117, , -0.115, -0.108, -0.123
1942, 2, -0.064, , -0.115, -0.108, -0.122
1942, 3, -0.243, , -0.115, -0.108, -0.122
1942, 4, -0.098, , -0.115, -0.108, -0.122
1942, 5, -0.132, , -0.115, -0.108, -0.122
1942, 6, -0.148, , -0.115, -0.107, -0.122
1942, 7, -0.161, , -0.114, -0.107, -0.122
1942, 8, -0.143, , -0.114, -0.107, -0.121
1942, 9, -0.188, , -0.114, -0.107, -0.121
1942, 10, -0.100, , -0.114, -0.107, -0.121
1942, 11, -0.152, , -0.114, -0.107, -0.121
1942, 12, -0.204, , -0.114, -0.106, -0.121
1943, 1, -0.178, , -0.113, -0.106, -0.121
1943, 2, -0.232, , -0.113, -0.106, -0.120
1943, 3, -0.088, , -0.113, -0.106, -0.120
1943, 4, -0.112, , -0.113, -0.106, -0.120
1943, 5, -0.123, , -0.113, -0.106, -0.120
1943, 6, -0.164, , -0.113, -0.105, -0.120
1943, 7, -0.158, , -0.112, -0.105, -0.119
1943, 8, -0.098, , -0.112, -0.105, -0.119
1943, 9, -0.085, , -0.112, -0.105, -0.119
1943, 10, -0.085, , -0.112, -0.105, -0.119
1943, 11, -0.158, , -0.112, -0.105, -0.119
1943, 12, -0.134, , -0.111, -0.104, -0.119
1944, 1, -0.041, , -0.111, -0.104, -0.118
1944, 2, -0.118, , -0.111, -0.104, -0.118
1944, 3, -0.066, , -0.111, -0.104, -0.118
1944, 4, -0.044, , -0.111, -0.104, -0.118
1944, 5, -0.038, , -0.111, -0.104, -0.118
1944, 6, -0.020, , -0.110, -0.103, -0.117
1944, 7, 0.050, , -0.110, -0.103, -0.117
1944, 8, -0.067, , -0.110, -0.103, -0.117
1944, 9, -0.134, , -0.110, -0.103, -0.117
1944, 10, -0.094, , -0.110, -0.103, -0.117
1944, 11, -0.058, , -0.110, -0.103, -0.117
1944, 12, -0.146, , -0.109, -0.102, -0.116
1945, 1, -0.105, , -0.109, -0.102, -0.116
1945, 2, -0.164, , -0.109, -0.102, -0.116
1945, 3, -0.170, , -0.109, -0.102, -0.116
1945, 4, -0.060, , -0.109, -0.102, -0.116
1945, 5, -0.172, , -0.109, -0.102, -0.115
1945, 6, -0.158, , -0.108, -0.101, -0.115
1945, 7, -0.091, , -0.108, -0.101, -0.115
1945, 8, -0.092, , -0.108, -0.101, -0.115
1945, 9, -0.179, , -0.108, -0.101, -0.115
1945, 10, -0.036, , -0.108, -0.101, -0.115
1945, 11, -0.088, , -0.107, -0.101, -0.114
1945, 12, -0.030, , -0.107, -0.100, -0.114
1946, 1, -0.081, , -0.107, -0.100, -0.114
1946, 2, -0.168, , -0.107, -0.100, -0.114
1946, 3, -0.063, , -0.107, -0.100, -0.114
1946, 4, -0.056, , -0.107, -0.100, -0.113
1946, 5, -0.129, , -0.106, -0.100, -0.113
1946, 6, -0.164, , -0.106, -0.099, -0.113
1946, 7, -0.106, , -0.106, -0.099, -0.113
1946, 8, -0.159, , -0.106, -0.099, -0.113
1946, 9, -0.054, , -0.106, -0.099, -0.113
1946, 10, 0.003, , -0.106, -0.099, -0.112
1946, 11, 0.043, , -0.105, -0.099, -0.112
1946, 12, -0.009, , -0.105, -0.098, -0.112
1947, 1, -0.062, , -0.105, -0.098, -0.112
1947, 2, -0.180, , -0.105, -0.098, -0.112
1947, 3, -0.152, , -0.105, -0.098, -0.112
1947, 4, -0.130, , -0.105, -0.098, -0.111
1947, 5, -0.166, , -0.104, -0.098, -0.111
1947, 6, -0.036, , -0.104, -0.097, -0.111
1947, 7, -0.088, , -0.104, -0.097, -0.111
1947, 8, -0.125, , -0.104, -0.097, -0.111
1947, 9, -0.033, , -0.104, -0.097, -0.110
1947, 10, -0.015, , -0.103, -0.097, -0.110
1947, 11, 0.107, , -0.103, -0.097, -0.110
1947, 12, 0.116, , -0.103, -0.096, -0.110
1948, 1, 0.035, , -0.103, -0.096, -0.110
1948, 2, 0.052, , -0.103, -0.096, -0.110
1948, 3, 0.040, , -0.103, -0.096, -0.109
1948, 4, 0.074, , -0.102, -0.096, -0.109
1948, 5, -0.038, , -0.102, -0.096, -0.109
1948, 6, -0.048, , -0.102, -0.095, -0.109
1948, 7, -0.084, , -0.102, -0.095, -0.109
1948, 8, -0.040, , -0.102, -0.095, -0.108
1948, 9, 0.052, , -0.102, -0.095, -0.108
1948, 10, 0.012, , -0.101, -0.095, -0.108
1948, 11, -0.061, , -0.101, -0.095, -0.108
1948, 12, -0.045, , -0.101, -0.094, -0.108
1949, 1, -0.114, , -0.101, -0.094, -0.108
1949, 2, -0.024, , -0.101, -0.094, -0.107
1949, 3, -0.085, , -0.101, -0.094, -0.107
1949, 4, -0.118, , -0.100, -0.094, -0.107
1949, 5, -0.041, , -0.100, -0.093, -0.107
1949, 6, -0.014, , -0.100, -0.093, -0.107
1949, 7, -0.017, , -0.100, -0.093, -0.107
1949, 8, -0.119, , -0.100, -0.093, -0.106
1949, 9, -0.060, , -0.099, -0.093, -0.106
1949, 10, -0.003, , -0.099, -0.093, -0.106
1949, 11, -0.189, , -0.099, -0.092, -0.106
1949, 12, -0.015, , -0.099, -0.092, -0.106
1950, 1, -0.120, , -0.099, -0.092, -0.105
1950, 2, -0.060, , -0.099, -0.092, -0.105
1950, 3, -0.112, , -0.098, -0.092, -0.105
1950, 4, -0.098, , -0.098, -0.092, -0.105
1950, 5, -0.108, , -0.098, -0.091, -0.105
1950, 6, -0.173, , -0.098, -0.091, -0.105
1950, 7, -0.234, , -0.098, -0.091, -0.104
1950, 8, -0.043, , -0.098, -0.091, -0.104
1950, 9, -0.060, , -0.097, -0.091, -0.104
1950, 10, -0.046, , -0.097, -0.091, -0.104
1950, 11, -0.240, , -0.097, -0.090, -0.104
1950, 12, -0.122, , -0.097, -0.090, -0.104
1951, 1, -0.127, , -0.097, -0.090, -0.103
1951, 2, -0.110, , -0.097, -0.090, -0.103
1951, 3, -0.069, , -0.096, -0.090, -0.103
1951, 4, -0.130, , -0.096, -0.090, -0.103
1951, 5, -0.114, , -0.096, -0.089, -0.103
1951, 6, -0.109, , -0.096, -0.089, -0.102
1951, 7, -0.155, , -0.096, -0.089, -0.102
1951, 8, -0.122, , -0.096, -0.089, -0.102
1951, 9, -0.176, , -0.095, -0.089, -0.102
1951, 10, 0.031, , -0.095, -0.089, -0.102
1951, 11, -0.079, , -0.095, -0.088, -0.102
1951, 12, -0.070, , -0.095, -0.088, -0.101
1952, 1, -0.087, , -0.095, -0.088, -0.101
1952, 2, -0.048, , -0.094, -0.088, -0.101
1952, 3, -0.063, , -0.094, -0.088, -0.101
1952, 4, -0.132, , -0.094, -0.088, -0.101
1952, 5, -0.099, , -0.094, -0.087, -0.101
1952, 6, -0.206, , -0.094, -0.087, -0.100
1952, 7, -0.066, , -0.094, -0.087, -0.100
1952, 8, -0.113, , -0.093, -0.087, -0.100
1952, 9, -0.024, , -0.093, -0.087, -0.100
1952, 10, -0.064, , -0.093, -0.087, -0.100
1952, 11, -0.170, , -0.093, -0.086, -0.099
1952, 12, -0.064, , -0.093, -0.086, -0.099
1953, 1, -0.191, , -0.093, -0.086, -0.099
1953, 2, -0.202, , -0.092, -0.086, -0.099
1953, 3, -0.146, , -0.092, -0.086, -0.099
1953, 4, -0.154, , -0.092, -0.085, -0.099
1953, 5, -0.227, , -0.092, -0.085, -0.098
1953, 6, -0.084, , -0.092, -0.085, -0.098
1953, 7, -0.045, , -0.092, -0.085, -0.098
1953, 8, -0.034, , -0.091, -0.085, -0.098
1953, 9, -0.021, , -0.091, -0.085, -0.098
1953, 10, -0.006, , -0.091, -0.084, -0.098
1953, 11, -0.055, , -0.091, -0.084, -0.097
1953, 12, -0.085, , -0.091, -0.084, -0.097
1954, 1, -0.072, , -0.090, -0.084, -0.097
1954, 2, -0.064, , -0.090, -0.084, -0.097
1954, 3, -0.152, , -0.090, -0.084, -0.097
1954, 4, -0.022, , -0.090, -0.083, -0.096
1954, 5, -0.029, , -0.090, -0.083, -0.096
1954, 6, -0.002, , -0.090, -0.083, -0.096
1954, 7, -0.048, , -0.089, -0.083, -0.096
1954, 8, -0.131, , -0.089, -0.083, -0.096
1954, 9, -0.164, , -0.089, -0.083, -0.096
1954, 10, -0.164, , -0.089, -0.082, -0.095
1954, 11, -0.149, , -0.089, -0.082, -0.095
1954, 12, -0.201, , -0.089, -0.082, -0.095
1955, 1, -0.059, , -0.088, -0.082, -0.095
1955, 2, -0.076, , -0.088, -0.082, -0.095
1955, 3, -0.167, , -0.088, -0.082, -0.095
1955, 4, -0.102, , -0.088, -0.081, -0.094
1955, 5, -0.038, , -0.088, -0.081, -0.094
1955, 6, -0.057, , -0.088, -0.081, -0.094
1955, 7, -0.060, , -0.087, -0.081, -0.094
1955, 8, 0.027, , -0.087, -0.081, -0.094
1955, 9, -0.085, , -0.087, -0.081, -0.093
1955, 10, -0.094, , -0.087, -0.080, -0.093
1955, 11, -0.201, , -0.087, -0.080, -0.093
1955, 12, -0.073, , -0.086, -0.080, -0.093
1956, 1, -0.029, , -0.086, -0.080, -0.093
1956, 2, -0.152, , -0.086, -0.080, -0.093
1956, 3, -0.158, , -0.086, -0.079, -0.092
1956, 4, -0.162, , -0.086, -0.079, -0.092
1956, 5, -0.096, , -0.086, -0.079, -0.092
1956, 6, -0.136, , -0.085, -0.079, -0.092
1956, 7, -0.240, , -0.085, -0.079, -0.092
1956, 8, -0.116, , -0.085, -0.079, -0.092
1956, 9, -0.143, , -0.085, -0.078, -0.091
1956, 10, -0.009, , -0.085, -0.078, -0.091
1956, 11, -0.064, , -0.085, -0.078, -0.091
1956, 12, -0.213, , -0.084, -0.078, -0.091
1957, 1, -0.163, , -0.084, -0.078, -0.091
1957, 2, -0.030, , -0.084, -0.078, -0.090
1957, 3, -0.018, , -0.084, -0.077, -0.090
1957, 4, -0.130, , -0.084, -0.077, -0.090
1957, 5, -0.053, , -0.084, -0.077, -0.090
1957, 6, -0.081, , -0.083, -0.077, -0.090
1957, 7, 0.016, , -0.083, -0.077, -0.090
1957, 8, 0.082, , -0.083, -0.077, -0.089
1957, 9, -0.118, , -0.083, -0.076, -0.089
1957, 10, 0.025, , -0.083, -0.076, -0.089
1957, 11, -0.024, , -0.082, -0.076, -0.089
1957, 12, -0.112, , -0.082, -0.076, -0.089
1958, 1, -0.023, , -0.082, -0.076, -0.089
1958, 2, -0.292, , -0.082, -0.076, -0.088
1958, 3, -0.039, , -0.082, -0.075, -0.088
1958, 4, -0.004, , -0.082, -0.075, -0.088
1958, 5, -0.147, , -0.081, -0.075, -0.088
1958, 6, -0.109, , -0.081, -0.075, -0.088
1958, 7, -0.142, , -0.081, -0.075, -0.088
1958, 8, -0.140, , -0.081, -0.074, -0.087
1958, 9, -0.134, , -0.081, -0.074, -0.087
1958, 10, -0.003, , -0.081, -0.074, -0.087
1958, 11, -0.137, , -0.080, -0.074, -0.087
1958, 12, -0.045, , -0.080, -0.074, -0.087
1959, 1, -0.075, , -0.080, -0.074, -0.086
1959, 2, -0.094, , -0.080, -0.073, -0.086
1959, 3, -0.112, , -0.080, -0.073, -0.086
1959, 4, -0.120, , -0.080, -0.073, -0.086
1959, 5, -0.141, , -0.079, -0.073, -0.086
1959, 6, -0.033, , -0.079, -0.073, -0.086
1959, 7, -0.030, , -0.079, -0.073, -0.085
1959, 8, -0.140, , -0.079, -0.072, -0.085
1959, 9, -0.100, , -0.079, -0.072, -0.085
1959, 10, -0.134, , -0.078, -0.072, -0.085
1959, 11, 0.009, , -0.078, -0.072, -0.085
1959, 12, -0.006, , -0.078, -0.072, -0.085
1960, 1, 0.020, , -0.078, -0.072, -0.084
1960, 2, -0.074, , -0.078, -0.071, -0.084
1960, 3, -0.018, , -0.078, -0.071, -0.084
1960, 4, -0.068, , -0.077, -0.071, -0.084
1960, 5, -0.062, , -0.077, -0.071, -0.084
1960, 6, -0.002, , -0.077, -0.071, -0.084
1960, 7, 0.007, , -0.077, -0.070, -0.083
1960, 8, -0.015, , -0.077, -0.070, -0.083
1960, 9, 0.025, , -0.077, -0.070, -0.083
1960, 10, -0.076, , -0.076, -0.070, -0.083
1960, 11, -0.112, , -0.076, -0.070, -0.083
1960, 12, -0.051, , -0.076, -0.070, -0.082
1961, 1, -0.081, , -0.076, -0.069, -0.082
1961, 2, -0.116, , -0.076, -0.069, -0.082
1961, 3, -0.057, , -0.076, -0.069, -0.082
1961, 4, -0.162, , -0.075, -0.069, -0.082
1961, 5, -0.089, , -0.075, -0.069, -0.082
1961, 6, -0.188, , -0.075, -0.069, -0.081
1961, 7, -0.152, , -0.075, -0.068, -0.081
1961, 8, -0.104, , -0.075, -0.068, -0.081
1961, 9, -0.088, , -0.074, -0.068, -0.081
1961, 10, -0.103, , -0.074, -0.068, -0.081
1961, 11, -0.055, , -0.074, -0.068, -0.081
1961, 12, -0.140, , -0.074, -0.068, -0.080
1962, 1, -0.200, , -0.074, -0.067, -0.080
1962, 2, -0.040, , -0.074, -0.067, -0.080
1962, 3, 0.068, , -0.073, -0.067, -0.080
1962, 4, -0.144, , -0.073, -0.067, -0.080
1962, 5, -0.035, , -0.073, -0.067, -0.080
1962, 6, -0.014, , -0.073, -0.066, -0.079
1962, 7, -0.005, , -0.073, -0.066, -0.079
1962, 8, -0.019, , -0.073, -0.066, -0.079
1962, 9, -0.067, , -0.072, -0.066, -0.079
1962, 10, -0.100, , -0.072, -0.066, -0.079
1962, 11, -0.064, , -0.072, -0.066, -0.079
1962, 12, -0.070, , -0.072, -0.065, -0.078
1963, 1, -0.032, , -0.072, -0.065, -0.078
1963, 2, -0.052, , -0.072, -0.065, -0.078
1963, 3, -0.204, , -0.071, -0.065, -0.078
1963, 4, -0.132, , -0.071, -0.065, -0.078
1963, 5, -0.077, , -0.071, -0.065, -0.077
1963, 6, -0.164, , -0.071, -0.064, -0.077
1963, 7, -0.136, , -0.071, -0.064, -0.077
1963, 8, -0.143, , -0.071, -0.064, -0.077
1963, 9, 0.043, , -0.070, -0.064, -0.077
1963, 10, -0.033, , -0.070, -0.064, -0.077
1963, 11, -0.161, , -0.070, -0.064, -0.076
1963, 12, -0.146, , -0.070, -0.063, -0.076
1964, 1, -0.184, , -0.070, -0.063, -0.076
1964, 2, -0.210, , -0.069, -0.063, -0.076
1964, 3, -0.146, , -0.069, -0.063, -0.076
1964, 4, -0.166, , -0.069, -0.063, -0.076
1964, 5, -0.022, , -0.069, -0.062, -0.075
1964, 6, -0.078, , -0.069, -0.062, -0.075
1964, 7, -0.185, , -0.069, -0.062, -0.075
1964, 8, -0.104, , -0.068, -0.062, -0.075
1964, 9, 0.019, , -0.068, -0.062, -0.075
1964, 10, -0.079, , -0.068, -0.062, -0.075
1964, 11, -0.094, , -0.068, -0.061, -0.074
1964, 12, -0.091, , -0.068, -0.061, -0.074
1965, 1, -0.078, , -0.068, -0.061, -0.074
1965, 2, -0.066, , -0.067, -0.061, -0.074
1965, 3, -0.115, , -0.067, -0.061, -0.074
1965, 4, -0.016, , -0.067, -0.061, -0.074
1965, 5, -0.221, , -0.067, -0.060, -0.073
1965, 6, -0.173, , -0.067, -0.060, -0.073
1965, 7, -0.112, , -0.067, -0.060, -0.073
1965, 8, -0.204, , -0.066, -0.060, -0.073
1965, 9, -0.045, , -0.066, -0.060, -0.073
1965, 10, -0.140, , -0.066, -0.059, -0.073
1965, 11, -0.070, , -0.066, -0.059, -0.072
1965, 12, -0.045, , -0.066, -0.059, -0.072
1966, 1, 0.002, , -0.065, -0.059, -0.072
1966, 2, -0.106, , -0.065, -0.059, -0.072
1966, 3, -0.057, , -0.065, -0.059, -0.072
1966, 4, -0.124, , -0.065, -0.058, -0.071
1966, 5, -0.029, , -0.065, -0.058, -0.071
1966, 6, 0.016, , -0.065, -0.058, -0.071
1966, 7, -0.017, , -0.064, -0.058, -0.071
1966, 8, -0.113, , -0.064, -0.058, -0.071
1966, 9, -0.161, , -0.064, -0.058, -0.071
1966, 10, -0.177, , -0.064, -0.057, -0.070
1966, 11, -0.116, , -0.064, -0.057, -0.070
1966, 12, -0.054, , -0.064, -0.057, -0.070
1967, 1, -0.062, , -0.063, -0.057, -0.070
1967, 2, -0.098, , -0.063, -0.057, -0.070
1967, 3, -0.106, , -0.063, -0.056, -0.070
1967, 4, -0.028, , -0.063, -0.056, -0.069
1967, 5, -0.077, , -0.063, -0.056, -0.069
1967, 6, 0.095, , -0.063, -0.056, -0.069
1967, 7, -0.155, , -0.062, -0.056, -0.069
1967, 8, -0.095, , -0.062, -0.056, -0.069
1967, 9, 0.025, , -0.062, -0.055, -0.069
1967, 10, -0.161, , -0.062, -0.055, -0.068
1967, 11, -0.122, , -0.062, -0.055, -0.068
1967, 12, -0.064, , -0.061, -0.055, -0.068
1968, 1, 0.005, , -0.061, -0.055, -0.068
1968, 2, 0.000, , -0.061, -0.055, -0.068
1968, 3, -0.188, , -0.061, -0.054, -0.068
1968, 4, -0.084, , -0.061, -0.054, -0.067
1968, 5, -0.153, , -0.061, -0.054, -0.067
1968, 6, -0.088, , -0.060, -0.054, -0.067
1968, 7, -0.103, , -0.060, -0.054, -0.067
1968, 8, -0.052, , -0.060, -0.053, -0.067
1968, 9, -0.033, , -0.060, -0.053, -0.067
1968, 10, -0.097, , -0.060, -0.053, -0.066
1968, 11, -0.198, , -0.060, -0.053, -0.066
1968, 12, -0.158, , -0.059, -0.053, -0.066
1969, 1, -0.072, , -0.059, -0.053, -0.066
1969, 2, 0.012, , -0.059, -0.052, -0.066
1969, 3, -0.088, , -0.059, -0.052, -0.066
1969, 4, -0.120, , -0.059, -0.052, -0.065
1969, 5, -0.080, , -0.059, -0.052, -0.065
1969, 6, -0.051, , -0.058, -0.052, -0.065
1969, 7, -0.081, , -0.058, -0.051, -0.065
1969, 8, -0.015, , -0.058, -0.051, -0.065
1969, 9, 0.025, , -0.058, -0.051, -0.065
1969, 10, 0.037, , -0.058, -0.051, -0.064
1969, 11, -0.064, , -0.057, -0.051, -0.064
1969, 12, -0.118, , -0.057, -0.051, -0.064
1970, 1, -0.093, , -0.057, -0.050, -0.064
1970, 2, -0.162, , -0.057, -0.050, -0.064
1970, 3, -0.100, , -0.057, -0.050, -0.064
1970, 4, -0.044, , -0.057, -0.050, -0.063
1970, 5, -0.105, , -0.056, -0.050, -0.063
1970, 6, -0.048, , -0.056, -0.050, -0.063
1970, 7, -0.091, , -0.056, -0.049, -0.063
1970, 8, -0.104, , -0.056, -0.049, -0.063
1970, 9, -0.152, , -0.056, -0.049, -0.062
1970, 10, -0.015, , -0.056, -0.049, -0.062
1970, 11, -0.122, , -0.055, -0.049, -0.062
1970, 12, -0.021, , -0.055, -0.048, -0.062
1971, 1, -0.099, , -0.055, -0.048, -0.062
1971, 2, -0.198, , -0.055, -0.048, -0.062
1971, 3, -0.136, , -0.055, -0.048, -0.061
1971, 4, -0.112, , -0.055, -0.048, -0.061
1971, 5, -0.120, , -0.054, -0.048, -0.061
1971, 6, -0.109, , -0.054, -0.047, -0.061
1971, 7, -0.091, , -0.054, -0.047, -0.061
1971, 8, -0.037, , -0.054, -0.047, -0.061
1971, 9, -0.045, , -0.054, -0.047, -0.060
1971, 10, -0.012, , -0.053, -0.047, -0.060
1971, 11, 0.080, , -0.053, -0.047, -0.060
1971, 12, 0.070, , -0.053, -0.046, -0.060
1972, 1, 0.059, , -0.053, -0.046, -0.060
1972, 2, 0.004, , -0.053, -0.046, -0.060
1972, 3, -0.069, , -0.053, -0.046, -0.059
1972, 4, -0.038, , -0.052, -0.046, -0.059
1972, 5, 0.109, , -0.052, -0.045, -0.059
1972, 6, 0.065, , -0.052, -0.045, -0.059
1972, 7, -0.020, , -0.052, -0.045, -0.059
1972, 8, -0.012, , -0.052, -0.045, -0.059
1972, 9, -0.060, , -0.052, -0.045, -0.058
1972, 10, -0.015, , -0.051, -0.045, -0.058
1972, 11, 0.046, , -0.051, -0.044, -0.058
1972, 12, -0.033, , -0.051, -0.044, -0.058
1973, 1, 0.081, , -0.051, -0.044, -0.058
1973, 2, 0.122, , -0.051, -0.044, -0.058
1973, 3, 0.080, , -0.051, -0.044, -0.057
1973, 4, -0.004, , -0.050, -0.043, -0.057
1973, 5, -0.102, , -0.050, -0.043, -0.057
1973, 6, -0.106, , -0.050, -0.043, -0.057
1973, 7, 0.001, , -0.050, -0.043, -0.057
1973, 8, -0.006, , -0.050, -0.043, -0.057
1973, 9, -0.033, , -0.049, -0.043, -0.056
1973, 10, 0.058, , -0.049, -0.042, -0.056
1973, 11, -0.024, , -0.049, -0.042, -0.056
1973, 12, -0.091, , -0.049, -0.042, -0.056
1974, 1, -0.041, , -0.049, -0.042, -0.056
1974, 2, -0.018, , -0.049, -0.042, -0.056
1974, 3, -0.066, , -0.048, -0.041, -0.055
1974, 4, -0.090, , -0.048, -0.041, -0.055
1974, 5, -0.041, , -0.048, -0.041, -0.055
1974, 6, 0.028, , -0.048, -0.041, -0.055
1974, 7, 0.050, , -0.048, -0.041, -0.055
1974, 8, 0.033, , -0.048, -0.041, -0.055
1974, 9, -0.003, , -0.047, -0.040, -0.054
1974, 10, -0.006, , -0.047, -0.040, -0.054
1974, 11, -0.064, , -0.047, -0.040, -0.054
1974, 12, -0.085, , -0.047, -0.040, -0.054
1975, 1, -0.084, , -0.047, -0.040, -0.054
1975, 2, 0.054, , -0.047, -0.040, -0.054
1975, 3, -0.033, , -0.046, -0.039, -0.053
1975, 4, 0.004, , -0.046, -0.039, -0.053
1975, 5, 0.057, , -0.046, -0.039, -0.053
1975, 6, 0.065, , -0.046, -0.039, -0.053
1975, 7, 0.019, , -0.046, -0.039, -0.053
1975, 8, -0.037, , -0.046, -0.038, -0.053
1975, 9, -0.076, , -0.045, -0.038, -0.052
1975, 10, -0.042, , -0.045, -0.038, -0.052
1975, 11, -0.070, , -0.045, -0.038, -0.052
1975, 12, -0.003, , -0.045, -0.038, -0.052
1976, 1, -0.127, , -0.045, -0.038, -0.052
1976, 2, -0.214, , -0.044, -0.037, -0.052
1976, 3, -0.085, , -0.044, -0.037, -0.051
1976, 4, -0.034, , -0.044, -0.037, -0.051
1976, 5, -0.086, , -0.044, -0.037, -0.051
1976, 6, 0.010, , -0.044, -0.037, -0.051
1976, 7, -0.066, , -0.044, -0.036, -0.051
1976, 8, 0.006, , -0.043, -0.036, -0.051
1976, 9, -0.118, , -0.043, -0.036, -0.050
1976, 10, -0.146, , -0.043, -0.036, -0.050
1976, 11, -0.149, , -0.043, -0.036, -0.050
1976, 12, -0.054, , -0.043, -0.036, -0.050
1977, 1, -0.136, , -0.043, -0.035, -0.050
1977, 2, -0.156, , -0.042, -0.035, -0.050
1977, 3, -0.024, , -0.042, -0.035, -0.049
1977, 4, -0.118, , -0.042, -0.035, -0.049
1977, 5, -0.007, , -0.042, -0.035, -0.049
1977, 6, -0.024, , -0.042, -0.034, -0.049
1977, 7, -0.078, , -0.042, -0.034, -0.049
1977, 8, -0.034, , -0.041, -0.034, -0.049
1977, 9, -0.134, , -0.041, -0.034, -0.048
1977, 10, -0.195, , -0.041, -0.034, -0.048
1977, 11, -0.015, , -0.041, -0.034, -0.048
1977, 12, -0.051, , -0.041, -0.033, -0.048
1978, 1, -0.166, , -0.040, -0.033, -0.048
1978, 2, -0.024, , -0.040, -0.033, -0.048
1978, 3, -0.033, , -0.040, -0.033, -0.047
1978, 4, -0.066, , -0.040, -0.033, -0.047
1978, 5, -0.099, , -0.040, -0.032, -0.047
1978, 6, -0.075, , -0.040, -0.032, -0.047
1978, 7, -0.051, , -0.039, -0.032, -0.047
1978, 8, -0.089, , -0.039, -0.032, -0.047
1978, 9, -0.039, , -0.039, -0.032, -0.046
1978, 10, -0.024, , -0.039, -0.032, -0.046
1978, 11, 0.064, , -0.039, -0.031, -0.046
1978, 12, -0.097, , -0.039, -0.031, -0.046
1979, 1, -0.197, , -0.038, -0.031, -0.046
1979, 2, -0.092, , -0.038, -0.031, -0.046
1979, 3, -0.133, , -0.038, -0.031, -0.045
1979, 4, -0.098, , -0.038, -0.030, -0.045
1979, 5, -0.126, , -0.038, -0.030, -0.045
1979, 6, 0.013, , -0.038, -0.030, -0.045
1979, 7, 0.007, , -0.037, -0.030, -0.045
1979, 8, -0.076, , -0.037, -0.030, -0.045
1979, 9, -0.097, , -0.037, -0.030, -0.044
1979, 10, -0.183, , -0.037, -0.029, -0.044
1979, 11, -0.116, , -0.037, -0.029, -0.044
1979, 12, 0.000, , -0.036, -0.029, -0.044
1980, 1, 0.069, , -0.036, -0.029, -0.044
1980, 2, 0.030, , -0.036, -0.029, -0.044
1980, 3, -0.057, , -0.036, -0.029, -0.043
1980, 4, -0.048, , -0.036, -0.028, -0.043
1980, 5, -0.022, , -0.036, -0.028, -0.043
1980, 6, -0.048, , -0.035, -0.028, -0.043
1980, 7, -0.078, , -0.035, -0.028, -0.043
1980, 8, -0.143, , -0.035, -0.028, -0.043
1980, 9, -0.152, , -0.035, -0.027, -0.042
1980, 10, -0.210, , -0.035, -0.027, -0.042
1980, 11, -0.119, , -0.035, -0.027, -0.042
1980, 12, -0.021, , -0.034, -0.027, -0.042
1981, 1, -0.093, , -0.034, -0.027, -0.042
1981, 2, -0.082, , -0.034, -0.027, -0.042
1981, 3, -0.103, , -0.034, -0.026, -0.041
1981, 4, -0.118, , -0.034, -0.026, -0.041
1981, 5, -0.053, , -0.034, -0.026, -0.041
1981, 6, -0.197, , -0.033, -0.026, -0.041
1981, 7, -0.039, , -0.033, -0.026, -0.041
1981, 8, -0.022, , -0.033, -0.025, -0.041
1981, 9, -0.131, , -0.033, -0.025, -0.040
1981, 10, -0.164, , -0.033, -0.025, -0.040
1981, 11, -0.012, , -0.032, -0.025, -0.040
1981, 12, -0.125, , -0.032, -0.025, -0.040
1982, 1, -0.184, , -0.032, -0.025, -0.040
1982, 2, -0.092, , -0.032, -0.024, -0.040
1982, 3, -0.005, , -0.032, -0.024, -0.039
1982, 4, -0.078, , -0.032, -0.024, -0.039
1982, 5, -0.102, , -0.031, -0.024, -0.039
1982, 6, -0.045, , -0.031, -0.024, -0.039
1982, 7, -0.060, , -0.031, -0.023, -0.039
1982, 8, -0.079, , -0.031, -0.023, -0.039
1982, 9, -0.094, , -0.031, -0.023, -0.038
1982, 10, -0.033, , -0.031, -0.023, -0.038
1982, 11, 0.040, , -0.030, -0.023, -0.038
1982, 12, 0.061, , -0.030, -0.023, -0.038
1983, 1, 0.163, , -0.030, -0.022, -0.038
1983, 2, 0.112, , -0.030, -0.022, -0.038
1983, 3, 0.074, , -0.030, -0.022, -0.037
1983, 4, -0.008, , -0.030, -0.022, -0.037
1983, 5, -0.096, , -0.029, -0.022, -0.037
1983, 6, 0.044, , -0.029, -0.021, -0.037
1983, 7, 0.044, , -0.029, -0.021, -0.037
1983, 8, -0.046, , -0.029, -0.021, -0.037
1983, 9, -0.051, , -0.029, -0.021, -0.036
1983, 10, -0.012, , -0.028, -0.021, -0.036
1983, 11, -0.033, , -0.028, -0.021, -0.036
1983, 12, -0.058, , -0.028, -0.020, -0.036
1984, 1, 0.096, , -0.028, -0.020, -0.036
1984, 2, -0.092, , -0.028, -0.020, -0.036
1984, 3, -0.045, , -0.028, -0.020, -0.035
1984, 4, -0.002, , -0.027, -0.020, -0.035
1984, 5, -0.126, , -0.027, -0.019, -0.035
1984, 6, -0.060, , -0.027, -0.019, -0.035
1984, 7, -0.109, , -0.027, -0.019, -0.035
1984, 8, -0.092, , -0.027, -0.019, -0.035
1984, 9, -0.009, , -0.027, -0.019, -0.034
1984, 10, -0.015, , -0.026, -0.018, -0.034
1984, 11, 0.095, , -0.026, -0.018, -0.034
1984, 12, 0.034, , -0.026, -0.018, -0.034
1985, 1, -0.044, , -0.026, -0.018, -0.034
1985, 2, -0.088, , -0.026, -0.018, -0.034
1985, 3, -0.015, , -0.026, -0.018, -0.033
1985, 4, -0.080, , -0.025, -0.017, -0.033
1985, 5, 0.011, , -0.025, -0.017, -0.033
1985, 6, -0.094, , -0.025, -0.017, -0.033
1985, 7, 0.013, , -0.025, -0.017, -0.033
1985, 8, 0.100, , -0.025, -0.017, -0.033
1985, 9, 0.065, , -0.024, -0.016, -0.033
1985, 10, 0.095, , -0.024, -0.016, -0.032
1985, 11, -0.036, , -0.024, -0.016, -0.032
1985, 12, -0.085, , -0.024, -0.016, -0.032
1986, 1, 0.002, , -0.024, -0.016, -0.032
1986, 2, 0.006, , -0.024, -0.016, -0.032
1986, 3, -0.045, , -0.023, -0.015, -0.032
1986, 4, 0.050, , -0.023, -0.015, -0.031
1986, 5, 0.042, , -0.023, -0.015, -0.031
1986, 6, 0.065, , -0.023, -0.015, -0.031
1986, 7, -0.030, , -0.023, -0.015, -0.031
1986, 8, -0.055, , -0.023, -0.014, -0.031
1986, 9, -0.073, , -0.022, -0.014, -0.031
1986, 10, -0.113, , -0.022, -0.014, -0.030
1986, 11, 0.019, , -0.022, -0.014, -0.030
1986, 12, 0.147, , -0.022, -0.014, -0.030
1987, 1, 0.056, , -0.022, -0.014, -0.030
1987, 2, 0.146, , -0.022, -0.013, -0.030
1987, 3, 0.159, , -0.021, -0.013, -0.030
1987, 4, -0.050, , -0.021, -0.013, -0.029
1987, 5, -0.007, , -0.021, -0.013, -0.029
1987, 6, -0.121, , -0.021, -0.013, -0.029
1987, 7, -0.005, , -0.021, -0.012, -0.029
1987, 8, -0.046, , -0.021, -0.012, -0.029
1987, 9, -0.155, , -0.020, -0.012, -0.029
1987, 10, -0.067, , -0.020, -0.012, -0.028
1987, 11, -0.009, , -0.020, -0.012, -0.028
1987, 12, -0.115, , -0.020, -0.012, -0.028
1988, 1, -0.011, , -0.020, -0.011, -0.028
1988, 2, -0.016, , -0.019, -0.011, -0.028
1988, 3, -0.069, , -0.019, -0.011, -0.028
1988, 4, -0.020, , -0.019, -0.011, -0.027
1988, 5, -0.053, , -0.019, -0.011, -0.027
1988, 6, 0.013, , -0.019, -0.010, -0.027
1988, 7, -0.048, , -0.019, -0.010, -0.027
1988, 8, -0.064, , -0.018, -0.010, -0.027
1988, 9, -0.064, , -0.018, -0.010, -0.027
1988, 10, -0.018, , -0.018, -0.010, -0.026
1988, 11, -0.097, , -0.018, -0.010, -0.026
1988, 12, -0.030, , -0.018, -0.009, -0.026
1989, 1, 0.044, , -0.018, -0.009, -0.026
1989, 2, -0.028, , -0.017, -0.009, -0.026
1989, 3, 0.062, , -0.017, -0.009, -0.026
1989, 4, -0.062, , -0.017, -0.009, -0.025
1989, 5, -0.096, , -0.017, -0.008, -0.025
1989, 6, -0.170, , -0.017, -0.008, -0.025
1989, 7, -0.063, , -0.017, -0.008, -0.025
1989, 8, -0.009, , -0.016, -0.008, -0.025
1989, 9, -0.015, , -0.016, -0.008, -0.025
1989, 10, -0.085, , -0.016, -0.008, -0.024
1989, 11, -0.149, , -0.016, -0.007, -0.024
1989, 12, -0.164, , -0.016, -0.007, -0.024
1990, 1, -0.166, , -0.015, -0.007, -0.024
1990, 2, -0.060, , -0.015, -0.007, -0.024
1990, 3, 0.077, , -0.015, -0.007, -0.024
1990, 4, -0.016, , -0.015, -0.006, -0.023
1990, 5, -0.053, , -0.015, -0.006, -0.023
1990, 6, 0.007, , -0.015, -0.006, -0.023
1990, 7, 0.037, , -0.014, -0.006, -0.023
1990, 8, 0.039, , -0.014, -0.006, -0.023
1990, 9, -0.033, , -0.014, -0.005, -0.023
1990, 10, -0.085, , -0.014, -0.005, -0.023
1990, 11, 0.003, , -0.014, -0.005, -0.022
1990, 12, 0.013, , -0.014, -0.005, -0.022
1991, 1, 0.154, , -0.013, -0.005, -0.022
1991, 2, 0.000, , -0.013, -0.005, -0.022
1991, 3, 0.056, , -0.013, -0.004, -0.022
1991, 4, 0.038, , -0.013, -0.004, -0.022
1991, 5, 0.069, , -0.013, -0.004, -0.021
1991, 6, 0.135, , -0.013, -0.004, -0.021
1991, 7, 0.080, , -0.012, -0.004, -0.021
1991, 8, 0.033, , -0.012, -0.003, -0.021
1991, 9, 0.104, , -0.012, -0.003, -0.021
1991, 10, 0.070, , -0.012, -0.003, -0.021
1991, 11, -0.027, , -0.012, -0.003, -0.020
1991, 12, -0.036, , -0.011, -0.003, -0.020
1992, 1, 0.139, , -0.011, -0.003, -0.020
1992, 2, 0.070, , -0.011, -0.002, -0.020
1992, 3, -0.060, , -0.011, -0.002, -0.020
1992, 4, 0.038, , -0.011, -0.002, -0.020
1992, 5, 0.087, , -0.011, -0.002, -0.019
1992, 6, 0.120, , -0.010, -0.002, -0.019
1992, 7, -0.020, , -0.010, -0.001, -0.019
1992, 8, -0.022, , -0.010, -0.001, -0.019
1992, 9, 0.022, , -0.010, -0.001, -0.019
1992, 10, 0.055, , -0.010, -0.001, -0.019
1992, 11, 0.046, , -0.010, -0.001, -0.018
1992, 12, -0.003, , -0.009, -0.001, -0.018
1993, 1, 0.184, , -0.009, -0.000, -0.018
1993, 2, 0.150, , -0.009, -0.000, -0.018
1993, 3, -0.051, , -0.009, 0.000, -0.018
1993, 4, 0.004, , -0.009, 0.000, -0.018
1993, 5, -0.025, , -0.009, 0.000, -0.017
1993, 6, -0.030, , -0.008, 0.001, -0.017
1993, 7, -0.027, , -0.008, 0.001, -0.017
1993, 8, 0.009, , -0.008, 0.001, -0.017
1993, 9, -0.124, , -0.008, 0.001, -0.017
1993, 10, -0.021, , -0.008, 0.001, -0.017
1993, 11, 0.019, , -0.007, 0.001, -0.016
1993, 12, 0.003, , -0.007, 0.002, -0.016
1994, 1, -0.069, , -0.007, 0.002, -0.016
1994, 2, 0.052, , -0.007, 0.002, -0.016
1994, 3, -0.053, , -0.007, 0.002, -0.016
1994, 4, 0.062, , -0.007, 0.002, -0.016
1994, 5, 0.109, , -0.006, 0.003, -0.015
1994, 6, -0.092, , -0.006, 0.003, -0.015
1994, 7, -0.131, , -0.006, 0.003, -0.015
1994, 8, -0.015, , -0.006, 0.003, -0.015
1994, 9, -0.052, , -0.006, 0.003, -0.015
1994, 10, 0.084, , -0.006, 0.004, -0.015
1994, 11, 0.044, , -0.005, 0.004, -0.015
1994, 12, 0.258, , -0.005, 0.004, -0.014
1995, 1, , , -0.005, 0.004, -0.014
1995, 2, , , -0.005, 0.004, -0.014
1995, 3, 0.119, , -0.005, 0.004, -0.014
1995, 4, 0.082, , -0.005, 0.005, -0.014
1995, 5, 0.057, , -0.004, 0.005, -0.014
1995, 6, 0.037, , -0.004, 0.005, -0.013
1995, 7, , , -0.004, 0.005, -0.013
1995, 8, , , -0.004, 0.005, -0.013
1995, 9, , , -0.004, 0.006, -0.013
1995, 10, , , -0.003, 0.006, -0.013
1995, 11, , , -0.003, 0.006, -0.013
1995, 12, , , -0.003, 0.006, -0.012
1996, 1, , , -0.003, 0.006, -0.012
1996, 2, , , -0.003, 0.006, -0.012
1996, 3, -0.023, , -0.003, 0.007, -0.012
1996, 4, -0.094, , -0.002, 0.007, -0.012
1996, 5, -0.057, , -0.002, 0.007, -0.012
1996, 6, -0.036, , -0.002, 0.007, -0.011
1996, 7, -0.095, , -0.002, 0.007, -0.011
1996, 8, , , -0.002, 0.008, -0.011
1996, 9, , , -0.002, 0.008, -0.011
1996, 10, , , -0.001, 0.008, -0.011
1996, 11, , , -0.001, 0.008, -0.011
1996, 12, , , -0.001, 0.008, -0.010
1997, 1, -0.021, , -0.001, 0.009, -0.010
1997, 2, 0.018, , -0.001, 0.009, -0.010
1997, 3, -0.007, , -0.001, 0.009, -0.010
1997, 4, 0.080, , -0.000, 0.009, -0.010
1997, 5, -0.024, , -0.000, 0.009, -0.010
1997, 6, 0.085, , -0.000, 0.009, -0.009
1997, 7, 0.061, , 0.000, 0.010, -0.009
1997, 8, 0.105, , 0.000, 0.010, -0.009
1997, 9, -0.014, , 0.001, 0.010, -0.009
1997, 10, -0.085, , 0.001, 0.010, -0.009
1997, 11, -0.120, , 0.001, 0.010, -0.009
1997, 12, -0.022, , 0.001, 0.011, -0.008
1998, 1, 0.026, , 0.001, 0.011, -0.008
1998, 2, 0.178, , 0.001, 0.011, -0.008
1998, 3, 0.044, , 0.002, 0.011, -0.008
1998, 4, 0.014, , 0.002, 0.011, -0.008
1998, 5, 0.039, , 0.002, 0.011, -0.008
1998, 6, -0.089, , 0.002, 0.012, -0.008
1998, 7, -0.051, , 0.002, 0.012, -0.007
1998, 8, 0.023, , 0.002, 0.012, -0.007
1998, 9, -0.110, , 0.003, 0.012, -0.007
1998, 10, -0.104, , 0.003, 0.012, -0.007
1998, 11, -0.092, , 0.003, 0.013, -0.007
1998, 12, 0.038, , 0.003, 0.013, -0.007
1999, 1, 0.039, , 0.003, 0.013, -0.006
1999, 2, 0.146, , 0.003, 0.013, -0.006
1999, 3, 0.034, , 0.004, 0.013, -0.006
1999, 4, 0.014, , 0.004, 0.014, -0.006
1999, 5, 0.068, , 0.004, 0.014, -0.006
1999, 6, 0.034, , 0.004, 0.014, -0.006
1999, 7, 0.012, , 0.004, 0.014, -0.005
1999, 8, 0.077, , 0.004, 0.014, -0.005
1999, 9, 0.114, , 0.005, 0.014, -0.005
1999, 10, 0.038, , 0.005, 0.015, -0.005
1999, 11, -0.012, , 0.005, 0.015, -0.005
1999, 12, 0.035, , 0.005, 0.015, -0.005
2000, 1, 0.020, , 0.005, 0.015, -0.004
2000, 2, -0.050, , 0.006, 0.015, -0.004
2000, 3, 0.029, , 0.006, 0.016, -0.004
2000, 4, -0.018, , 0.006, 0.016, -0.004
2000, 5, -0.036, , 0.006, 0.016, -0.004
2000, 6, -0.055, , 0.006, 0.016, -0.004
2000, 7, 0.092, , 0.006, 0.016, -0.003
2000, 8, 0.085, , 0.007, 0.016, -0.003
2000, 9, 0.037, , 0.007, 0.017, -0.003
2000, 10, 0.030, , 0.007, 0.017, -0.003
2000, 11, 0.005, , 0.007, 0.017, -0.003
2000, 12, -0.013, , 0.007, 0.017, -0.003
2001, 1, -0.074, , 0.007, 0.017, -0.002
2001, 2, -0.078, , 0.008, 0.018, -0.002
2001, 3, 0.007, , 0.008, 0.018, -0.002
2001, 4, -0.074, , 0.008, 0.018, -0.002
2001, 5, 0.022, , 0.008, 0.018, -0.002
2001, 6, -0.074, , 0.008, 0.018, -0.002
2001, 7, 0.065, , 0.008, 0.019, -0.002
2001, 8, -0.006, , 0.009, 0.019, -0.001
2001, 9, 0.056, , 0.009, 0.019, -0.001
2001, 10, 0.006, , 0.009, 0.019, -0.001
2001, 11, 0.050, , 0.009, 0.019, -0.001
2001, 12, 0.037, , 0.009, 0.019, -0.001
2002, 1, -0.105, , 0.010, 0.020, -0.001
2002, 2, 0.016, , 0.010, 0.020, -0.000
2002, 3, -0.001, , 0.010, 0.020, -0.000
2002, 4, 0.054, , 0.010, 0.020, -0.000
2002, 5, 0.034, , 0.010, 0.020, 0.000
2002, 6, 0.088, , 0.010, 0.021, 0.000
2002, 7, 0.019, , 0.011, 0.021, 0.000
2002, 8, 0.127, , 0.011, 0.021, 0.001
2002, 9, 0.033, , 0.011, 0.021, 0.001
2002, 10, 0.041, , 0.011, 0.021, 0.001
2002, 11, -0.076, , 0.011, 0.021, 0.001
2002, 12, -0.044, , 0.011, 0.022, 0.001
2003, 1, -0.099, , 0.012, 0.022, 0.001
2003, 2, -0.058, , 0.012, 0.022, 0.002
2003, 3, 0.144, , 0.012, 0.022, 0.002
2003, 4, 0.110, , 0.012, 0.022, 0.002
2003, 5, 0.026, , 0.012, 0.023, 0.002
2003, 6, -0.053, , 0.012, 0.023, 0.002
2003, 7, -0.124, , 0.013, 0.023, 0.002
2003, 8, -0.104, , 0.013, 0.023, 0.003
2003, 9, 0.058, , 0.013, 0.023, 0.003
2003, 10, -0.008, , 0.013, 0.024, 0.003
2003, 11, 0.051, , 0.013, 0.024, 0.003
2003, 12, 0.005, , 0.014, 0.024, 0.003
2004, 1, -0.004, , 0.014, 0.024, 0.003
2004, 2, 0.084, , 0.014, 0.024, 0.003
2004, 3, -0.015, , 0.014, 0.024, 0.004
2004, 4, -0.102, , 0.014, 0.025, 0.004
2004, 5, -0.119, , 0.014, 0.025, 0.004
2004, 6, -0.080, , 0.015, 0.025, 0.004
2004, 7, 0.010, , 0.015, 0.025, 0.004
2004, 8, 0.000, , 0.015, 0.025, 0.004
2004, 9, 0.041, , 0.015, 0.026, 0.005
2004, 10, 0.001, , 0.015, 0.026, 0.005
2004, 11, 0.002, , 0.015, 0.026, 0.005
2004, 12, -0.060, , 0.016, 0.026, 0.005
2005, 1, 0.115, , 0.016, 0.026, 0.005
2005, 2, 0.128, , 0.016, 0.026, 0.005
2005, 3, -0.016, , 0.016, 0.027, 0.006
2005, 4, 0.060, , 0.016, 0.027, 0.006
2005, 5, 0.079, , 0.016, 0.027, 0.006
2005, 6, 0.067, , 0.017, 0.027, 0.006
2005, 7, 0.035, , 0.017, 0.027, 0.006
2005, 8, 0.111, , 0.017, 0.028, 0.006
2005, 9, 0.149, , 0.017, 0.028, 0.007
2005, 10, 0.090, , 0.017, 0.028, 0.007
2005, 11, -0.072, , 0.018, 0.028, 0.007
2005, 12, -0.053, , 0.018, 0.028, 0.007
2006, 1, -0.021, , 0.018, 0.029, 0.007
2006, 2, -0.034, , 0.018, 0.029, 0.007
2006, 3, 0.032, , 0.018, 0.029, 0.008
2006, 4, -0.004, , 0.018, 0.029, 0.008
2006, 5, 0.058, , 0.019, 0.029, 0.008
2006, 6, -0.036, , 0.019, 0.029, 0.008
2006, 7, -0.027, , 0.019, 0.030, 0.008
2006, 8, 0.000, , 0.019, 0.030, 0.008
2006, 9, -0.026, , 0.019, 0.030, 0.008
2006, 10, -0.121, , 0.019, 0.030, 0.009
2006, 11, -0.031, , 0.020, 0.030, 0.009
2006, 12, -0.008, , 0.020, 0.031, 0.009
2007, 1, -0.008, , 0.020, 0.031, 0.009
2007, 2, -0.054, , 0.020, 0.031, 0.009
2007, 3, -0.009, , 0.020, 0.031, 0.009
2007, 4, 0.018, , 0.020, 0.031, 0.010
2007, 5, 0.145, , 0.021, 0.031, 0.010
2007, 6, 0.087, , 0.021, 0.032, 0.010
2007, 7, 0.105, , 0.021, 0.032, 0.010
2007, 8, 0.024, , 0.021, 0.032, 0.010
2007, 9, 0.096, , 0.021, 0.032, 0.010
2007, 10, 0.060, , 0.022, 0.032, 0.011
2007, 11, 0.014, , 0.022, 0.033, 0.011
2007, 12, -0.010, , 0.022, 0.033, 0.011
2008, 1, -0.004, , 0.022, 0.033, 0.011
2008, 2, -0.088, , 0.022, 0.033, 0.011
2008, 3, -0.075, , 0.022, 0.033, 0.011
2008, 4, 0.094, , 0.023, 0.034, 0.012
2008, 5, 0.008, , 0.023, 0.034, 0.012
2008, 6, -0.134, , 0.023, 0.034, 0.012
2008, 7, 0.003, , 0.023, 0.034, 0.012
2008, 8, 0.142, , 0.023, 0.034, 0.012
2008, 9, 0.156, , 0.023, 0.034, 0.012
2008, 10, 0.037, , 0.024, 0.035, 0.013
2008, 11, -0.005, , 0.024, 0.035, 0.013
2008, 12, -0.141, , 0.024, 0.035, 0.013
2009, 1, -0.135, , 0.024, 0.035, 0.013
2009, 2, -0.146, , 0.024, 0.035, 0.013
2009, 3, 0.007, , 0.024, 0.036, 0.013
2009, 4, -0.042, , 0.025, 0.036, 0.013
2009, 5, 0.030, , 0.025, 0.036, 0.014
2009, 6, 0.084, , 0.025, 0.036, 0.014
2009, 7, 0.037, , 0.025, 0.036, 0.014
2009, 8, -0.022, , 0.025, 0.037, 0.014
2009, 9, 0.166, , 0.026, 0.037, 0.014
2009, 10, -0.018, , 0.026, 0.037, 0.014
2009, 11, 0.173, , 0.026, 0.037, 0.015
2009, 12, 0.152, , 0.026, 0.037, 0.015
2010, 1, 0.017, , 0.026, 0.037, 0.015
2010, 2, 0.078, , 0.026, 0.038, 0.015
2010, 3, 0.083, , 0.027, 0.038, 0.015
2010, 4, -0.026, , 0.027, 0.038, 0.015
2010, 5, -0.059, , 0.027, 0.038, 0.016
2010, 6, -0.090, , 0.027, 0.038, 0.016
2010, 7, 0.004, , 0.027, 0.039, 0.016
2010, 8, 0.067, , 0.027, 0.039, 0.016
2010, 9, -0.007, , 0.028, 0.039, 0.016
2010, 10, -0.091, , 0.028, 0.039, 0.016
2010, 11, -0.008, , 0.028, 0.039, 0.017
2010, 12, -0.088, , 0.028, 0.039, 0.017
2011, 1, -0.068, , 0.028, 0.040, 0.017
2011, 2, -0.040, , 0.028, 0.040, 0.017
2011, 3, 0.026, , 0.029, 0.040, 0.017
2011, 4, -0.100, , 0.029, 0.040, 0.017
2011, 5, -0.046, , 0.029, 0.040, 0.018
2011, 6, -0.055, , 0.029, 0.041, 0.018
2011, 7, 0.057, , 0.029, 0.041, 0.018
2011, 8, 0.153, , 0.029, 0.041, 0.018
2011, 9, , , 0.030, 0.041, 0.018
2011, 10, -0.040, , 0.030, 0.041, 0.018
2011, 11, 0.021, , 0.030, 0.042, 0.018
2011, 12, 0.021, , 0.030, 0.042, 0.019
2012, 1, -0.115, , 0.030, 0.042, 0.019
2012, 2, 0.044, , 0.031, 0.042, 0.019
2012, 3, -0.002, , 0.031, 0.042, 0.019
2012, 4, 0.072, , 0.031, 0.042, 0.019
2012, 5, 0.103, , 0.031, 0.043, 0.019
2012, 6, 0.202, , 0.031, 0.043, 0.020
2012, 7, 0.047, , 0.031, 0.043, 0.020
2012, 8, 0.052, , 0.032, 0.043, 0.020
2012, 9, -0.045, , 0.032, 0.043, 0.020
2012, 10, -0.035, , 0.032, 0.044, 0.020
2012, 11, 0.150, , 0.032, 0.044, 0.020
2012, 12, 0.052, , 0.032, 0.044, 0.021
2013, 1, 0.074, , 0.032, 0.044, 0.021
2013, 2, -0.006, , 0.033, 0.044, 0.021
2013, 3, 0.063, , 0.033, 0.045, 0.021
2013, 4, 0.112, , 0.033, 0.045, 0.021
2013, 5, 0.072, , 0.033, 0.045, 0.021
2013, 6, -0.060, , 0.033, 0.045, 0.022
2013, 7, 0.017, , 0.033, 0.045, 0.022
2013, 8, 0.092, , 0.034, 0.045, 0.022
2013, 9, 0.037, , 0.034, 0.046, 0.022
2013, 10, 0.057, , 0.034, 0.046, 0.022
2013, 11, 0.096, , 0.034, 0.046, 0.022
2013, 12, 0.039, , 0.034, 0.046, 0.023
2014, 1, 0.049, , 0.035, 0.046, 0.023
2014, 2, 0.126, , 0.035, 0.047, 0.023
2014, 3, 0.160, , 0.035, 0.047, 0.023
2014, 4, 0.148, , 0.035, 0.047, 0.023
2014, 5, 0.059, , 0.035, 0.047, 0.023
2014, 6, 0.070, , 0.035, 0.047, 0.023
2014, 7, 0.122, , 0.036, 0.048, 0.024
2014, 8, 0.176, , 0.036, 0.048, 0.024
2014, 9, 0.122, , 0.036, 0.048, 0.024
2014, 10, -0.040, , 0.036, 0.048, 0.024
2014, 11, 0.051, , 0.036, 0.048, 0.024
2014, 12, 0.157, , 0.036, 0.048, 0.024
2015, 1, 0.142, , 0.037, 0.049, 0.025
2015, 2, 0.160, , 0.037, 0.049, 0.025
2015, 3, 0.100, , 0.037, 0.049, 0.025
2015, 4, 0.086, , 0.037, 0.049, 0.025
2015, 5, 0.101, , 0.037, 0.049, 0.025
2015, 6, -0.042, , 0.037, 0.050, 0.025
2015, 7, 0.091, , 0.038, 0.050, 0.026
2015, 8, 0.103, , 0.038, 0.050, 0.026
2015, 9, 0.094, , 0.038, 0.050, 0.026
2015, 10, 0.162, , 0.038, 0.050, 0.026
2015, 11, 0.161, , 0.038, 0.050, 0.026
2015, 12, 0.204, , 0.039, 0.051, 0.026
2016, 1, 0.180, , 0.039, 0.051, 0.027
2016, 2, 0.078, , 0.039, 0.051, 0.027
2016, 3, 0.105, , 0.039, 0.051, 0.027
2016, 4, 0.178, , 0.039, 0.051, 0.027
2016, 5, 0.071, , 0.039, 0.052, 0.027
2016, 6, 0.136, , 0.040, 0.052, 0.027
2016, 7, 0.017, , 0.040, 0.052, 0.027
2016, 8, 0.037, , 0.040, 0.052, 0.028
2016, 9, -0.040, , 0.040, 0.052, 0.028
2016, 10, 0.156, , 0.040, 0.053, 0.028
2016, 11, 0.140, , 0.040, 0.053, 0.028
2016, 12, 0.106, , 0.041, 0.053, 0.028
2017, 1, , , 0.041, 0.053, 0.028
2017, 2, , , 0.041, 0.053, 0.029
2017, 3, , , 0.041, 0.053, 0.029
2017, 4, , , 0.041, 0.054, 0.029
2017, 5, , , 0.041, 0.054, 0.029
2017, 6, , , 0.042, 0.054, 0.029
2017, 7, , , 0.042, 0.054, 0.029
2017, 8, , , 0.042, 0.054, 0.030
2017, 9, , , 0.042, 0.055, 0.030
2017, 10, , , 0.042, 0.055, 0.030
2017, 11, , , 0.043, 0.055, 0.030
2017, 12, , , 0.043, 0.055, 0.030
2018, 1, , , 0.043, 0.055, 0.030
2018, 2, , , 0.043, 0.056, 0.031
2018, 3, , , 0.043, 0.056, 0.031
2018, 4, , , 0.043, 0.056, 0.031
2018, 5, , , 0.044, 0.056, 0.031
2018, 6, , , 0.044, 0.056, 0.031
2018, 7, , , 0.044, 0.056, 0.031
2018, 8, , , 0.044, 0.057, 0.031
2018, 9, , , 0.044, 0.057, 0.032
2018, 10, , , 0.044, 0.057, 0.032
2018, 11, , , 0.045, 0.057, 0.032
2018, 12, , , 0.045, 0.057, 0.032
2019, 1, , , 0.045, 0.058, 0.032
2019, 2, , , 0.045, 0.058, 0.032
2019, 3, , , 0.045, 0.058, 0.033
2019, 4, , , 0.045, 0.058, 0.033
2019, 5, , , 0.046, 0.058, 0.033
2019, 6, , , 0.046, 0.059, 0.033
2019, 7, , , 0.046, 0.059, 0.033
2019, 8, , , 0.046, 0.059, 0.033
2019, 9, , , 0.046, 0.059, 0.034
2019, 10, , , 0.047, 0.059, 0.034
2019, 11, , , 0.047, 0.059, 0.034
2019, 12, , , 0.047, 0.060, 0.034
2020, 1, , , 0.047, 0.060, 0.034
2020, 2, , , 0.047, 0.060, 0.034
2020, 3, , , 0.047, 0.060, 0.035
2020, 4, , , 0.048, 0.060, 0.035
2020, 5, , , 0.048, 0.061, 0.035
2020, 6, , , 0.048, 0.061, 0.035
2020, 7, , , 0.048, 0.061, 0.035
2020, 8, , , 0.048, 0.061, 0.035
2020, 9, , , 0.048, 0.061, 0.036
2020, 10, , , 0.049, 0.062, 0.036
2020, 11, , , 0.049, 0.062, 0.036
2020, 12, , , 0.049, 0.062, 0.036
