Year, Month, Monthly_MSL, Unverified, Linear_Trend, High_Conf., Low_Conf.
1900, 1, , , -0.633, -0.616, -0.649
1900, 2, , , -0.632, -0.615, -0.649
1900, 3, , , -0.631, -0.615, -0.648
1900, 4, , , -0.631, -0.614, -0.648
1900, 5, , , -0.630, -0.614, -0.647
1900, 6, , , -0.630, -0.613, -0.647
1900, 7, , , -0.629, -0.613, -0.646
1900, 8, , , -0.629, -0.612, -0.646
1900, 9, , , -0.628, -0.612, -0.645
1900, 10, , , -0.628, -0.611, -0.644
1900, 11, , , -0.627, -0.611, -0.644
1900, 12, , , -0.627, -0.610, -0.643
1901, 1, , , -0.626, -0.610, -0.643
1901, 2, , , -0.626, -0.609, -0.642
1901, 3, , , -0.625, -0.609, -0.642
1901, 4, , , -0.625, -0.608, -0.641
1901, 5, , , -0.624, -0.607, -0.641
1901, 6, , , -0.624, -0.607, -0.640
1901, 7, , , -0.623, -0.606, -0.640
1901, 8, , , -0.622, -0.606, -0.639
1901, 9, , , -0.622, -0.605, -0.638
1901, 10, , , -0.621, -0.605, -0.638
1901, 11, , , -0.621, -0.604, -0.637
1901, 12, , , -0.620, -0.604, -0.637
1902, 1, , , -0.620, -0.603, -0.636
1902, 2, , , -0.619, -0.603, -0.636
1902, 3, , , -0.619, -0.602, -0.635
1902, 4, , , -0.618, -0.602, -0.635
1902, 5, , , -0.618, -0.601, -0.634
1902, 6, , , -0.617, -0.601, -0.633
1902, 7, , , -0.617, -0.600, -0.633
1902, 8, , , -0.616, -0.600, -0.632
1902, 9, , , -0.616, -0.599, -0.632
1902, 10, , , -0.615, -0.599, -0.631
1902, 11, , , -0.614, -0.598, -0.631
1902, 12, , , -0.614, -0.598, -0.630
1903, 1, , , -0.613, -0.597, -0.630
1903, 2, , , -0.613, -0.597, -0.629
1903, 3, , , -0.612, -0.596, -0.629
1903, 4, , , -0.612, -0.596, -0.628
1903, 5, , , -0.611, -0.595, -0.627
1903, 6, , , -0.611, -0.595, -0.627
1903, 7, , , -0.610, -0.594, -0.626
1903, 8, , , -0.610, -0.594, -0.626
1903, 9, , , -0.609, -0.593, -0.625
1903, 10, , , -0.609, -0.593, -0.625
1903, 11, , , -0.608, -0.592, -0.624
1903, 12, , , -0.608, -0.592, -0.624
1904, 1, , , -0.607, -0.591, -0.623
1904, 2, , , -0.607, -0.591, -0.623
1904, 3, , , -0.606, -0.590, -0.622
1904, 4, , , -0.605, -0.590, -0.621
1904, 5, , , -0.605, -0.589, -0.621
1904, 6, , , -0.604, -0.589, -0.620
1904, 7, , , -0.604, -0.588, -0.620
1904, 8, , , -0.603, -0.587, -0.619
1904, 9, , , -0.603, -0.587, -0.619
1904, 10, , , -0.602, -0.586, -0.618
1904, 11, , , -0.602, -0.586, -0.618
1904, 12, , , -0.601, -0.585, -0.617
1905, 1, , , -0.601, -0.585, -0.616
1905, 2, , , -0.600, -0.584, -0.616
1905, 3, , , -0.600, -0.584, -0.615
1905, 4, , , -0.599, -0.583, -0.615
1905, 5, , , -0.599, -0.583, -0.614
1905, 6, , , -0.598, -0.582, -0.614
1905, 7, , , -0.598, -0.582, -0.613
1905, 8, , , -0.597, -0.581, -0.613
1905, 9, , , -0.596, -0.581, -0.612
1905, 10, , , -0.596, -0.580, -0.612
1905, 11, , , -0.595, -0.580, -0.611
1905, 12, , , -0.595, -0.579, -0.610
1906, 1, , , -0.594, -0.579, -0.610
1906, 2, , , -0.594, -0.578, -0.609
1906, 3, , , -0.593, -0.578, -0.609
1906, 4, , , -0.593, -0.577, -0.608
1906, 5, , , -0.592, -0.577, -0.608
1906, 6, , , -0.592, -0.576, -0.607
1906, 7, , , -0.591, -0.576, -0.607
1906, 8, , , -0.591, -0.575, -0.606
1906, 9, , , -0.590, -0.575, -0.606
1906, 10, , , -0.590, -0.574, -0.605
1906, 11, , , -0.589, -0.574, -0.604
1906, 12, , , -0.588, -0.573, -0.604
1907, 1, , , -0.588, -0.573, -0.603
1907, 2, , , -0.587, -0.572, -0.603
1907, 3, , , -0.587, -0.572, -0.602
1907, 4, , , -0.586, -0.571, -0.602
1907, 5, , , -0.586, -0.571, -0.601
1907, 6, , , -0.585, -0.570, -0.601
1907, 7, , , -0.585, -0.570, -0.600
1907, 8, , , -0.584, -0.569, -0.599
1907, 9, , , -0.584, -0.569, -0.599
1907, 10, , , -0.583, -0.568, -0.598
1907, 11, , , -0.583, -0.567, -0.598
1907, 12, , , -0.582, -0.567, -0.597
1908, 1, , , -0.582, -0.566, -0.597
1908, 2, , , -0.581, -0.566, -0.596
1908, 3, , , -0.581, -0.565, -0.596
1908, 4, , , -0.580, -0.565, -0.595
1908, 5, -0.538, , -0.579, -0.564, -0.595
1908, 6, -0.387, , -0.579, -0.564, -0.594
1908, 7, -0.456, , -0.578, -0.563, -0.593
1908, 8, -0.562, , -0.578, -0.563, -0.593
1908, 9, -0.452, , -0.577, -0.562, -0.592
1908, 10, -0.528, , -0.577, -0.562, -0.592
1908, 11, -0.601, , -0.576, -0.561, -0.591
1908, 12, -0.619, , -0.576, -0.561, -0.591
1909, 1, -0.498, , -0.575, -0.560, -0.590
1909, 2, -0.644, , -0.575, -0.560, -0.590
1909, 3, -0.574, , -0.574, -0.559, -0.589
1909, 4, -0.586, , -0.574, -0.559, -0.589
1909, 5, -0.513, , -0.573, -0.558, -0.588
1909, 6, -0.542, , -0.573, -0.558, -0.587
1909, 7, -0.556, , -0.572, -0.557, -0.587
1909, 8, -0.486, , -0.572, -0.557, -0.586
1909, 9, -0.519, , -0.571, -0.556, -0.586
1909, 10, -0.512, , -0.570, -0.556, -0.585
1909, 11, -0.418, , -0.570, -0.555, -0.585
1909, 12, -0.476, , -0.569, -0.555, -0.584
1910, 1, -0.552, , -0.569, -0.554, -0.584
1910, 2, -0.558, , -0.568, -0.554, -0.583
1910, 3, -0.644, , -0.568, -0.553, -0.582
1910, 4, -0.748, U, -0.567, -0.553, -0.582
1910, 5, -0.675, , -0.567, -0.552, -0.581
1910, 6, -0.679, , -0.566, -0.552, -0.581
1910, 7, -0.605, , -0.566, -0.551, -0.580
1910, 8, -0.602, , -0.565, -0.551, -0.580
1910, 9, -0.488, , -0.565, -0.550, -0.579
1910, 10, -0.482, , -0.564, -0.550, -0.579
1910, 11, -0.616, , -0.564, -0.549, -0.578
1910, 12, -0.616, , -0.563, -0.548, -0.578
1911, 1, -0.616, , -0.562, -0.548, -0.577
1911, 2, -0.534, , -0.562, -0.547, -0.576
1911, 3, -0.543, , -0.561, -0.547, -0.576
1911, 4, -0.455, , -0.561, -0.546, -0.575
1911, 5, -0.510, , -0.560, -0.546, -0.575
1911, 6, -0.691, , -0.560, -0.545, -0.574
1911, 7, -0.599, , -0.559, -0.545, -0.574
1911, 8, -0.583, , -0.559, -0.544, -0.573
1911, 9, -0.595, , -0.558, -0.544, -0.573
1911, 10, -0.574, , -0.558, -0.543, -0.572
1911, 11, -0.574, , -0.557, -0.543, -0.572
1911, 12, -0.512, , -0.557, -0.542, -0.571
1912, 1, -0.516, , -0.556, -0.542, -0.570
1912, 2, -0.589, , -0.556, -0.541, -0.570
1912, 3, -0.513, , -0.555, -0.541, -0.569
1912, 4, -0.470, , -0.555, -0.540, -0.569
1912, 5, -0.507, , -0.554, -0.540, -0.568
1912, 6, -0.359, , -0.553, -0.539, -0.568
1912, 7, -0.480, , -0.553, -0.539, -0.567
1912, 8, -0.547, , -0.552, -0.538, -0.567
1912, 9, -0.662, , -0.552, -0.538, -0.566
1912, 10, -0.530, , -0.551, -0.537, -0.566
1912, 11, -0.558, , -0.551, -0.537, -0.565
1912, 12, -0.485, , -0.550, -0.536, -0.564
1913, 1, -0.570, , -0.550, -0.536, -0.564
1913, 2, -0.412, , -0.549, -0.535, -0.563
1913, 3, -0.422, , -0.549, -0.535, -0.563
1913, 4, -0.458, , -0.548, -0.534, -0.562
1913, 5, -0.410, , -0.548, -0.534, -0.562
1913, 6, -0.426, , -0.547, -0.533, -0.561
1913, 7, -0.538, , -0.547, -0.533, -0.561
1913, 8, -0.452, , -0.546, -0.532, -0.560
1913, 9, -0.473, , -0.546, -0.532, -0.559
1913, 10, -0.588, , -0.545, -0.531, -0.559
1913, 11, -0.552, , -0.544, -0.531, -0.558
1913, 12, -0.469, , -0.544, -0.530, -0.558
1914, 1, -0.510, , -0.543, -0.529, -0.557
1914, 2, -0.519, , -0.543, -0.529, -0.557
1914, 3, -0.653, , -0.542, -0.528, -0.556
1914, 4, -0.522, , -0.542, -0.528, -0.556
1914, 5, -0.364, , -0.541, -0.527, -0.555
1914, 6, -0.509, , -0.541, -0.527, -0.555
1914, 7, -0.535, , -0.540, -0.526, -0.554
1914, 8, -0.468, , -0.540, -0.526, -0.553
1914, 9, -0.504, , -0.539, -0.525, -0.553
1914, 10, -0.524, , -0.539, -0.525, -0.552
1914, 11, -0.461, , -0.538, -0.524, -0.552
1914, 12, -0.427, , -0.538, -0.524, -0.551
1915, 1, -0.534, , -0.537, -0.523, -0.551
1915, 2, -0.455, , -0.536, -0.523, -0.550
1915, 3, -0.550, , -0.536, -0.522, -0.550
1915, 4, -0.583, , -0.535, -0.522, -0.549
1915, 5, -0.550, , -0.535, -0.521, -0.549
1915, 6, -0.600, , -0.534, -0.521, -0.548
1915, 7, -0.505, , -0.534, -0.520, -0.547
1915, 8, -0.544, U, -0.533, -0.520, -0.547
1915, 9, -0.543, , -0.533, -0.519, -0.546
1915, 10, -0.494, , -0.532, -0.519, -0.546
1915, 11, -0.574, , -0.532, -0.518, -0.545
1915, 12, -0.500, , -0.531, -0.518, -0.545
1916, 1, -0.396, , -0.531, -0.517, -0.544
1916, 2, , , -0.530, -0.517, -0.544
1916, 3, -0.546, , -0.530, -0.516, -0.543
1916, 4, -0.546, , -0.529, -0.516, -0.543
1916, 5, -0.516, , -0.529, -0.515, -0.542
1916, 6, -0.573, , -0.528, -0.515, -0.541
1916, 7, -0.566, , -0.527, -0.514, -0.541
1916, 8, -0.446, , -0.527, -0.514, -0.540
1916, 9, -0.543, , -0.526, -0.513, -0.540
1916, 10, -0.492, , -0.526, -0.513, -0.539
1916, 11, -0.522, , -0.525, -0.512, -0.539
1916, 12, -0.594, , -0.525, -0.512, -0.538
1917, 1, -0.604, , -0.524, -0.511, -0.538
1917, 2, -0.625, , -0.524, -0.510, -0.537
1917, 3, -0.510, , -0.523, -0.510, -0.536
1917, 4, -0.556, , -0.523, -0.509, -0.536
1917, 5, -0.547, , -0.522, -0.509, -0.535
1917, 6, -0.560, , -0.522, -0.508, -0.535
1917, 7, -0.581, , -0.521, -0.508, -0.534
1917, 8, -0.653, , -0.521, -0.507, -0.534
1917, 9, -0.586, , -0.520, -0.507, -0.533
1917, 10, -0.634, , -0.520, -0.506, -0.533
1917, 11, -0.732, , -0.519, -0.506, -0.532
1917, 12, -0.585, , -0.518, -0.505, -0.532
1918, 1, -0.686, , -0.518, -0.505, -0.531
1918, 2, -0.610, , -0.517, -0.504, -0.530
1918, 3, -0.583, , -0.517, -0.504, -0.530
1918, 4, -0.525, , -0.516, -0.503, -0.529
1918, 5, -0.467, , -0.516, -0.503, -0.529
1918, 6, -0.582, , -0.515, -0.502, -0.528
1918, 7, -0.535, , -0.515, -0.502, -0.528
1918, 8, -0.583, , -0.514, -0.501, -0.527
1918, 9, -0.635, , -0.514, -0.501, -0.527
1918, 10, -0.568, , -0.513, -0.500, -0.526
1918, 11, -0.568, , -0.513, -0.500, -0.526
1918, 12, -0.518, , -0.512, -0.499, -0.525
1919, 1, -0.530, , -0.512, -0.499, -0.524
1919, 2, -0.476, , -0.511, -0.498, -0.524
1919, 3, -0.425, , -0.510, -0.498, -0.523
1919, 4, -0.522, , -0.510, -0.497, -0.523
1919, 5, -0.538, , -0.509, -0.497, -0.522
1919, 6, -0.353, , -0.509, -0.496, -0.522
1919, 7, -0.495, , -0.508, -0.496, -0.521
1919, 8, -0.592, , -0.508, -0.495, -0.521
1919, 9, -0.382, , -0.507, -0.495, -0.520
1919, 10, -0.442, , -0.507, -0.494, -0.520
1919, 11, -0.354, , -0.506, -0.494, -0.519
1919, 12, -0.430, , -0.506, -0.493, -0.518
1920, 1, -0.402, , -0.505, -0.492, -0.518
1920, 2, -0.436, , -0.505, -0.492, -0.517
1920, 3, -0.543, , -0.504, -0.491, -0.517
1920, 4, -0.531, , -0.504, -0.491, -0.516
1920, 5, -0.525, , -0.503, -0.490, -0.516
1920, 6, -0.490, , -0.503, -0.490, -0.515
1920, 7, -0.474, , -0.502, -0.489, -0.515
1920, 8, -0.483, , -0.501, -0.489, -0.514
1920, 9, -0.598, , -0.501, -0.488, -0.514
1920, 10, -0.436, , -0.500, -0.488, -0.513
1920, 11, -0.513, , -0.500, -0.487, -0.512
1920, 12, -0.494, , -0.499, -0.487, -0.512
1921, 1, -0.430, , -0.499, -0.486, -0.511
1921, 2, -0.455, , -0.498, -0.486, -0.511
1921, 3, -0.251, , -0.498, -0.485, -0.510
1921, 4, -0.214, , -0.497, -0.485, -0.510
1921, 5, -0.275, , -0.497, -0.484, -0.509
1921, 6, -0.265, , -0.496, -0.484, -0.509
1921, 7, -0.380, , -0.496, -0.483, -0.508
1921, 8, -0.410, , -0.495, -0.483, -0.507
1921, 9, -0.409, , -0.495, -0.482, -0.507
1921, 10, -0.518, , -0.494, -0.482, -0.506
1921, 11, -0.561, , -0.494, -0.481, -0.506
1921, 12, -0.540, , -0.493, -0.481, -0.505
1922, 1, -0.470, , -0.492, -0.480, -0.505
1922, 2, -0.421, , -0.492, -0.480, -0.504
1922, 3, -0.467, , -0.491, -0.479, -0.504
1922, 4, -0.336, , -0.491, -0.479, -0.503
1922, 5, -0.446, , -0.490, -0.478, -0.503
1922, 6, -0.438, , -0.490, -0.478, -0.502
1922, 7, -0.486, , -0.489, -0.477, -0.501
1922, 8, -0.559, , -0.489, -0.477, -0.501
1922, 9, -0.498, , -0.488, -0.476, -0.500
1922, 10, -0.488, , -0.488, -0.476, -0.500
1922, 11, -0.385, , -0.487, -0.475, -0.499
1922, 12, -0.448, , -0.487, -0.474, -0.499
1923, 1, -0.446, , -0.486, -0.474, -0.498
1923, 2, -0.412, , -0.486, -0.473, -0.498
1923, 3, -0.376, , -0.485, -0.473, -0.497
1923, 4, -0.367, , -0.484, -0.472, -0.497
1923, 5, -0.373, , -0.484, -0.472, -0.496
1923, 6, -0.329, , -0.483, -0.471, -0.495
1923, 7, -0.465, , -0.483, -0.471, -0.495
1923, 8, -0.602, , -0.482, -0.470, -0.494
1923, 9, -0.595, , -0.482, -0.470, -0.494
1923, 10, -0.354, , -0.481, -0.469, -0.493
1923, 11, -0.482, , -0.481, -0.469, -0.493
1923, 12, -0.445, , -0.480, -0.468, -0.492
1924, 1, -0.400, , -0.480, -0.468, -0.492
1924, 2, -0.543, , -0.479, -0.467, -0.491
1924, 3, -0.464, , -0.479, -0.467, -0.491
1924, 4, -0.598, , -0.478, -0.466, -0.490
1924, 5, -0.666, , -0.478, -0.466, -0.489
1924, 6, -0.542, , -0.477, -0.465, -0.489
1924, 7, -0.468, , -0.477, -0.465, -0.488
1924, 8, -0.577, , -0.476, -0.464, -0.488
1924, 9, -0.516, , -0.475, -0.464, -0.487
1924, 10, -0.434, , -0.475, -0.463, -0.487
1924, 11, -0.552, , -0.474, -0.463, -0.486
1924, 12, -0.512, , -0.474, -0.462, -0.486
1925, 1, -0.546, , -0.473, -0.462, -0.485
1925, 2, -0.543, , -0.473, -0.461, -0.485
1925, 3, -0.492, , -0.472, -0.461, -0.484
1925, 4, -0.528, , -0.472, -0.460, -0.483
1925, 5, -0.574, , -0.471, -0.460, -0.483
1925, 6, -0.518, , -0.471, -0.459, -0.482
1925, 7, -0.599, , -0.470, -0.459, -0.482
1925, 8, -0.538, , -0.470, -0.458, -0.481
1925, 9, -0.556, , -0.469, -0.457, -0.481
1925, 10, -0.546, , -0.469, -0.457, -0.480
1925, 11, -0.391, , -0.468, -0.456, -0.480
1925, 12, -0.512, , -0.468, -0.456, -0.479
1926, 1, -0.528, , -0.467, -0.455, -0.479
1926, 2, -0.644, , -0.466, -0.455, -0.478
1926, 3, -0.501, , -0.466, -0.454, -0.477
1926, 4, -0.519, , -0.465, -0.454, -0.477
1926, 5, -0.589, , -0.465, -0.453, -0.476
1926, 6, -0.603, , -0.464, -0.453, -0.476
1926, 7, -0.566, , -0.464, -0.452, -0.475
1926, 8, -0.477, , -0.463, -0.452, -0.475
1926, 9, -0.458, , -0.463, -0.451, -0.474
1926, 10, -0.476, , -0.462, -0.451, -0.474
1926, 11, -0.574, , -0.462, -0.450, -0.473
1926, 12, -0.338, , -0.461, -0.450, -0.473
1927, 1, -0.426, , -0.461, -0.449, -0.472
1927, 2, -0.369, , -0.460, -0.449, -0.471
1927, 3, -0.415, , -0.460, -0.448, -0.471
1927, 4, -0.357, , -0.459, -0.448, -0.470
1927, 5, -0.422, , -0.458, -0.447, -0.470
1927, 6, -0.435, , -0.458, -0.447, -0.469
1927, 7, -0.410, , -0.457, -0.446, -0.469
1927, 8, -0.483, , -0.457, -0.446, -0.468
1927, 9, -0.534, , -0.456, -0.445, -0.468
1927, 10, -0.522, , -0.456, -0.445, -0.467
1927, 11, -0.440, , -0.455, -0.444, -0.467
1927, 12, -0.433, , -0.455, -0.444, -0.466
1928, 1, -0.518, , -0.454, -0.443, -0.465
1928, 2, -0.510, , -0.454, -0.443, -0.465
1928, 3, -0.546, , -0.453, -0.442, -0.464
1928, 4, -0.513, , -0.453, -0.442, -0.464
1928, 5, -0.541, , -0.452, -0.441, -0.463
1928, 6, -0.490, , -0.452, -0.440, -0.463
1928, 7, -0.514, , -0.451, -0.440, -0.462
1928, 8, -0.480, , -0.451, -0.439, -0.462
1928, 9, -0.391, , -0.450, -0.439, -0.461
1928, 10, -0.512, , -0.449, -0.438, -0.461
1928, 11, -0.494, , -0.449, -0.438, -0.460
1928, 12, -0.457, , -0.448, -0.437, -0.459
1929, 1, -0.412, , -0.448, -0.437, -0.459
1929, 2, -0.372, , -0.447, -0.436, -0.458
1929, 3, -0.373, , -0.447, -0.436, -0.458
1929, 4, -0.315, , -0.446, -0.435, -0.457
1929, 5, -0.364, , -0.446, -0.435, -0.457
1929, 6, -0.344, , -0.445, -0.434, -0.456
1929, 7, -0.294, , -0.445, -0.434, -0.456
1929, 8, -0.355, , -0.444, -0.433, -0.455
1929, 9, -0.376, , -0.444, -0.433, -0.455
1929, 10, -0.434, , -0.443, -0.432, -0.454
1929, 11, -0.430, , -0.443, -0.432, -0.453
1929, 12, -0.399, , -0.442, -0.431, -0.453
1930, 1, -0.378, , -0.442, -0.431, -0.452
1930, 2, -0.378, , -0.441, -0.430, -0.452
1930, 3, -0.428, , -0.440, -0.430, -0.451
1930, 4, -0.461, , -0.440, -0.429, -0.451
1930, 5, -0.376, , -0.439, -0.429, -0.450
1930, 6, -0.460, , -0.439, -0.428, -0.450
1930, 7, -0.526, , -0.438, -0.428, -0.449
1930, 8, -0.486, , -0.438, -0.427, -0.449
1930, 9, -0.549, , -0.437, -0.427, -0.448
1930, 10, -0.422, , -0.437, -0.426, -0.447
1930, 11, -0.540, , -0.436, -0.426, -0.447
1930, 12, -0.549, , -0.436, -0.425, -0.446
1931, 1, -0.528, , -0.435, -0.424, -0.446
1931, 2, -0.449, , -0.435, -0.424, -0.445
1931, 3, -0.611, , -0.434, -0.423, -0.445
1931, 4, -0.580, , -0.434, -0.423, -0.444
1931, 5, -0.666, , -0.433, -0.422, -0.444
1931, 6, -0.600, , -0.432, -0.422, -0.443
1931, 7, -0.480, , -0.432, -0.421, -0.443
1931, 8, -0.504, , -0.431, -0.421, -0.442
1931, 9, -0.546, , -0.431, -0.420, -0.441
1931, 10, -0.458, , -0.430, -0.420, -0.441
1931, 11, -0.452, , -0.430, -0.419, -0.440
1931, 12, -0.412, , -0.429, -0.419, -0.440
1932, 1, -0.298, , -0.429, -0.418, -0.439
1932, 2, -0.266, , -0.428, -0.418, -0.439
1932, 3, -0.495, , -0.428, -0.417, -0.438
1932, 4, -0.546, , -0.427, -0.417, -0.438
1932, 5, -0.519, , -0.427, -0.416, -0.437
1932, 6, -0.502, , -0.426, -0.416, -0.437
1932, 7, -0.447, , -0.426, -0.415, -0.436
1932, 8, -0.404, , -0.425, -0.415, -0.435
1932, 9, -0.446, , -0.425, -0.414, -0.435
1932, 10, -0.516, , -0.424, -0.414, -0.434
1932, 11, -0.577, , -0.423, -0.413, -0.434
1932, 12, -0.405, , -0.423, -0.413, -0.433
1933, 1, -0.402, , -0.422, -0.412, -0.433
1933, 2, -0.339, , -0.422, -0.412, -0.432
1933, 3, -0.388, , -0.421, -0.411, -0.432
1933, 4, -0.409, , -0.421, -0.411, -0.431
1933, 5, -0.370, , -0.420, -0.410, -0.431
1933, 6, -0.451, , -0.420, -0.409, -0.430
1933, 7, -0.355, , -0.419, -0.409, -0.429
1933, 8, -0.315, , -0.419, -0.408, -0.429
1933, 9, -0.376, , -0.418, -0.408, -0.428
1933, 10, -0.406, , -0.418, -0.407, -0.428
1933, 11, -0.479, , -0.417, -0.407, -0.427
1933, 12, -0.469, , -0.417, -0.406, -0.427
1934, 1, -0.378, , -0.416, -0.406, -0.426
1934, 2, -0.464, , -0.416, -0.405, -0.426
1934, 3, -0.498, , -0.415, -0.405, -0.425
1934, 4, -0.482, , -0.414, -0.404, -0.425
1934, 5, -0.538, , -0.414, -0.404, -0.424
1934, 6, -0.512, , -0.413, -0.403, -0.423
1934, 7, -0.477, , -0.413, -0.403, -0.423
1934, 8, -0.498, , -0.412, -0.402, -0.422
1934, 9, -0.537, , -0.412, -0.402, -0.422
1934, 10, -0.476, , -0.411, -0.401, -0.421
1934, 11, -0.421, , -0.411, -0.401, -0.421
1934, 12, -0.494, , -0.410, -0.400, -0.420
1935, 1, -0.470, , -0.410, -0.400, -0.420
1935, 2, -0.479, , -0.409, -0.399, -0.419
1935, 3, -0.464, , -0.409, -0.399, -0.419
1935, 4, -0.522, , -0.408, -0.398, -0.418
1935, 5, -0.367, , -0.408, -0.398, -0.418
1935, 6, -0.399, , -0.407, -0.397, -0.417
1935, 7, -0.364, , -0.406, -0.397, -0.416
1935, 8, -0.440, , -0.406, -0.396, -0.416
1935, 9, -0.485, , -0.405, -0.396, -0.415
1935, 10, -0.390, , -0.405, -0.395, -0.415
1935, 11, -0.400, , -0.404, -0.395, -0.414
1935, 12, -0.418, , -0.404, -0.394, -0.414
1936, 1, -0.466, , -0.403, -0.393, -0.413
1936, 2, -0.382, , -0.403, -0.393, -0.413
1936, 3, -0.482, , -0.402, -0.392, -0.412
1936, 4, -0.528, , -0.402, -0.392, -0.412
1936, 5, -0.321, , -0.401, -0.391, -0.411
1936, 6, -0.356, , -0.401, -0.391, -0.410
1936, 7, -0.383, , -0.400, -0.390, -0.410
1936, 8, -0.343, , -0.400, -0.390, -0.409
1936, 9, -0.458, , -0.399, -0.389, -0.409
1936, 10, -0.472, , -0.399, -0.389, -0.408
1936, 11, -0.519, , -0.398, -0.388, -0.408
1936, 12, -0.451, , -0.397, -0.388, -0.407
1937, 1, -0.272, , -0.397, -0.387, -0.407
1937, 2, -0.275, , -0.396, -0.387, -0.406
1937, 3, -0.321, , -0.396, -0.386, -0.406
1937, 4, -0.446, , -0.395, -0.386, -0.405
1937, 5, -0.471, , -0.395, -0.385, -0.404
1937, 6, -0.435, , -0.394, -0.385, -0.404
1937, 7, -0.337, , -0.394, -0.384, -0.403
1937, 8, -0.376, , -0.393, -0.384, -0.403
1937, 9, -0.446, , -0.393, -0.383, -0.402
1937, 10, -0.428, , -0.392, -0.383, -0.402
1937, 11, -0.452, , -0.392, -0.382, -0.401
1937, 12, -0.445, , -0.391, -0.382, -0.401
1938, 1, -0.494, , -0.391, -0.381, -0.400
1938, 2, -0.442, , -0.390, -0.381, -0.400
1938, 3, -0.318, , -0.390, -0.380, -0.399
1938, 4, -0.415, , -0.389, -0.379, -0.398
1938, 5, -0.373, , -0.388, -0.379, -0.398
1938, 6, -0.481, , -0.388, -0.378, -0.397
1938, 7, -0.453, , -0.387, -0.378, -0.397
1938, 8, -0.285, , -0.387, -0.377, -0.396
1938, 9, -0.418, , -0.386, -0.377, -0.396
1938, 10, -0.366, , -0.386, -0.376, -0.395
1938, 11, -0.415, , -0.385, -0.376, -0.395
1938, 12, -0.402, , -0.385, -0.375, -0.394
1939, 1, -0.424, , -0.384, -0.375, -0.394
1939, 2, -0.363, , -0.384, -0.374, -0.393
1939, 3, -0.376, , -0.383, -0.374, -0.393
1939, 4, -0.428, , -0.383, -0.373, -0.392
1939, 5, -0.452, , -0.382, -0.373, -0.391
1939, 6, -0.402, , -0.382, -0.372, -0.391
1939, 7, -0.462, , -0.381, -0.372, -0.390
1939, 8, -0.519, , -0.380, -0.371, -0.390
1939, 9, -0.522, , -0.380, -0.371, -0.389
1939, 10, -0.400, , -0.379, -0.370, -0.389
1939, 11, -0.385, , -0.379, -0.370, -0.388
1939, 12, -0.515, , -0.378, -0.369, -0.388
1940, 1, -0.576, , -0.378, -0.369, -0.387
1940, 2, -0.610, , -0.377, -0.368, -0.387
1940, 3, -0.519, , -0.377, -0.368, -0.386
1940, 4, -0.546, , -0.376, -0.367, -0.385
1940, 5, -0.571, , -0.376, -0.367, -0.385
1940, 6, -0.469, , -0.375, -0.366, -0.384
1940, 7, -0.444, , -0.375, -0.365, -0.384
1940, 8, -0.464, , -0.374, -0.365, -0.383
1940, 9, -0.370, , -0.374, -0.364, -0.383
1940, 10, -0.406, , -0.373, -0.364, -0.382
1940, 11, -0.342, , -0.373, -0.363, -0.382
1940, 12, -0.274, , -0.372, -0.363, -0.381
1941, 1, -0.330, , -0.371, -0.362, -0.381
1941, 2, -0.418, , -0.371, -0.362, -0.380
1941, 3, -0.470, , -0.370, -0.361, -0.380
1941, 4, -0.391, , -0.370, -0.361, -0.379
1941, 5, -0.382, , -0.369, -0.360, -0.378
1941, 6, -0.399, , -0.369, -0.360, -0.378
1941, 7, -0.389, , -0.368, -0.359, -0.377
1941, 8, -0.471, , -0.368, -0.359, -0.377
1941, 9, -0.178, , -0.367, -0.358, -0.376
1941, 10, -0.280, , -0.367, -0.358, -0.376
1941, 11, -0.369, , -0.366, -0.357, -0.375
1941, 12, -0.268, , -0.366, -0.357, -0.375
1942, 1, -0.420, , -0.365, -0.356, -0.374
1942, 2, -0.348, , -0.365, -0.356, -0.374
1942, 3, -0.495, , -0.364, -0.355, -0.373
1942, 4, -0.315, , -0.364, -0.355, -0.372
1942, 5, -0.333, , -0.363, -0.354, -0.372
1942, 6, -0.353, , -0.362, -0.354, -0.371
1942, 7, -0.325, , -0.362, -0.353, -0.371
1942, 8, -0.263, , -0.361, -0.352, -0.370
1942, 9, -0.333, , -0.361, -0.352, -0.370
1942, 10, -0.400, , -0.360, -0.351, -0.369
1942, 11, -0.327, , -0.360, -0.351, -0.369
1942, 12, -0.399, , -0.359, -0.350, -0.368
1943, 1, -0.382, , -0.359, -0.350, -0.368
1943, 2, -0.409, , -0.358, -0.349, -0.367
1943, 3, -0.315, , -0.358, -0.349, -0.367
1943, 4, -0.330, , -0.357, -0.348, -0.366
1943, 5, -0.324, , -0.357, -0.348, -0.365
1943, 6, -0.283, , -0.356, -0.347, -0.365
1943, 7, -0.392, , -0.356, -0.347, -0.364
1943, 8, -0.382, , -0.355, -0.346, -0.364
1943, 9, -0.348, , -0.354, -0.346, -0.363
1943, 10, -0.376, , -0.354, -0.345, -0.363
1943, 11, -0.382, , -0.353, -0.345, -0.362
1943, 12, -0.357, , -0.353, -0.344, -0.362
1944, 1, -0.344, , -0.352, -0.344, -0.361
1944, 2, -0.327, , -0.352, -0.343, -0.361
1944, 3, -0.263, , -0.351, -0.343, -0.360
1944, 4, -0.248, , -0.351, -0.342, -0.359
1944, 5, -0.199, , -0.350, -0.342, -0.359
1944, 6, -0.249, , -0.350, -0.341, -0.358
1944, 7, -0.325, , -0.349, -0.341, -0.358
1944, 8, -0.352, , -0.349, -0.340, -0.357
1944, 9, -0.367, , -0.348, -0.339, -0.357
1944, 10, -0.384, , -0.348, -0.339, -0.356
1944, 11, -0.299, , -0.347, -0.338, -0.356
1944, 12, -0.442, , -0.347, -0.338, -0.355
1945, 1, -0.362, , -0.346, -0.337, -0.355
1945, 2, -0.369, , -0.345, -0.337, -0.354
1945, 3, -0.278, , -0.345, -0.336, -0.354
1945, 4, -0.129, , -0.344, -0.336, -0.353
1945, 5, -0.315, , -0.344, -0.335, -0.352
1945, 6, -0.243, , -0.343, -0.335, -0.352
1945, 7, -0.267, , -0.343, -0.334, -0.351
1945, 8, -0.224, , -0.342, -0.334, -0.351
1945, 9, -0.284, , -0.342, -0.333, -0.350
1945, 10, -0.244, , -0.341, -0.333, -0.350
1945, 11, -0.296, , -0.341, -0.332, -0.349
1945, 12, -0.348, , -0.340, -0.332, -0.349
1946, 1, -0.314, , -0.340, -0.331, -0.348
1946, 2, -0.318, , -0.339, -0.331, -0.348
1946, 3, -0.297, , -0.339, -0.330, -0.347
1946, 4, -0.385, , -0.338, -0.330, -0.347
1946, 5, -0.239, , -0.338, -0.329, -0.346
1946, 6, -0.213, , -0.337, -0.329, -0.345
1946, 7, -0.407, , -0.336, -0.328, -0.345
1946, 8, -0.352, , -0.336, -0.327, -0.344
1946, 9, -0.290, , -0.335, -0.327, -0.344
1946, 10, -0.216, , -0.335, -0.326, -0.343
1946, 11, -0.107, , -0.334, -0.326, -0.343
1946, 12, -0.204, , -0.334, -0.325, -0.342
1947, 1, -0.260, , -0.333, -0.325, -0.342
1947, 2, -0.345, , -0.333, -0.324, -0.341
1947, 3, -0.364, , -0.332, -0.324, -0.341
1947, 4, -0.324, , -0.332, -0.323, -0.340
1947, 5, -0.327, , -0.331, -0.323, -0.339
1947, 6, -0.307, , -0.331, -0.322, -0.339
1947, 7, -0.313, , -0.330, -0.322, -0.338
1947, 8, -0.187, , -0.330, -0.321, -0.338
1947, 9, -0.367, , -0.329, -0.321, -0.337
1947, 10, -0.336, , -0.328, -0.320, -0.337
1947, 11, -0.220, , -0.328, -0.320, -0.336
1947, 12, -0.229, , -0.327, -0.319, -0.336
1948, 1, -0.308, , -0.327, -0.319, -0.335
1948, 2, -0.287, , -0.326, -0.318, -0.335
1948, 3, -0.138, , -0.326, -0.318, -0.334
1948, 4, -0.211, , -0.325, -0.317, -0.334
1948, 5, -0.285, , -0.325, -0.317, -0.333
1948, 6, -0.362, , -0.324, -0.316, -0.332
1948, 7, -0.246, , -0.324, -0.315, -0.332
1948, 8, -0.263, , -0.323, -0.315, -0.331
1948, 9, -0.239, , -0.323, -0.314, -0.331
1948, 10, -0.262, , -0.322, -0.314, -0.330
1948, 11, -0.305, , -0.322, -0.313, -0.330
1948, 12, -0.311, , -0.321, -0.313, -0.329
1949, 1, -0.260, , -0.321, -0.312, -0.329
1949, 2, -0.174, , -0.320, -0.312, -0.328
1949, 3, -0.135, , -0.319, -0.311, -0.328
1949, 4, -0.300, , -0.319, -0.311, -0.327
1949, 5, -0.272, , -0.318, -0.310, -0.327
1949, 6, -0.286, , -0.318, -0.310, -0.326
1949, 7, -0.276, , -0.317, -0.309, -0.325
1949, 8, -0.333, , -0.317, -0.309, -0.325
1949, 9, -0.254, , -0.316, -0.308, -0.324
1949, 10, -0.128, , -0.316, -0.308, -0.324
1949, 11, -0.379, , -0.315, -0.307, -0.323
1949, 12, -0.149, , -0.315, -0.307, -0.323
1950, 1, -0.082, , -0.314, -0.306, -0.322
1950, 2, -0.165, , -0.314, -0.306, -0.322
1950, 3, -0.181, , -0.313, -0.305, -0.321
1950, 4, -0.172, , -0.313, -0.305, -0.321
1950, 5, -0.297, , -0.312, -0.304, -0.320
1950, 6, -0.295, , -0.312, -0.303, -0.320
1950, 7, -0.270, , -0.311, -0.303, -0.319
1950, 8, -0.215, , -0.310, -0.302, -0.318
1950, 9, -0.269, , -0.310, -0.302, -0.318
1950, 10, -0.248, , -0.309, -0.301, -0.317
1950, 11, -0.369, , -0.309, -0.301, -0.317
1950, 12, -0.332, , -0.308, -0.300, -0.316
1951, 1, -0.298, , -0.308, -0.300, -0.316
1951, 2, -0.330, , -0.307, -0.299, -0.315
1951, 3, -0.306, , -0.307, -0.299, -0.315
1951, 4, -0.394, , -0.306, -0.298, -0.314
1951, 5, -0.358, , -0.306, -0.298, -0.314
1951, 6, -0.396, , -0.305, -0.297, -0.313
1951, 7, -0.343, , -0.305, -0.297, -0.313
1951, 8, -0.358, , -0.304, -0.296, -0.312
1951, 9, -0.345, , -0.304, -0.296, -0.312
1951, 10, -0.300, , -0.303, -0.295, -0.311
1951, 11, -0.369, , -0.302, -0.295, -0.310
1951, 12, -0.226, , -0.302, -0.294, -0.310
1952, 1, -0.192, , -0.301, -0.294, -0.309
1952, 2, -0.284, , -0.301, -0.293, -0.309
1952, 3, -0.214, , -0.300, -0.292, -0.308
1952, 4, -0.373, , -0.300, -0.292, -0.308
1952, 5, -0.349, , -0.299, -0.291, -0.307
1952, 6, -0.356, , -0.299, -0.291, -0.307
1952, 7, -0.197, , -0.298, -0.290, -0.306
1952, 8, -0.340, , -0.298, -0.290, -0.306
1952, 9, -0.269, , -0.297, -0.289, -0.305
1952, 10, -0.448, , -0.297, -0.289, -0.305
1952, 11, -0.363, , -0.296, -0.288, -0.304
1952, 12, -0.323, , -0.296, -0.288, -0.303
1953, 1, -0.434, , -0.295, -0.287, -0.303
1953, 2, -0.281, , -0.295, -0.287, -0.302
1953, 3, -0.281, , -0.294, -0.286, -0.302
1953, 4, -0.278, , -0.293, -0.286, -0.301
1953, 5, -0.245, , -0.293, -0.285, -0.301
1953, 6, -0.213, , -0.292, -0.285, -0.300
1953, 7, -0.291, , -0.292, -0.284, -0.300
1953, 8, -0.297, , -0.291, -0.284, -0.299
1953, 9, -0.309, , -0.291, -0.283, -0.299
1953, 10, -0.320, , -0.290, -0.282, -0.298
1953, 11, -0.363, , -0.290, -0.282, -0.298
1953, 12, -0.335, , -0.289, -0.281, -0.297
1954, 1, -0.314, , -0.289, -0.281, -0.296
1954, 2, -0.357, , -0.288, -0.280, -0.296
1954, 3, -0.339, , -0.288, -0.280, -0.295
1954, 4, -0.345, , -0.287, -0.279, -0.295
1954, 5, -0.312, , -0.287, -0.279, -0.294
1954, 6, -0.377, , -0.286, -0.278, -0.294
1954, 7, -0.416, , -0.286, -0.278, -0.293
1954, 8, -0.358, , -0.285, -0.277, -0.293
1954, 9, -0.278, , -0.284, -0.277, -0.292
1954, 10, -0.300, , -0.284, -0.276, -0.292
1954, 11, -0.394, , -0.283, -0.276, -0.291
1954, 12, -0.482, , -0.283, -0.275, -0.291
1955, 1, -0.360, , -0.282, -0.275, -0.290
1955, 2, -0.266, , -0.282, -0.274, -0.290
1955, 3, -0.336, , -0.281, -0.274, -0.289
1955, 4, -0.293, , -0.281, -0.273, -0.288
1955, 5, -0.336, , -0.280, -0.272, -0.288
1955, 6, -0.326, , -0.280, -0.272, -0.287
1955, 7, -0.233, , -0.279, -0.271, -0.287
1955, 8, -0.297, , -0.279, -0.271, -0.286
1955, 9, -0.266, , -0.278, -0.270, -0.286
1955, 10, -0.354, , -0.278, -0.270, -0.285
1955, 11, -0.272, , -0.277, -0.269, -0.285
1955, 12, -0.302, , -0.276, -0.269, -0.284
1956, 1, -0.318, , -0.276, -0.268, -0.284
1956, 2, -0.299, , -0.275, -0.268, -0.283
1956, 3, -0.294, , -0.275, -0.267, -0.283
1956, 4, -0.306, , -0.274, -0.267, -0.282
1956, 5, -0.318, , -0.274, -0.266, -0.282
1956, 6, -0.317, , -0.273, -0.266, -0.281
1956, 7, -0.419, , -0.273, -0.265, -0.280
1956, 8, -0.367, , -0.272, -0.265, -0.280
1956, 9, -0.296, , -0.272, -0.264, -0.279
1956, 10, -0.330, , -0.271, -0.264, -0.279
1956, 11, -0.369, , -0.271, -0.263, -0.278
1956, 12, -0.439, , -0.270, -0.262, -0.278
1957, 1, -0.324, , -0.270, -0.262, -0.277
1957, 2, -0.250, , -0.269, -0.261, -0.277
1957, 3, -0.351, , -0.269, -0.261, -0.276
1957, 4, -0.226, , -0.268, -0.260, -0.276
1957, 5, -0.187, , -0.267, -0.260, -0.275
1957, 6, -0.131, , -0.267, -0.259, -0.275
1957, 7, -0.255, , -0.266, -0.259, -0.274
1957, 8, -0.227, , -0.266, -0.258, -0.273
1957, 9, -0.239, , -0.265, -0.258, -0.273
1957, 10, -0.232, , -0.265, -0.257, -0.272
1957, 11, -0.177, , -0.264, -0.257, -0.272
1957, 12, -0.320, , -0.264, -0.256, -0.271
1958, 1, -0.256, , -0.263, -0.256, -0.271
1958, 2, -0.330, , -0.263, -0.255, -0.270
1958, 3, -0.303, , -0.262, -0.255, -0.270
1958, 4, -0.306, , -0.262, -0.254, -0.269
1958, 5, -0.315, , -0.261, -0.254, -0.269
1958, 6, -0.274, , -0.261, -0.253, -0.268
1958, 7, -0.224, , -0.260, -0.252, -0.268
1958, 8, -0.309, , -0.260, -0.252, -0.267
1958, 9, -0.147, , -0.259, -0.251, -0.267
1958, 10, -0.134, , -0.258, -0.251, -0.266
1958, 11, -0.180, , -0.258, -0.250, -0.265
1958, 12, -0.262, , -0.257, -0.250, -0.265
1959, 1, -0.262, , -0.257, -0.249, -0.264
1959, 2, -0.205, , -0.256, -0.249, -0.264
1959, 3, -0.303, , -0.256, -0.248, -0.263
1959, 4, -0.275, , -0.255, -0.248, -0.263
1959, 5, -0.202, , -0.255, -0.247, -0.262
1959, 6, -0.216, , -0.254, -0.247, -0.262
1959, 7, -0.230, , -0.254, -0.246, -0.261
1959, 8, -0.169, , -0.253, -0.246, -0.261
1959, 9, -0.263, , -0.253, -0.245, -0.260
1959, 10, -0.250, , -0.252, -0.245, -0.260
1959, 11, -0.336, , -0.252, -0.244, -0.259
1959, 12, -0.299, , -0.251, -0.243, -0.259
1960, 1, -0.222, , -0.250, -0.243, -0.258
1960, 2, -0.269, , -0.250, -0.242, -0.258
1960, 3, -0.290, , -0.249, -0.242, -0.257
1960, 4, -0.312, , -0.249, -0.241, -0.256
1960, 5, -0.336, , -0.248, -0.241, -0.256
1960, 6, -0.301, , -0.248, -0.240, -0.255
1960, 7, -0.267, , -0.247, -0.240, -0.255
1960, 8, -0.205, , -0.247, -0.239, -0.254
1960, 9, -0.278, , -0.246, -0.239, -0.254
1960, 10, -0.318, , -0.246, -0.238, -0.253
1960, 11, -0.257, , -0.245, -0.238, -0.253
1960, 12, -0.192, , -0.245, -0.237, -0.252
1961, 1, -0.302, , -0.244, -0.237, -0.252
1961, 2, -0.272, , -0.244, -0.236, -0.251
1961, 3, -0.208, , -0.243, -0.236, -0.251
1961, 4, -0.327, , -0.243, -0.235, -0.250
1961, 5, -0.278, , -0.242, -0.234, -0.250
1961, 6, -0.286, , -0.241, -0.234, -0.249
1961, 7, -0.172, , -0.241, -0.233, -0.248
1961, 8, -0.160, , -0.240, -0.233, -0.248
1961, 9, 0.039, , -0.240, -0.232, -0.247
1961, 10, -0.226, , -0.239, -0.232, -0.247
1961, 11, -0.150, , -0.239, -0.231, -0.246
1961, 12, -0.162, , -0.238, -0.231, -0.246
1962, 1, -0.348, , -0.238, -0.230, -0.245
1962, 2, -0.208, , -0.237, -0.230, -0.245
1962, 3, -0.190, , -0.237, -0.229, -0.244
1962, 4, -0.248, , -0.236, -0.229, -0.244
1962, 5, -0.266, , -0.236, -0.228, -0.243
1962, 6, -0.252, , -0.235, -0.228, -0.243
1962, 7, -0.334, , -0.235, -0.227, -0.242
1962, 8, -0.257, , -0.234, -0.227, -0.242
1962, 9, -0.272, , -0.234, -0.226, -0.241
1962, 10, -0.332, , -0.233, -0.225, -0.241
1962, 11, -0.321, , -0.232, -0.225, -0.240
1962, 12, -0.284, , -0.232, -0.224, -0.239
1963, 1, -0.250, , -0.231, -0.224, -0.239
1963, 2, -0.357, , -0.231, -0.223, -0.238
1963, 3, -0.297, , -0.230, -0.223, -0.238
1963, 4, -0.281, , -0.230, -0.222, -0.237
1963, 5, -0.379, , -0.229, -0.222, -0.237
1963, 6, -0.353, , -0.229, -0.221, -0.236
1963, 7, -0.316, , -0.228, -0.221, -0.236
1963, 8, -0.370, , -0.228, -0.220, -0.235
1963, 9, -0.272, , -0.227, -0.220, -0.235
1963, 10, -0.288, , -0.227, -0.219, -0.234
1963, 11, -0.257, , -0.226, -0.219, -0.234
1963, 12, -0.381, , -0.226, -0.218, -0.233
1964, 1, -0.394, , -0.225, -0.217, -0.233
1964, 2, -0.378, , -0.224, -0.217, -0.232
1964, 3, -0.306, , -0.224, -0.216, -0.232
1964, 4, -0.281, , -0.223, -0.216, -0.231
1964, 5, -0.278, , -0.223, -0.215, -0.230
1964, 6, -0.323, , -0.222, -0.215, -0.230
1964, 7, -0.319, , -0.222, -0.214, -0.229
1964, 8, -0.257, , -0.221, -0.214, -0.229
1964, 9, -0.242, , -0.221, -0.213, -0.228
1964, 10, -0.320, , -0.220, -0.213, -0.228
1964, 11, -0.266, , -0.220, -0.212, -0.227
1964, 12, -0.195, , -0.219, -0.212, -0.227
1965, 1, -0.284, , -0.219, -0.211, -0.226
1965, 2, -0.223, , -0.218, -0.211, -0.226
1965, 3, -0.382, , -0.218, -0.210, -0.225
1965, 4, -0.297, , -0.217, -0.209, -0.225
1965, 5, -0.236, , -0.217, -0.209, -0.224
1965, 6, -0.213, , -0.216, -0.208, -0.224
1965, 7, -0.279, , -0.215, -0.208, -0.223
1965, 8, -0.218, , -0.215, -0.207, -0.223
1965, 9, -0.147, , -0.214, -0.207, -0.222
1965, 10, -0.224, , -0.214, -0.206, -0.221
1965, 11, -0.123, , -0.213, -0.206, -0.221
1965, 12, -0.104, , -0.213, -0.205, -0.220
1966, 1, -0.164, , -0.212, -0.205, -0.220
1966, 2, -0.217, , -0.212, -0.204, -0.219
1966, 3, -0.318, , -0.211, -0.204, -0.219
1966, 4, -0.239, , -0.211, -0.203, -0.218
1966, 5, -0.150, , -0.210, -0.203, -0.218
1966, 6, -0.243, , -0.210, -0.202, -0.217
1966, 7, -0.243, , -0.209, -0.201, -0.217
1966, 8, -0.269, , -0.209, -0.201, -0.216
1966, 9, -0.327, , -0.208, -0.200, -0.216
1966, 10, -0.290, , -0.208, -0.200, -0.215
1966, 11, -0.312, , -0.207, -0.199, -0.215
1966, 12, -0.287, , -0.206, -0.199, -0.214
1967, 1, -0.254, , -0.206, -0.198, -0.214
1967, 2, -0.244, , -0.205, -0.198, -0.213
1967, 3, -0.233, , -0.205, -0.197, -0.212
1967, 4, -0.156, , -0.204, -0.197, -0.212
1967, 5, -0.199, , -0.204, -0.196, -0.211
1967, 6, -0.143, , -0.203, -0.196, -0.211
1967, 7, -0.200, , -0.203, -0.195, -0.210
1967, 8, -0.175, , -0.202, -0.195, -0.210
1967, 9, -0.211, , -0.202, -0.194, -0.209
1967, 10, -0.300, , -0.201, -0.193, -0.209
1967, 11, -0.217, , -0.201, -0.193, -0.208
1967, 12, -0.174, , -0.200, -0.192, -0.208
1968, 1, -0.196, , -0.200, -0.192, -0.207
1968, 2, -0.229, , -0.199, -0.191, -0.207
1968, 3, -0.321, , -0.198, -0.191, -0.206
1968, 4, -0.226, , -0.198, -0.190, -0.206
1968, 5, -0.263, , -0.197, -0.190, -0.205
1968, 6, -0.231, , -0.197, -0.189, -0.205
1968, 7, -0.148, , -0.196, -0.189, -0.204
1968, 8, -0.144, , -0.196, -0.188, -0.204
1968, 9, -0.196, , -0.195, -0.188, -0.203
1968, 10, -0.250, , -0.195, -0.187, -0.202
1968, 11, -0.287, , -0.194, -0.187, -0.202
1968, 12, -0.274, , -0.194, -0.186, -0.201
1969, 1, -0.150, , -0.193, -0.185, -0.201
1969, 2, -0.129, , -0.193, -0.185, -0.200
1969, 3, -0.217, , -0.192, -0.184, -0.200
1969, 4, -0.211, , -0.192, -0.184, -0.199
1969, 5, -0.224, , -0.191, -0.183, -0.199
1969, 6, -0.188, , -0.191, -0.183, -0.198
1969, 7, -0.249, , -0.190, -0.182, -0.198
1969, 8, -0.166, , -0.189, -0.182, -0.197
1969, 9, -0.272, , -0.189, -0.181, -0.197
1969, 10, -0.126, , -0.188, -0.181, -0.196
1969, 11, -0.321, , -0.188, -0.180, -0.196
1969, 12, -0.280, , -0.187, -0.180, -0.195
1970, 1, -0.274, , -0.187, -0.179, -0.195
1970, 2, -0.314, , -0.186, -0.179, -0.194
1970, 3, -0.211, , -0.186, -0.178, -0.194
1970, 4, -0.184, , -0.185, -0.177, -0.193
1970, 5, -0.157, , -0.185, -0.177, -0.192
1970, 6, -0.256, , -0.184, -0.176, -0.192
1970, 7, -0.212, , -0.184, -0.176, -0.191
1970, 8, -0.157, , -0.183, -0.175, -0.191
1970, 9, -0.193, , -0.183, -0.175, -0.190
1970, 10, -0.172, , -0.182, -0.174, -0.190
1970, 11, -0.333, , -0.182, -0.174, -0.189
1970, 12, -0.159, , -0.181, -0.173, -0.189
1971, 1, -0.140, , -0.180, -0.173, -0.188
1971, 2, -0.208, , -0.180, -0.172, -0.188
1971, 3, -0.275, , -0.179, -0.172, -0.187
1971, 4, -0.226, , -0.179, -0.171, -0.187
1971, 5, -0.278, , -0.178, -0.170, -0.186
1971, 6, -0.344, , -0.178, -0.170, -0.186
1971, 7, -0.276, , -0.177, -0.169, -0.185
1971, 8, -0.269, , -0.177, -0.169, -0.185
1971, 9, -0.138, , -0.176, -0.168, -0.184
1971, 10, -0.208, , -0.176, -0.168, -0.184
1971, 11, -0.077, , -0.175, -0.167, -0.183
1971, 12, -0.012, , -0.175, -0.167, -0.183
1972, 1, -0.018, , -0.174, -0.166, -0.182
1972, 2, -0.214, , -0.174, -0.166, -0.181
1972, 3, -0.150, , -0.173, -0.165, -0.181
1972, 4, -0.074, , -0.172, -0.165, -0.180
1972, 5, -0.144, U, -0.172, -0.164, -0.180
1972, 6, -0.100, , -0.171, -0.163, -0.179
1972, 7, -0.029, , -0.171, -0.163, -0.179
1972, 8, -0.175, , -0.170, -0.162, -0.178
1972, 9, -0.135, , -0.170, -0.162, -0.178
1972, 10, -0.122, , -0.169, -0.161, -0.177
1972, 11, -0.107, , -0.169, -0.161, -0.177
1972, 12, -0.104, , -0.168, -0.160, -0.176
1973, 1, -0.086, , -0.168, -0.160, -0.176
1973, 2, -0.065, , -0.167, -0.159, -0.175
1973, 3, 0.017, , -0.167, -0.159, -0.175
1973, 4, -0.050, , -0.166, -0.158, -0.174
1973, 5, -0.154, , -0.166, -0.158, -0.174
1973, 6, -0.097, , -0.165, -0.157, -0.173
1973, 7, -0.194, , -0.165, -0.157, -0.173
1973, 8, -0.114, , -0.164, -0.156, -0.172
1973, 9, -0.068, , -0.163, -0.155, -0.172
1973, 10, -0.056, , -0.163, -0.155, -0.171
1973, 11, -0.016, , -0.162, -0.154, -0.170
1973, 12, -0.152, , -0.162, -0.154, -0.170
1974, 1, -0.050, , -0.161, -0.153, -0.169
1974, 2, -0.199, , -0.161, -0.153, -0.169
1974, 3, -0.095, , -0.160, -0.152, -0.168
1974, 4, -0.022, , -0.160, -0.152, -0.168
1974, 5, -0.013, , -0.159, -0.151, -0.167
1974, 6, -0.109, , -0.159, -0.151, -0.167
1974, 7, -0.188, , -0.158, -0.150, -0.166
1974, 8, -0.154, , -0.158, -0.150, -0.166
1974, 9, -0.156, , -0.157, -0.149, -0.165
1974, 10, -0.074, , -0.157, -0.148, -0.165
1974, 11, -0.116, , -0.156, -0.148, -0.164
1974, 12, -0.159, , -0.156, -0.147, -0.164
1975, 1, -0.052, , -0.155, -0.147, -0.163
1975, 2, -0.052, , -0.154, -0.146, -0.163
1975, 3, -0.004, , -0.154, -0.146, -0.162
1975, 4, 0.005, , -0.153, -0.145, -0.162
1975, 5, -0.019, , -0.153, -0.145, -0.161
1975, 6, -0.045, , -0.152, -0.144, -0.161
1975, 7, -0.075, , -0.152, -0.144, -0.160
1975, 8, -0.053, , -0.151, -0.143, -0.159
1975, 9, -0.016, , -0.151, -0.143, -0.159
1975, 10, -0.160, , -0.150, -0.142, -0.158
1975, 11, -0.062, , -0.150, -0.141, -0.158
1975, 12, -0.076, , -0.149, -0.141, -0.157
1976, 1, -0.192, , -0.149, -0.140, -0.157
1976, 2, -0.308, , -0.148, -0.140, -0.156
1976, 3, -0.120, , -0.148, -0.139, -0.156
1976, 4, -0.117, , -0.147, -0.139, -0.155
1976, 5, -0.218, , -0.146, -0.138, -0.155
1976, 6, -0.091, , -0.146, -0.138, -0.154
1976, 7, -0.133, , -0.145, -0.137, -0.154
1976, 8, -0.184, , -0.145, -0.137, -0.153
1976, 9, -0.251, , -0.144, -0.136, -0.153
1976, 10, -0.280, , -0.144, -0.136, -0.152
1976, 11, -0.272, , -0.143, -0.135, -0.152
1976, 12, -0.226, , -0.143, -0.134, -0.151
1977, 1, -0.208, , -0.142, -0.134, -0.151
1977, 2, -0.217, , -0.142, -0.133, -0.150
1977, 3, -0.095, , -0.141, -0.133, -0.150
1977, 4, -0.168, , -0.141, -0.132, -0.149
1977, 5, -0.093, , -0.140, -0.132, -0.149
1977, 6, -0.161, , -0.140, -0.131, -0.148
1977, 7, -0.145, , -0.139, -0.131, -0.147
1977, 8, -0.044, , -0.139, -0.130, -0.147
1977, 9, -0.098, , -0.138, -0.130, -0.146
1977, 10, -0.180, , -0.137, -0.129, -0.146
1977, 11, -0.129, , -0.137, -0.128, -0.145
1977, 12, -0.119, , -0.136, -0.128, -0.145
1978, 1, -0.152, , -0.136, -0.127, -0.144
1978, 2, -0.174, , -0.135, -0.127, -0.144
1978, 3, -0.269, , -0.135, -0.126, -0.143
1978, 4, -0.168, , -0.134, -0.126, -0.143
1978, 5, -0.135, , -0.134, -0.125, -0.142
1978, 6, -0.112, , -0.133, -0.125, -0.142
1978, 7, -0.151, , -0.133, -0.124, -0.141
1978, 8, -0.160, , -0.132, -0.124, -0.141
1978, 9, -0.126, , -0.132, -0.123, -0.140
1978, 10, -0.122, , -0.131, -0.123, -0.140
1978, 11, -0.065, , -0.131, -0.122, -0.139
1978, 12, -0.098, , -0.130, -0.121, -0.139
1979, 1, -0.186, , -0.130, -0.121, -0.138
1979, 2, -0.071, , -0.129, -0.120, -0.138
1979, 3, -0.063, , -0.128, -0.120, -0.137
1979, 4, 0.030, , -0.128, -0.119, -0.137
1979, 5, -0.057, , -0.127, -0.119, -0.136
1979, 6, -0.052, , -0.127, -0.118, -0.135
1979, 7, 0.032, , -0.126, -0.118, -0.135
1979, 8, -0.044, , -0.126, -0.117, -0.134
1979, 9, 0.042, , -0.125, -0.117, -0.134
1979, 10, -0.186, , -0.125, -0.116, -0.133
1979, 11, -0.153, , -0.124, -0.116, -0.133
1979, 12, -0.125, , -0.124, -0.115, -0.132
1980, 1, -0.050, , -0.123, -0.114, -0.132
1980, 2, -0.061, , -0.123, -0.114, -0.131
1980, 3, -0.105, , -0.122, -0.113, -0.131
1980, 4, -0.190, , -0.122, -0.113, -0.130
1980, 5, -0.117, , -0.121, -0.112, -0.130
1980, 6, -0.201, , -0.120, -0.112, -0.129
1980, 7, -0.166, , -0.120, -0.111, -0.129
1980, 8, -0.041, , -0.119, -0.111, -0.128
1980, 9, -0.171, , -0.119, -0.110, -0.128
1980, 10, -0.266, , -0.118, -0.110, -0.127
1980, 11, -0.190, , -0.118, -0.109, -0.127
1980, 12, -0.186, , -0.117, -0.109, -0.126
1981, 1, -0.174, , -0.117, -0.108, -0.126
1981, 2, -0.165, , -0.116, -0.107, -0.125
1981, 3, -0.218, , -0.116, -0.107, -0.125
1981, 4, -0.128, , -0.115, -0.106, -0.124
1981, 5, -0.099, , -0.115, -0.106, -0.124
1981, 6, -0.055, , -0.114, -0.105, -0.123
1981, 7, -0.066, , -0.114, -0.105, -0.122
1981, 8, -0.080, , -0.113, -0.104, -0.122
1981, 9, -0.181, , -0.113, -0.104, -0.121
1981, 10, -0.150, , -0.112, -0.103, -0.121
1981, 11, -0.107, , -0.111, -0.103, -0.120
1981, 12, -0.085, , -0.111, -0.102, -0.120
1982, 1, -0.132, , -0.110, -0.101, -0.119
1982, 2, -0.125, , -0.110, -0.101, -0.119
1982, 3, -0.082, , -0.109, -0.100, -0.118
1982, 4, -0.077, , -0.109, -0.100, -0.118
1982, 5, -0.102, , -0.108, -0.099, -0.117
1982, 6, -0.167, , -0.108, -0.099, -0.117
1982, 7, -0.203, , -0.107, -0.098, -0.116
1982, 8, -0.184, , -0.107, -0.098, -0.116
1982, 9, -0.147, , -0.106, -0.097, -0.115
1982, 10, -0.086, , -0.106, -0.097, -0.115
1982, 11, -0.013, , -0.105, -0.096, -0.114
1982, 12, 0.070, , -0.105, -0.096, -0.114
1983, 1, 0.024, , -0.104, -0.095, -0.113
1983, 2, 0.003, , -0.104, -0.094, -0.113
1983, 3, -0.031, , -0.103, -0.094, -0.112
1983, 4, -0.120, , -0.102, -0.093, -0.112
1983, 5, -0.016, , -0.102, -0.093, -0.111
1983, 6, -0.018, , -0.101, -0.092, -0.111
1983, 7, -0.011, , -0.101, -0.092, -0.110
1983, 8, -0.023, , -0.100, -0.091, -0.109
1983, 9, -0.077, , -0.100, -0.091, -0.109
1983, 10, -0.062, , -0.099, -0.090, -0.108
1983, 11, -0.040, , -0.099, -0.090, -0.108
1983, 12, -0.098, , -0.098, -0.089, -0.107
1984, 1, -0.040, , -0.098, -0.088, -0.107
1984, 2, -0.150, , -0.097, -0.088, -0.106
1984, 3, -0.181, , -0.097, -0.087, -0.106
1984, 4, -0.165, , -0.096, -0.087, -0.105
1984, 5, -0.105, , -0.096, -0.086, -0.105
1984, 6, -0.082, , -0.095, -0.086, -0.104
1984, 7, -0.066, , -0.094, -0.085, -0.104
1984, 8, -0.065, , -0.094, -0.085, -0.103
1984, 9, -0.037, , -0.093, -0.084, -0.103
1984, 10, 0.040, , -0.093, -0.084, -0.102
1984, 11, 0.015, , -0.092, -0.083, -0.102
1984, 12, 0.049, , -0.092, -0.082, -0.101
1985, 1, -0.094, , -0.091, -0.082, -0.101
1985, 2, -0.086, , -0.091, -0.081, -0.100
1985, 3, -0.007, , -0.090, -0.081, -0.100
1985, 4, -0.025, , -0.090, -0.080, -0.099
1985, 5, -0.126, , -0.089, -0.080, -0.099
1985, 6, -0.106, , -0.089, -0.079, -0.098
1985, 7, -0.139, , -0.088, -0.079, -0.098
1985, 8, -0.083, , -0.088, -0.078, -0.097
1985, 9, 0.002, , -0.087, -0.078, -0.097
1985, 10, -0.092, , -0.087, -0.077, -0.096
1985, 11, 0.009, , -0.086, -0.077, -0.095
1985, 12, -0.055, , -0.085, -0.076, -0.095
1986, 1, -0.056, , -0.085, -0.075, -0.094
1986, 2, -0.040, , -0.084, -0.075, -0.094
1986, 3, -0.117, , -0.084, -0.074, -0.093
1986, 4, -0.031, , -0.083, -0.074, -0.093
1986, 5, -0.010, , -0.083, -0.073, -0.092
1986, 6, -0.039, , -0.082, -0.073, -0.092
1986, 7, -0.154, , -0.082, -0.072, -0.091
1986, 8, -0.151, , -0.081, -0.072, -0.091
1986, 9, -0.086, , -0.081, -0.071, -0.090
1986, 10, -0.016, , -0.080, -0.071, -0.090
1986, 11, 0.042, , -0.080, -0.070, -0.089
1986, 12, 0.024, , -0.079, -0.069, -0.089
1987, 1, -0.080, , -0.079, -0.069, -0.088
1987, 2, -0.031, , -0.078, -0.068, -0.088
1987, 3, 0.030, , -0.078, -0.068, -0.087
1987, 4, -0.263, , -0.077, -0.067, -0.087
1987, 5, -0.160, , -0.076, -0.067, -0.086
1987, 6, -0.027, , -0.076, -0.066, -0.086
1987, 7, 0.032, , -0.075, -0.066, -0.085
1987, 8, -0.144, , -0.075, -0.065, -0.085
1987, 9, -0.175, , -0.074, -0.065, -0.084
1987, 10, -0.172, , -0.074, -0.064, -0.084
1987, 11, -0.052, , -0.073, -0.063, -0.083
1987, 12, -0.046, , -0.073, -0.063, -0.083
1988, 1, -0.062, , -0.072, -0.062, -0.082
1988, 2, -0.077, , -0.072, -0.062, -0.081
1988, 3, -0.135, , -0.071, -0.061, -0.081
1988, 4, -0.168, , -0.071, -0.061, -0.080
1988, 5, -0.157, , -0.070, -0.060, -0.080
1988, 6, -0.085, , -0.070, -0.060, -0.079
1988, 7, -0.057, , -0.069, -0.059, -0.079
1988, 8, -0.111, , -0.068, -0.059, -0.078
1988, 9, -0.053, , -0.068, -0.058, -0.078
1988, 10, -0.126, , -0.067, -0.058, -0.077
1988, 11, -0.113, , -0.067, -0.057, -0.077
1988, 12, -0.107, , -0.066, -0.056, -0.076
1989, 1, 0.008, , -0.066, -0.056, -0.076
1989, 2, -0.068, , -0.065, -0.055, -0.075
1989, 3, -0.105, , -0.065, -0.055, -0.075
1989, 4, -0.098, , -0.064, -0.054, -0.074
1989, 5, -0.093, , -0.064, -0.054, -0.074
1989, 6, -0.030, , -0.063, -0.053, -0.073
1989, 7, -0.008, , -0.063, -0.053, -0.073
1989, 8, 0.005, , -0.062, -0.052, -0.072
1989, 9, -0.074, , -0.062, -0.052, -0.072
1989, 10, -0.074, , -0.061, -0.051, -0.071
1989, 11, -0.062, , -0.061, -0.050, -0.071
1989, 12, -0.232, , -0.060, -0.050, -0.070
1990, 1, -0.116, , -0.059, -0.049, -0.070
1990, 2, -0.019, , -0.059, -0.049, -0.069
1990, 3, 0.078, , -0.058, -0.048, -0.069
1990, 4, 0.057, , -0.058, -0.048, -0.068
1990, 5, 0.103, , -0.057, -0.047, -0.068
1990, 6, -0.045, , -0.057, -0.047, -0.067
1990, 7, -0.005, , -0.056, -0.046, -0.066
1990, 8, -0.019, , -0.056, -0.046, -0.066
1990, 9, -0.114, , -0.055, -0.045, -0.065
1990, 10, -0.080, , -0.055, -0.044, -0.065
1990, 11, 0.073, , -0.054, -0.044, -0.064
1990, 12, 0.000, , -0.054, -0.043, -0.064
1991, 1, 0.100, , -0.053, -0.043, -0.063
1991, 2, -0.025, , -0.053, -0.042, -0.063
1991, 3, 0.011, , -0.052, -0.042, -0.062
1991, 4, 0.115, , -0.052, -0.041, -0.062
1991, 5, 0.167, , -0.051, -0.041, -0.061
1991, 6, 0.022, , -0.050, -0.040, -0.061
1991, 7, -0.057, , -0.050, -0.040, -0.060
1991, 8, -0.077, , -0.049, -0.039, -0.060
1991, 9, -0.010, , -0.049, -0.038, -0.059
1991, 10, -0.016, , -0.048, -0.038, -0.059
1991, 11, -0.013, , -0.048, -0.037, -0.058
1991, 12, 0.076, , -0.047, -0.037, -0.058
1992, 1, 0.078, , -0.047, -0.036, -0.057
1992, 2, 0.048, , -0.046, -0.036, -0.057
1992, 3, -0.019, , -0.046, -0.035, -0.056
1992, 4, -0.010, , -0.045, -0.035, -0.056
1992, 5, -0.093, , -0.045, -0.034, -0.055
1992, 6, -0.097, , -0.044, -0.034, -0.055
1992, 7, -0.057, , -0.044, -0.033, -0.054
1992, 8, -0.023, , -0.043, -0.032, -0.054
1992, 9, -0.016, , -0.042, -0.032, -0.053
1992, 10, 0.020, , -0.042, -0.031, -0.053
1992, 11, -0.016, , -0.041, -0.031, -0.052
1992, 12, 0.055, , -0.041, -0.030, -0.052
1993, 1, 0.116, , -0.040, -0.030, -0.051
1993, 2, 0.070, , -0.040, -0.029, -0.050
1993, 3, -0.059, , -0.039, -0.029, -0.050
1993, 4, -0.053, , -0.039, -0.028, -0.049
1993, 5, -0.004, , -0.038, -0.028, -0.049
1993, 6, 0.058, , -0.038, -0.027, -0.048
1993, 7, -0.069, , -0.037, -0.026, -0.048
1993, 8, -0.102, , -0.037, -0.026, -0.047
1993, 9, -0.107, , -0.036, -0.025, -0.047
1993, 10, -0.050, , -0.036, -0.025, -0.046
1993, 11, -0.043, , -0.035, -0.024, -0.046
1993, 12, -0.036, , -0.035, -0.024, -0.045
1994, 1, -0.038, , -0.034, -0.023, -0.045
1994, 2, -0.006, , -0.033, -0.023, -0.044
1994, 3, -0.029, , -0.033, -0.022, -0.044
1994, 4, 0.061, , -0.032, -0.022, -0.043
1994, 5, -0.055, , -0.032, -0.021, -0.043
1994, 6, -0.090, , -0.031, -0.020, -0.042
1994, 7, -0.067, , -0.031, -0.020, -0.042
1994, 8, 0.021, , -0.030, -0.019, -0.041
1994, 9, -0.049, , -0.030, -0.019, -0.041
1994, 10, 0.056, , -0.029, -0.018, -0.040
1994, 11, 0.037, , -0.029, -0.018, -0.040
1994, 12, 0.036, , -0.028, -0.017, -0.039
1995, 1, -0.102, , -0.028, -0.017, -0.039
1995, 2, -0.143, , -0.027, -0.016, -0.038
1995, 3, 0.055, , -0.027, -0.016, -0.038
1995, 4, 0.097, , -0.026, -0.015, -0.037
1995, 5, 0.020, , -0.026, -0.014, -0.037
1995, 6, -0.020, , -0.025, -0.014, -0.036
1995, 7, -0.013, , -0.024, -0.013, -0.036
1995, 8, 0.155, , -0.024, -0.013, -0.035
1995, 9, 0.066, , -0.023, -0.012, -0.034
1995, 10, 0.092, , -0.023, -0.012, -0.034
1995, 11, -0.025, , -0.022, -0.011, -0.033
1995, 12, -0.047, , -0.022, -0.011, -0.033
1996, 1, -0.118, , -0.021, -0.010, -0.032
1996, 2, -0.112, , -0.021, -0.010, -0.032
1996, 3, -0.121, , -0.020, -0.009, -0.031
1996, 4, -0.116, , -0.020, -0.008, -0.031
1996, 5, -0.102, , -0.019, -0.008, -0.030
1996, 6, -0.150, , -0.019, -0.007, -0.030
1996, 7, -0.083, , -0.018, -0.007, -0.029
1996, 8, -0.011, , -0.018, -0.006, -0.029
1996, 9, -0.137, , -0.017, -0.006, -0.028
1996, 10, 0.156, , -0.016, -0.005, -0.028
1996, 11, 0.091, , -0.016, -0.005, -0.027
1996, 12, 0.010, , -0.015, -0.004, -0.027
1997, 1, 0.056, , -0.015, -0.004, -0.026
1997, 2, 0.093, , -0.014, -0.003, -0.026
1997, 3, 0.080, , -0.014, -0.002, -0.025
1997, 4, 0.115, , -0.013, -0.002, -0.025
1997, 5, -0.022, , -0.013, -0.001, -0.024
1997, 6, -0.045, , -0.012, -0.001, -0.024
1997, 7, -0.052, , -0.012, -0.000, -0.023
1997, 8, -0.036, , -0.011, 0.000, -0.023
1997, 9, -0.059, , -0.011, 0.001, -0.022
1997, 10, 0.008, , -0.010, 0.001, -0.022
1997, 11, -0.102, , -0.010, 0.002, -0.021
1997, 12, -0.170, , -0.009, 0.002, -0.021
1998, 1, -0.008, , -0.009, 0.003, -0.020
1998, 2, 0.061, , -0.008, 0.004, -0.020
1998, 3, 0.013, , -0.007, 0.004, -0.019
1998, 4, 0.028, , -0.007, 0.005, -0.019
1998, 5, -0.009, , -0.006, 0.005, -0.018
1998, 6, -0.008, , -0.006, 0.006, -0.017
1998, 7, -0.085, , -0.005, 0.006, -0.017
1998, 8, 0.034, , -0.005, 0.007, -0.016
1998, 9, 0.247, , -0.004, 0.007, -0.016
1998, 10, 0.104, , -0.004, 0.008, -0.015
1998, 11, 0.051, , -0.003, 0.008, -0.015
1998, 12, -0.004, , -0.003, 0.009, -0.014
1999, 1, 0.018, , -0.002, 0.010, -0.014
1999, 2, 0.066, , -0.002, 0.010, -0.013
1999, 3, 0.063, , -0.001, 0.011, -0.013
1999, 4, 0.016, , -0.001, 0.011, -0.012
1999, 5, 0.027, , -0.000, 0.012, -0.012
1999, 6, 0.007, , 0.000, 0.012, -0.011
1999, 7, 0.037, , 0.001, 0.013, -0.011
1999, 8, -0.067, , 0.002, 0.013, -0.010
1999, 9, -0.044, , 0.002, 0.014, -0.010
1999, 10, -0.012, , 0.003, 0.014, -0.009
1999, 11, -0.045, , 0.003, 0.015, -0.009
1999, 12, -0.047, , 0.004, 0.016, -0.008
2000, 1, -0.042, , 0.004, 0.016, -0.008
2000, 2, -0.037, , 0.005, 0.017, -0.007
2000, 3, 0.012, , 0.005, 0.017, -0.007
2000, 4, -0.050, , 0.006, 0.018, -0.006
2000, 5, 0.006, , 0.006, 0.018, -0.006
2000, 6, -0.011, , 0.007, 0.019, -0.005
2000, 7, -0.049, , 0.007, 0.019, -0.005
2000, 8, -0.061, , 0.008, 0.020, -0.004
2000, 9, -0.090, , 0.008, 0.020, -0.004
2000, 10, -0.004, , 0.009, 0.021, -0.003
2000, 11, 0.028, , 0.010, 0.022, -0.003
2000, 12, -0.084, , 0.010, 0.022, -0.002
2001, 1, -0.098, , 0.011, 0.023, -0.002
2001, 2, -0.038, , 0.011, 0.023, -0.001
2001, 3, -0.027, , 0.012, 0.024, -0.000
2001, 4, 0.063, , 0.012, 0.024, 0.000
2001, 5, -0.030, , 0.013, 0.025, 0.001
2001, 6, -0.021, , 0.013, 0.025, 0.001
2001, 7, 0.001, , 0.014, 0.026, 0.002
2001, 8, 0.030, , 0.014, 0.026, 0.002
2001, 9, -0.020, , 0.015, 0.027, 0.003
2001, 10, 0.062, , 0.015, 0.028, 0.003
2001, 11, 0.081, , 0.016, 0.028, 0.004
2001, 12, 0.050, , 0.016, 0.029, 0.004
2002, 1, -0.034, , 0.017, 0.029, 0.005
2002, 2, -0.025, , 0.017, 0.030, 0.005
2002, 3, 0.064, , 0.018, 0.030, 0.006
2002, 4, 0.058, , 0.019, 0.031, 0.006
2002, 5, 0.068, , 0.019, 0.031, 0.007
2002, 6, 0.087, , 0.020, 0.032, 0.007
2002, 7, 0.036, , 0.020, 0.032, 0.008
2002, 8, 0.115, , 0.021, 0.033, 0.008
2002, 9, 0.173, , 0.021, 0.034, 0.009
2002, 10, 0.080, , 0.022, 0.034, 0.009
2002, 11, -0.028, , 0.022, 0.035, 0.010
2002, 12, -0.049, , 0.023, 0.035, 0.010
2003, 1, -0.076, , 0.023, 0.036, 0.011
2003, 2, 0.014, , 0.024, 0.036, 0.011
2003, 3, 0.060, , 0.024, 0.037, 0.012
2003, 4, -0.039, , 0.025, 0.037, 0.012
2003, 5, -0.032, , 0.025, 0.038, 0.013
2003, 6, -0.041, , 0.026, 0.038, 0.013
2003, 7, 0.084, , 0.026, 0.039, 0.014
2003, 8, 0.019, , 0.027, 0.040, 0.014
2003, 9, 0.084, , 0.028, 0.040, 0.015
2003, 10, 0.072, , 0.028, 0.041, 0.015
2003, 11, 0.079, , 0.029, 0.041, 0.016
2003, 12, 0.005, , 0.029, 0.042, 0.017
2004, 1, 0.066, , 0.030, 0.042, 0.017
2004, 2, 0.068, , 0.030, 0.043, 0.018
2004, 3, 0.079, , 0.031, 0.043, 0.018
2004, 4, -0.041, , 0.031, 0.044, 0.019
2004, 5, 0.066, , 0.032, 0.045, 0.019
2004, 6, 0.040, , 0.032, 0.045, 0.020
2004, 7, 0.016, , 0.033, 0.046, 0.020
2004, 8, 0.012, , 0.033, 0.046, 0.021
2004, 9, 0.028, , 0.034, 0.047, 0.021
2004, 10, -0.028, , 0.034, 0.047, 0.022
2004, 11, 0.095, , 0.035, 0.048, 0.022
2004, 12, -0.004, , 0.036, 0.048, 0.023
2005, 1, 0.124, , 0.036, 0.049, 0.023
2005, 2, 0.214, , 0.037, 0.049, 0.024
2005, 3, -0.000, , 0.037, 0.050, 0.024
2005, 4, -0.068, , 0.038, 0.051, 0.025
2005, 5, -0.032, , 0.038, 0.051, 0.025
2005, 6, 0.071, , 0.039, 0.052, 0.026
2005, 7, 0.086, , 0.039, 0.052, 0.026
2005, 8, 0.015, , 0.040, 0.053, 0.027
2005, 9, 0.052, , 0.040, 0.053, 0.027
2005, 10, 0.010, , 0.041, 0.054, 0.028
2005, 11, -0.099, , 0.041, 0.054, 0.028
2005, 12, -0.070, , 0.042, 0.055, 0.029
2006, 1, -0.132, , 0.042, 0.055, 0.029
2006, 2, -0.060, , 0.043, 0.056, 0.030
2006, 3, 0.036, , 0.043, 0.057, 0.030
2006, 4, -0.049, , 0.044, 0.057, 0.031
2006, 5, -0.099, , 0.045, 0.058, 0.031
2006, 6, -0.080, , 0.045, 0.058, 0.032
2006, 7, -0.006, , 0.046, 0.059, 0.032
2006, 8, -0.020, , 0.046, 0.059, 0.033
2006, 9, -0.075, , 0.047, 0.060, 0.033
2006, 10, 0.020, , 0.047, 0.060, 0.034
2006, 11, -0.038, , 0.048, 0.061, 0.035
2006, 12, -0.037, , 0.048, 0.061, 0.035
2007, 1, 0.064, , 0.049, 0.062, 0.036
2007, 2, -0.025, , 0.049, 0.063, 0.036
2007, 3, 0.035, , 0.050, 0.063, 0.037
2007, 4, 0.057, , 0.050, 0.064, 0.037
2007, 5, 0.115, , 0.051, 0.064, 0.038
2007, 6, 0.060, , 0.051, 0.065, 0.038
2007, 7, 0.076, , 0.052, 0.065, 0.039
2007, 8, 0.109, , 0.052, 0.066, 0.039
2007, 9, 0.048, , 0.053, 0.066, 0.040
2007, 10, 0.100, , 0.054, 0.067, 0.040
2007, 11, 0.020, , 0.054, 0.067, 0.041
2007, 12, -0.011, , 0.055, 0.068, 0.041
2008, 1, 0.108, , 0.055, 0.069, 0.042
2008, 2, 0.021, , 0.056, 0.069, 0.042
2008, 3, -0.020, , 0.056, 0.070, 0.043
2008, 4, 0.037, , 0.057, 0.070, 0.043
2008, 5, 0.058, , 0.057, 0.071, 0.044
2008, 6, 0.040, , 0.058, 0.071, 0.044
2008, 7, 0.100, , 0.058, 0.072, 0.045
2008, 8, -0.047, , 0.059, 0.072, 0.045
2008, 9, , , 0.059, 0.073, 0.046
2008, 10, 0.078, , 0.060, 0.074, 0.046
2008, 11, 0.026, , 0.060, 0.074, 0.047
2008, 12, -0.027, , 0.061, 0.075, 0.047
2009, 1, -0.074, , 0.062, 0.075, 0.048
2009, 2, 0.018, , 0.062, 0.076, 0.048
2009, 3, 0.022, , 0.063, 0.076, 0.049
2009, 4, -0.019, , 0.063, 0.077, 0.049
2009, 5, 0.043, , 0.064, 0.077, 0.050
2009, 6, 0.037, , 0.064, 0.078, 0.050
2009, 7, 0.070, , 0.065, 0.078, 0.051
2009, 8, 0.135, , 0.065, 0.079, 0.051
2009, 9, 0.111, , 0.066, 0.080, 0.052
2009, 10, 0.140, , 0.066, 0.080, 0.052
2009, 11, 0.196, , 0.067, 0.081, 0.053
2009, 12, 0.168, , 0.067, 0.081, 0.054
2010, 1, 0.066, , 0.068, 0.082, 0.054
2010, 2, 0.086, , 0.068, 0.082, 0.055
2010, 3, -0.075, , 0.069, 0.083, 0.055
2010, 4, 0.043, , 0.069, 0.083, 0.056
2010, 5, 0.056, , 0.070, 0.084, 0.056
2010, 6, 0.094, , 0.071, 0.084, 0.057
2010, 7, 0.290, , 0.071, 0.085, 0.057
2010, 8, 0.117, , 0.072, 0.086, 0.058
2010, 9, 0.188, , 0.072, 0.086, 0.058
2010, 10, -0.036, , 0.073, 0.087, 0.059
2010, 11, 0.040, , 0.073, 0.087, 0.059
2010, 12, -0.036, , 0.074, 0.088, 0.060
2011, 1, -0.018, , 0.074, 0.088, 0.060
2011, 2, -0.080, , 0.075, 0.089, 0.061
2011, 3, 0.044, , 0.075, 0.089, 0.061
2011, 4, 0.051, , 0.076, 0.090, 0.062
2011, 5, 0.054, , 0.076, 0.090, 0.062
2011, 6, 0.037, , 0.077, 0.091, 0.063
2011, 7, 0.079, , 0.077, 0.092, 0.063
2011, 8, 0.004, , 0.078, 0.092, 0.064
2011, 9, -0.101, , 0.078, 0.093, 0.064
2011, 10, -0.018, , 0.079, 0.093, 0.065
2011, 11, 0.035, , 0.080, 0.094, 0.065
2011, 12, 0.119, , 0.080, 0.094, 0.066
2012, 1, 0.024, , 0.081, 0.095, 0.066
2012, 2, 0.127, , 0.081, 0.095, 0.067
2012, 3, 0.157, , 0.082, 0.096, 0.067
2012, 4, 0.127, , 0.082, 0.097, 0.068
2012, 5, 0.043, , 0.083, 0.097, 0.068
2012, 6, 0.169, , 0.083, 0.098, 0.069
2012, 7, 0.141, , 0.084, 0.098, 0.069
2012, 8, 0.097, , 0.084, 0.099, 0.070
2012, 9, 0.018, , 0.085, 0.099, 0.070
2012, 10, -0.014, , 0.085, 0.100, 0.071
2012, 11, 0.071, , 0.086, 0.100, 0.071
2012, 12, 0.046, , 0.086, 0.101, 0.072
2013, 1, 0.076, , 0.087, 0.101, 0.073
2013, 2, 0.096, , 0.088, 0.102, 0.073
2013, 3, 0.034, , 0.088, 0.103, 0.074
2013, 4, 0.114, , 0.089, 0.103, 0.074
2013, 5, 0.039, , 0.089, 0.104, 0.075
2013, 6, 0.011, , 0.090, 0.104, 0.075
2013, 7, 0.127, , 0.090, 0.105, 0.076
2013, 8, 0.109, , 0.091, 0.105, 0.076
2013, 9, 0.100, , 0.091, 0.106, 0.077
2013, 10, 0.114, , 0.092, 0.106, 0.077
2013, 11, 0.185, , 0.092, 0.107, 0.078
2013, 12, 0.071, , 0.093, 0.107, 0.078
2014, 1, 0.020, , 0.093, 0.108, 0.079
2014, 2, 0.052, , 0.094, 0.109, 0.079
2014, 3, 0.056, , 0.094, 0.109, 0.080
2014, 4, 0.058, , 0.095, 0.110, 0.080
2014, 5, 0.051, , 0.095, 0.110, 0.081
2014, 6, 0.113, , 0.096, 0.111, 0.081
2014, 7, 0.036, , 0.097, 0.111, 0.082
2014, 8, 0.086, , 0.097, 0.112, 0.082
2014, 9, 0.122, , 0.098, 0.112, 0.083
2014, 10, 0.042, , 0.098, 0.113, 0.083
2014, 11, 0.074, , 0.099, 0.113, 0.084
2014, 12, 0.146, , 0.099, 0.114, 0.084
2015, 1, 0.066, , 0.100, 0.115, 0.085
2015, 2, 0.091, , 0.100, 0.115, 0.085
2015, 3, 0.030, , 0.101, 0.116, 0.086
2015, 4, 0.107, , 0.101, 0.116, 0.086
2015, 5, 0.181, , 0.102, 0.117, 0.087
2015, 6, 0.122, , 0.102, 0.117, 0.087
2015, 7, 0.099, , 0.103, 0.118, 0.088
2015, 8, 0.135, , 0.103, 0.118, 0.088
2015, 9, 0.118, , 0.104, 0.119, 0.089
2015, 10, 0.208, , 0.104, 0.120, 0.089
2015, 11, 0.322, , 0.105, 0.120, 0.090
2015, 12, 0.305, , 0.106, 0.121, 0.090
2016, 1, 0.240, , 0.106, 0.121, 0.091
2016, 2, 0.092, , 0.107, 0.122, 0.092
2016, 3, 0.232, , 0.107, 0.122, 0.092
2016, 4, 0.295, , 0.108, 0.123, 0.093
2016, 5, 0.249, , 0.108, 0.123, 0.093
2016, 6, 0.198, , 0.109, 0.124, 0.094
2016, 7, 0.189, , 0.109, 0.124, 0.094
2016, 8, 0.247, , 0.110, 0.125, 0.095
2016, 9, 0.215, , 0.110, 0.126, 0.095
2016, 10, 0.238, , 0.111, 0.126, 0.096
2016, 11, 0.299, , 0.111, 0.127, 0.096
2016, 12, 0.268, , 0.112, 0.127, 0.097
2017, 1, , , 0.112, 0.128, 0.097
2017, 2, , , 0.113, 0.128, 0.098
2017, 3, , , 0.114, 0.129, 0.098
2017, 4, , , 0.114, 0.129, 0.099
2017, 5, , , 0.115, 0.130, 0.099
2017, 6, , , 0.115, 0.130, 0.100
2017, 7, , , 0.116, 0.131, 0.100
2017, 8, , , 0.116, 0.132, 0.101
2017, 9, , , 0.117, 0.132, 0.101
2017, 10, , , 0.117, 0.133, 0.102
2017, 11, , , 0.118, 0.133, 0.102
2017, 12, , , 0.118, 0.134, 0.103
2018, 1, , , 0.119, 0.134, 0.103
2018, 2, , , 0.119, 0.135, 0.104
2018, 3, , , 0.120, 0.135, 0.104
2018, 4, , , 0.120, 0.136, 0.105
2018, 5, , , 0.121, 0.137, 0.105
2018, 6, , , 0.121, 0.137, 0.106
2018, 7, , , 0.122, 0.138, 0.106
2018, 8, , , 0.123, 0.138, 0.107
2018, 9, , , 0.123, 0.139, 0.107
2018, 10, , , 0.124, 0.139, 0.108
2018, 11, , , 0.124, 0.140, 0.108
2018, 12, , , 0.125, 0.140, 0.109
2019, 1, , , 0.125, 0.141, 0.109
2019, 2, , , 0.126, 0.141, 0.110
2019, 3, , , 0.126, 0.142, 0.110
2019, 4, , , 0.127, 0.143, 0.111
2019, 5, , , 0.127, 0.143, 0.112
2019, 6, , , 0.128, 0.144, 0.112
2019, 7, , , 0.128, 0.144, 0.113
2019, 8, , , 0.129, 0.145, 0.113
2019, 9, , , 0.129, 0.145, 0.114
2019, 10, , , 0.130, 0.146, 0.114
2019, 11, , , 0.130, 0.146, 0.115
2019, 12, , , 0.131, 0.147, 0.115
2020, 1, , , 0.132, 0.147, 0.116
2020, 2, , , 0.132, 0.148, 0.116
2020, 3, , , 0.133, 0.149, 0.117
2020, 4, , , 0.133, 0.149, 0.117
2020, 5, , , 0.134, 0.150, 0.118
2020, 6, , , 0.134, 0.150, 0.118
2020, 7, , , 0.135, 0.151, 0.119
2020, 8, , , 0.135, 0.151, 0.119
2020, 9, , , 0.136, 0.152, 0.120
2020, 10, , , 0.136, 0.152, 0.120
2020, 11, , , 0.137, 0.153, 0.121
2020, 12, , , 0.137, 0.154, 0.121
