Year, Month, Monthly_MSL, Unverified, Linear_Trend, High_Conf., Low_Conf.
1900, 1, , , 0.021, 0.037, 0.004
1900, 2, , , 0.021, 0.037, 0.004
1900, 3, , , 0.021, 0.037, 0.004
1900, 4, , , 0.021, 0.037, 0.004
1900, 5, , , 0.021, 0.037, 0.004
1900, 6, , , 0.021, 0.037, 0.004
1900, 7, , , 0.020, 0.037, 0.004
1900, 8, , , 0.020, 0.037, 0.004
1900, 9, , , 0.020, 0.037, 0.004
1900, 10, , , 0.020, 0.037, 0.004
1900, 11, , , 0.020, 0.037, 0.004
1900, 12, , , 0.020, 0.037, 0.004
1901, 1, , , 0.020, 0.037, 0.004
1901, 2, , , 0.020, 0.037, 0.004
1901, 3, , , 0.020, 0.037, 0.004
1901, 4, , , 0.020, 0.037, 0.004
1901, 5, , , 0.020, 0.037, 0.004
1901, 6, , , 0.020, 0.037, 0.004
1901, 7, , , 0.020, 0.037, 0.004
1901, 8, , , 0.020, 0.037, 0.004
1901, 9, , , 0.020, 0.037, 0.004
1901, 10, , , 0.020, 0.037, 0.004
1901, 11, , , 0.020, 0.037, 0.004
1901, 12, , , 0.020, 0.036, 0.004
1902, 1, , , 0.020, 0.036, 0.004
1902, 2, , , 0.020, 0.036, 0.004
1902, 3, , , 0.020, 0.036, 0.004
1902, 4, , , 0.020, 0.036, 0.004
1902, 5, , , 0.020, 0.036, 0.004
1902, 6, , , 0.020, 0.036, 0.004
1902, 7, , , 0.020, 0.036, 0.004
1902, 8, , , 0.020, 0.036, 0.004
1902, 9, , , 0.020, 0.036, 0.004
1902, 10, , , 0.020, 0.036, 0.004
1902, 11, , , 0.020, 0.036, 0.004
1902, 12, , , 0.020, 0.036, 0.004
1903, 1, , , 0.020, 0.036, 0.004
1903, 2, , , 0.020, 0.036, 0.004
1903, 3, , , 0.020, 0.036, 0.003
1903, 4, , , 0.020, 0.036, 0.003
1903, 5, , , 0.020, 0.036, 0.003
1903, 6, , , 0.020, 0.036, 0.003
1903, 7, , , 0.020, 0.036, 0.003
1903, 8, , , 0.020, 0.036, 0.003
1903, 9, , , 0.020, 0.036, 0.003
1903, 10, , , 0.019, 0.036, 0.003
1903, 11, , , 0.019, 0.035, 0.003
1903, 12, , , 0.019, 0.035, 0.003
1904, 1, , , 0.019, 0.035, 0.003
1904, 2, , , 0.019, 0.035, 0.003
1904, 3, , , 0.019, 0.035, 0.003
1904, 4, , , 0.019, 0.035, 0.003
1904, 5, , , 0.019, 0.035, 0.003
1904, 6, , , 0.019, 0.035, 0.003
1904, 7, , , 0.019, 0.035, 0.003
1904, 8, , , 0.019, 0.035, 0.003
1904, 9, , , 0.019, 0.035, 0.003
1904, 10, , , 0.019, 0.035, 0.003
1904, 11, , , 0.019, 0.035, 0.003
1904, 12, , , 0.019, 0.035, 0.003
1905, 1, , , 0.019, 0.035, 0.003
1905, 2, , , 0.019, 0.035, 0.003
1905, 3, , , 0.019, 0.035, 0.003
1905, 4, , , 0.019, 0.035, 0.003
1905, 5, , , 0.019, 0.035, 0.003
1905, 6, , , 0.019, 0.035, 0.003
1905, 7, , , 0.019, 0.035, 0.003
1905, 8, , , 0.019, 0.035, 0.003
1905, 9, , , 0.019, 0.035, 0.003
1905, 10, , , 0.019, 0.034, 0.003
1905, 11, , , 0.019, 0.034, 0.003
1905, 12, , , 0.019, 0.034, 0.003
1906, 1, , , 0.019, 0.034, 0.003
1906, 2, , , 0.019, 0.034, 0.003
1906, 3, , , 0.019, 0.034, 0.003
1906, 4, , , 0.019, 0.034, 0.003
1906, 5, , , 0.019, 0.034, 0.003
1906, 6, , , 0.019, 0.034, 0.003
1906, 7, , , 0.019, 0.034, 0.003
1906, 8, , , 0.019, 0.034, 0.003
1906, 9, , , 0.019, 0.034, 0.003
1906, 10, , , 0.019, 0.034, 0.003
1906, 11, , , 0.019, 0.034, 0.003
1906, 12, , , 0.018, 0.034, 0.003
1907, 1, , , 0.018, 0.034, 0.003
1907, 2, , , 0.018, 0.034, 0.003
1907, 3, , , 0.018, 0.034, 0.003
1907, 4, , , 0.018, 0.034, 0.003
1907, 5, , , 0.018, 0.034, 0.003
1907, 6, , , 0.018, 0.034, 0.003
1907, 7, , , 0.018, 0.034, 0.003
1907, 8, , , 0.018, 0.034, 0.003
1907, 9, , , 0.018, 0.033, 0.003
1907, 10, , , 0.018, 0.033, 0.003
1907, 11, , , 0.018, 0.033, 0.003
1907, 12, , , 0.018, 0.033, 0.003
1908, 1, , , 0.018, 0.033, 0.003
1908, 2, , , 0.018, 0.033, 0.003
1908, 3, , , 0.018, 0.033, 0.003
1908, 4, , , 0.018, 0.033, 0.003
1908, 5, , , 0.018, 0.033, 0.003
1908, 6, , , 0.018, 0.033, 0.003
1908, 7, , , 0.018, 0.033, 0.003
1908, 8, , , 0.018, 0.033, 0.003
1908, 9, , , 0.018, 0.033, 0.003
1908, 10, , , 0.018, 0.033, 0.003
1908, 11, , , 0.018, 0.033, 0.003
1908, 12, , , 0.018, 0.033, 0.003
1909, 1, , , 0.018, 0.033, 0.003
1909, 2, , , 0.018, 0.033, 0.003
1909, 3, , , 0.018, 0.033, 0.003
1909, 4, , , 0.018, 0.033, 0.003
1909, 5, , , 0.018, 0.033, 0.003
1909, 6, , , 0.018, 0.033, 0.003
1909, 7, , , 0.018, 0.033, 0.003
1909, 8, , , 0.018, 0.032, 0.003
1909, 9, , , 0.018, 0.032, 0.003
1909, 10, , , 0.018, 0.032, 0.003
1909, 11, , , 0.018, 0.032, 0.003
1909, 12, , , 0.018, 0.032, 0.003
1910, 1, , , 0.018, 0.032, 0.003
1910, 2, , , 0.018, 0.032, 0.003
1910, 3, , , 0.017, 0.032, 0.003
1910, 4, , , 0.017, 0.032, 0.003
1910, 5, , , 0.017, 0.032, 0.003
1910, 6, , , 0.017, 0.032, 0.003
1910, 7, , , 0.017, 0.032, 0.003
1910, 8, , , 0.017, 0.032, 0.003
1910, 9, , , 0.017, 0.032, 0.003
1910, 10, , , 0.017, 0.032, 0.003
1910, 11, , , 0.017, 0.032, 0.003
1910, 12, , , 0.017, 0.032, 0.003
1911, 1, , , 0.017, 0.032, 0.003
1911, 2, , , 0.017, 0.032, 0.003
1911, 3, , , 0.017, 0.032, 0.003
1911, 4, , , 0.017, 0.032, 0.003
1911, 5, , , 0.017, 0.032, 0.003
1911, 6, , , 0.017, 0.032, 0.003
1911, 7, , , 0.017, 0.031, 0.003
1911, 8, , , 0.017, 0.031, 0.003
1911, 9, , , 0.017, 0.031, 0.003
1911, 10, , , 0.017, 0.031, 0.003
1911, 11, , , 0.017, 0.031, 0.003
1911, 12, , , 0.017, 0.031, 0.003
1912, 1, , , 0.017, 0.031, 0.003
1912, 2, , , 0.017, 0.031, 0.003
1912, 3, , , 0.017, 0.031, 0.003
1912, 4, , , 0.017, 0.031, 0.003
1912, 5, , , 0.017, 0.031, 0.003
1912, 6, , , 0.017, 0.031, 0.003
1912, 7, , , 0.017, 0.031, 0.003
1912, 8, , , 0.017, 0.031, 0.003
1912, 9, , , 0.017, 0.031, 0.003
1912, 10, , , 0.017, 0.031, 0.003
1912, 11, , , 0.017, 0.031, 0.002
1912, 12, , , 0.017, 0.031, 0.002
1913, 1, , , 0.017, 0.031, 0.002
1913, 2, , , 0.017, 0.031, 0.002
1913, 3, , , 0.017, 0.031, 0.002
1913, 4, , , 0.017, 0.031, 0.002
1913, 5, , , 0.016, 0.031, 0.002
1913, 6, , , 0.016, 0.030, 0.002
1913, 7, , , 0.016, 0.030, 0.002
1913, 8, , , 0.016, 0.030, 0.002
1913, 9, , , 0.016, 0.030, 0.002
1913, 10, , , 0.016, 0.030, 0.002
1913, 11, , , 0.016, 0.030, 0.002
1913, 12, , , 0.016, 0.030, 0.002
1914, 1, , , 0.016, 0.030, 0.002
1914, 2, , , 0.016, 0.030, 0.002
1914, 3, , , 0.016, 0.030, 0.002
1914, 4, , , 0.016, 0.030, 0.002
1914, 5, , , 0.016, 0.030, 0.002
1914, 6, , , 0.016, 0.030, 0.002
1914, 7, , , 0.016, 0.030, 0.002
1914, 8, , , 0.016, 0.030, 0.002
1914, 9, , , 0.016, 0.030, 0.002
1914, 10, , , 0.016, 0.030, 0.002
1914, 11, , , 0.016, 0.030, 0.002
1914, 12, , , 0.016, 0.030, 0.002
1915, 1, , , 0.016, 0.030, 0.002
1915, 2, , , 0.016, 0.030, 0.002
1915, 3, , , 0.016, 0.030, 0.002
1915, 4, , , 0.016, 0.030, 0.002
1915, 5, , , 0.016, 0.030, 0.002
1915, 6, , , 0.016, 0.029, 0.002
1915, 7, , , 0.016, 0.029, 0.002
1915, 8, , , 0.016, 0.029, 0.002
1915, 9, , , 0.016, 0.029, 0.002
1915, 10, , , 0.016, 0.029, 0.002
1915, 11, , , 0.016, 0.029, 0.002
1915, 12, , , 0.016, 0.029, 0.002
1916, 1, , , 0.016, 0.029, 0.002
1916, 2, , , 0.016, 0.029, 0.002
1916, 3, , , 0.016, 0.029, 0.002
1916, 4, , , 0.016, 0.029, 0.002
1916, 5, , , 0.016, 0.029, 0.002
1916, 6, , , 0.016, 0.029, 0.002
1916, 7, , , 0.016, 0.029, 0.002
1916, 8, , , 0.015, 0.029, 0.002
1916, 9, , , 0.015, 0.029, 0.002
1916, 10, , , 0.015, 0.029, 0.002
1916, 11, , , 0.015, 0.029, 0.002
1916, 12, , , 0.015, 0.029, 0.002
1917, 1, , , 0.015, 0.029, 0.002
1917, 2, , , 0.015, 0.029, 0.002
1917, 3, , , 0.015, 0.029, 0.002
1917, 4, , , 0.015, 0.029, 0.002
1917, 5, , , 0.015, 0.028, 0.002
1917, 6, , , 0.015, 0.028, 0.002
1917, 7, , , 0.015, 0.028, 0.002
1917, 8, , , 0.015, 0.028, 0.002
1917, 9, , , 0.015, 0.028, 0.002
1917, 10, , , 0.015, 0.028, 0.002
1917, 11, , , 0.015, 0.028, 0.002
1917, 12, , , 0.015, 0.028, 0.002
1918, 1, , , 0.015, 0.028, 0.002
1918, 2, , , 0.015, 0.028, 0.002
1918, 3, , , 0.015, 0.028, 0.002
1918, 4, , , 0.015, 0.028, 0.002
1918, 5, , , 0.015, 0.028, 0.002
1918, 6, , , 0.015, 0.028, 0.002
1918, 7, , , 0.015, 0.028, 0.002
1918, 8, , , 0.015, 0.028, 0.002
1918, 9, , , 0.015, 0.028, 0.002
1918, 10, , , 0.015, 0.028, 0.002
1918, 11, , , 0.015, 0.028, 0.002
1918, 12, , , 0.015, 0.028, 0.002
1919, 1, 0.207, , 0.015, 0.028, 0.002
1919, 2, 0.100, , 0.015, 0.028, 0.002
1919, 3, 0.008, , 0.015, 0.028, 0.002
1919, 4, 0.087, , 0.015, 0.027, 0.002
1919, 5, 0.121, , 0.015, 0.027, 0.002
1919, 6, 0.012, , 0.015, 0.027, 0.002
1919, 7, 0.017, , 0.015, 0.027, 0.002
1919, 8, -0.018, , 0.015, 0.027, 0.002
1919, 9, 0.006, , 0.015, 0.027, 0.002
1919, 10, -0.190, , 0.014, 0.027, 0.002
1919, 11, -0.077, , 0.014, 0.027, 0.002
1919, 12, -0.075, , 0.014, 0.027, 0.002
1920, 1, -0.070, , 0.014, 0.027, 0.002
1920, 2, -0.196, , 0.014, 0.027, 0.002
1920, 3, -0.001, , 0.014, 0.027, 0.002
1920, 4, -0.069, , 0.014, 0.027, 0.002
1920, 5, 0.011, , 0.014, 0.027, 0.002
1920, 6, 0.058, , 0.014, 0.027, 0.002
1920, 7, 0.014, , 0.014, 0.027, 0.002
1920, 8, 0.006, , 0.014, 0.027, 0.002
1920, 9, 0.088, , 0.014, 0.027, 0.002
1920, 10, 0.036, , 0.014, 0.027, 0.002
1920, 11, -0.028, , 0.014, 0.027, 0.002
1920, 12, 0.111, , 0.014, 0.027, 0.002
1921, 1, 0.024, , 0.014, 0.027, 0.002
1921, 2, 0.056, , 0.014, 0.027, 0.002
1921, 3, -0.062, , 0.014, 0.027, 0.002
1921, 4, -0.020, , 0.014, 0.026, 0.002
1921, 5, -0.053, , 0.014, 0.026, 0.002
1921, 6, 0.089, , 0.014, 0.026, 0.002
1921, 7, -0.007, , 0.014, 0.026, 0.002
1921, 8, -0.008, , 0.014, 0.026, 0.002
1921, 9, 0.061, , 0.014, 0.026, 0.002
1921, 10, 0.130, , 0.014, 0.026, 0.002
1921, 11, -0.025, , 0.014, 0.026, 0.002
1921, 12, -0.047, , 0.014, 0.026, 0.001
1922, 1, -0.089, , 0.014, 0.026, 0.001
1922, 2, -0.078, , 0.014, 0.026, 0.001
1922, 3, 0.015, , 0.014, 0.026, 0.001
1922, 4, -0.145, , 0.014, 0.026, 0.001
1922, 5, 0.020, , 0.014, 0.026, 0.001
1922, 6, -0.052, , 0.014, 0.026, 0.001
1922, 7, -0.114, , 0.014, 0.026, 0.001
1922, 8, -0.042, , 0.014, 0.026, 0.001
1922, 9, 0.027, , 0.014, 0.026, 0.001
1922, 10, -0.010, , 0.014, 0.026, 0.001
1922, 11, 0.054, , 0.014, 0.026, 0.001
1922, 12, -0.069, , 0.014, 0.026, 0.001
1923, 1, 0.018, , 0.013, 0.026, 0.001
1923, 2, -0.150, , 0.013, 0.026, 0.001
1923, 3, -0.138, , 0.013, 0.026, 0.001
1923, 4, 0.035, , 0.013, 0.025, 0.001
1923, 5, 0.036, , 0.013, 0.025, 0.001
1923, 6, -0.015, , 0.013, 0.025, 0.001
1923, 7, -0.053, , 0.013, 0.025, 0.001
1923, 8, -0.006, , 0.013, 0.025, 0.001
1923, 9, 0.039, , 0.013, 0.025, 0.001
1923, 10, 0.018, , 0.013, 0.025, 0.001
1923, 11, 0.088, , 0.013, 0.025, 0.001
1923, 12, 0.132, , 0.013, 0.025, 0.001
1924, 1, 0.009, , 0.013, 0.025, 0.001
1924, 2, 0.142, , 0.013, 0.025, 0.001
1924, 3, -0.117, , 0.013, 0.025, 0.001
1924, 4, -0.059, , 0.013, 0.025, 0.001
1924, 5, -0.028, , 0.013, 0.025, 0.001
1924, 6, -0.067, , 0.013, 0.025, 0.001
1924, 7, -0.041, , 0.013, 0.025, 0.001
1924, 8, -0.038, , 0.013, 0.025, 0.001
1924, 9, 0.021, , 0.013, 0.025, 0.001
1924, 10, 0.079, , 0.013, 0.025, 0.001
1924, 11, 0.036, , 0.013, 0.025, 0.001
1924, 12, -0.093, , 0.013, 0.025, 0.001
1925, 1, -0.028, , 0.013, 0.025, 0.001
1925, 2, 0.060, , 0.013, 0.025, 0.001
1925, 3, -0.019, , 0.013, 0.024, 0.001
1925, 4, 0.011, , 0.013, 0.024, 0.001
1925, 5, 0.060, , 0.013, 0.024, 0.001
1925, 6, 0.055, , 0.013, 0.024, 0.001
1925, 7, 0.054, , 0.013, 0.024, 0.001
1925, 8, -0.006, , 0.013, 0.024, 0.001
1925, 9, -0.070, , 0.013, 0.024, 0.001
1925, 10, -0.132, , 0.013, 0.024, 0.001
1925, 11, -0.004, , 0.013, 0.024, 0.001
1925, 12, 0.090, , 0.013, 0.024, 0.001
1926, 1, 0.149, , 0.013, 0.024, 0.001
1926, 2, 0.236, , 0.013, 0.024, 0.001
1926, 3, 0.015, , 0.012, 0.024, 0.001
1926, 4, 0.053, , 0.012, 0.024, 0.001
1926, 5, 0.167, , 0.012, 0.024, 0.001
1926, 6, 0.019, , 0.012, 0.024, 0.001
1926, 7, 0.045, , 0.012, 0.024, 0.001
1926, 8, 0.018, , 0.012, 0.024, 0.001
1926, 9, -0.104, , 0.012, 0.024, 0.001
1926, 10, 0.012, , 0.012, 0.024, 0.001
1926, 11, -0.010, , 0.012, 0.024, 0.001
1926, 12, -0.026, , 0.012, 0.024, 0.001
1927, 1, 0.021, , 0.012, 0.024, 0.001
1927, 2, 0.120, , 0.012, 0.024, 0.001
1927, 3, 0.036, , 0.012, 0.023, 0.001
1927, 4, -0.014, , 0.012, 0.023, 0.001
1927, 5, 0.008, , 0.012, 0.023, 0.001
1927, 6, 0.012, , 0.012, 0.023, 0.001
1927, 7, -0.016, , 0.012, 0.023, 0.001
1927, 8, -0.036, , 0.012, 0.023, 0.001
1927, 9, 0.033, , 0.012, 0.023, 0.001
1927, 10, 0.051, , 0.012, 0.023, 0.001
1927, 11, -0.034, , 0.012, 0.023, 0.001
1927, 12, -0.178, , 0.012, 0.023, 0.001
1928, 1, 0.006, , 0.012, 0.023, 0.001
1928, 2, -0.062, , 0.012, 0.023, 0.001
1928, 3, 0.106, , 0.012, 0.023, 0.001
1928, 4, 0.087, , 0.012, 0.023, 0.001
1928, 5, 0.048, , 0.012, 0.023, 0.001
1928, 6, -0.006, , 0.012, 0.023, 0.001
1928, 7, -0.001, , 0.012, 0.023, 0.001
1928, 8, -0.030, , 0.012, 0.023, 0.001
1928, 9, -0.089, , 0.012, 0.023, 0.001
1928, 10, -0.068, , 0.012, 0.023, 0.001
1928, 11, 0.018, , 0.012, 0.023, 0.001
1928, 12, 0.014, , 0.012, 0.023, 0.001
1929, 1, -0.147, , 0.012, 0.023, 0.001
1929, 2, -0.234, , 0.012, 0.023, 0.001
1929, 3, -0.037, , 0.012, 0.022, 0.001
1929, 4, -0.035, , 0.012, 0.022, 0.001
1929, 5, -0.086, , 0.012, 0.022, 0.001
1929, 6, 0.040, , 0.011, 0.022, 0.001
1929, 7, 0.072, , 0.011, 0.022, 0.001
1929, 8, 0.098, , 0.011, 0.022, 0.001
1929, 9, -0.113, , 0.011, 0.022, 0.001
1929, 10, 0.018, , 0.011, 0.022, 0.001
1929, 11, -0.147, , 0.011, 0.022, 0.001
1929, 12, -0.087, , 0.011, 0.022, 0.001
1930, 1, -0.220, , 0.011, 0.022, 0.001
1930, 2, 0.084, , 0.011, 0.022, 0.001
1930, 3, -0.110, , 0.011, 0.022, 0.000
1930, 4, 0.017, , 0.011, 0.022, 0.000
1930, 5, -0.025, , 0.011, 0.022, 0.000
1930, 6, 0.028, , 0.011, 0.022, 0.000
1930, 7, -0.016, , 0.011, 0.022, 0.000
1930, 8, 0.018, , 0.011, 0.022, 0.000
1930, 9, -0.006, , 0.011, 0.022, 0.000
1930, 10, 0.006, , 0.011, 0.022, 0.000
1930, 11, 0.008, , 0.011, 0.022, 0.000
1930, 12, 0.151, , 0.011, 0.022, 0.000
1931, 1, 0.216, , 0.011, 0.022, 0.000
1931, 2, 0.144, , 0.011, 0.022, 0.000
1931, 3, 0.045, , 0.011, 0.022, 0.000
1931, 4, 0.102, , 0.011, 0.021, 0.000
1931, 5, 0.054, , 0.011, 0.021, 0.000
1931, 6, 0.067, , 0.011, 0.021, 0.000
1931, 7, 0.014, , 0.011, 0.021, 0.000
1931, 8, -0.012, , 0.011, 0.021, 0.000
1931, 9, 0.067, , 0.011, 0.021, 0.000
1931, 10, 0.045, , 0.011, 0.021, 0.000
1931, 11, -0.101, , 0.011, 0.021, 0.000
1931, 12, 0.081, , 0.011, 0.021, 0.000
1932, 1, -0.009, , 0.011, 0.021, 0.000
1932, 2, -0.010, , 0.011, 0.021, 0.000
1932, 3, 0.018, , 0.011, 0.021, 0.000
1932, 4, 0.123, , 0.011, 0.021, 0.000
1932, 5, 0.084, , 0.011, 0.021, 0.000
1932, 6, 0.003, , 0.011, 0.021, 0.000
1932, 7, 0.081, , 0.011, 0.021, 0.000
1932, 8, 0.062, , 0.010, 0.021, 0.000
1932, 9, 0.033, , 0.010, 0.021, 0.000
1932, 10, -0.016, , 0.010, 0.021, 0.000
1932, 11, 0.082, , 0.010, 0.021, 0.000
1932, 12, -0.029, , 0.010, 0.021, 0.000
1933, 1, 0.052, , 0.010, 0.021, 0.000
1933, 2, -0.080, , 0.010, 0.021, 0.000
1933, 3, 0.069, , 0.010, 0.021, 0.000
1933, 4, -0.044, , 0.010, 0.020, 0.000
1933, 5, 0.081, , 0.010, 0.020, 0.000
1933, 6, 0.064, , 0.010, 0.020, 0.000
1933, 7, 0.063, , 0.010, 0.020, 0.000
1933, 8, 0.018, , 0.010, 0.020, 0.000
1933, 9, 0.082, , 0.010, 0.020, 0.000
1933, 10, -0.062, , 0.010, 0.020, 0.000
1933, 11, -0.046, , 0.010, 0.020, 0.000
1933, 12, 0.038, , 0.010, 0.020, 0.000
1934, 1, 0.103, , 0.010, 0.020, -0.000
1934, 2, 0.080, , 0.010, 0.020, -0.000
1934, 3, 0.021, , 0.010, 0.020, -0.000
1934, 4, -0.002, , 0.010, 0.020, -0.000
1934, 5, 0.139, , 0.010, 0.020, -0.000
1934, 6, 0.016, , 0.010, 0.020, -0.000
1934, 7, 0.051, , 0.010, 0.020, -0.000
1934, 8, -0.012, , 0.010, 0.020, -0.000
1934, 9, -0.040, , 0.010, 0.020, -0.000
1934, 10, 0.015, , 0.010, 0.020, -0.000
1934, 11, 0.133, , 0.010, 0.020, -0.000
1934, 12, -0.023, , 0.010, 0.020, -0.000
1935, 1, 0.024, , 0.010, 0.020, -0.000
1935, 2, 0.072, , 0.010, 0.020, -0.000
1935, 3, 0.072, , 0.010, 0.020, -0.000
1935, 4, -0.050, , 0.010, 0.020, -0.000
1935, 5, -0.059, , 0.010, 0.019, -0.000
1935, 6, 0.061, , 0.010, 0.019, -0.000
1935, 7, -0.004, , 0.010, 0.019, -0.000
1935, 8, 0.022, , 0.010, 0.019, -0.000
1935, 9, -0.037, , 0.010, 0.019, -0.000
1935, 10, -0.071, , 0.010, 0.019, -0.000
1935, 11, -0.132, , 0.009, 0.019, -0.000
1935, 12, 0.148, , 0.009, 0.019, -0.000
1936, 1, 0.045, , 0.009, 0.019, -0.000
1936, 2, -0.092, , 0.009, 0.019, -0.000
1936, 3, -0.092, , 0.009, 0.019, -0.000
1936, 4, -0.062, , 0.009, 0.019, -0.000
1936, 5, 0.026, , 0.009, 0.019, -0.000
1936, 6, 0.110, , 0.009, 0.019, -0.000
1936, 7, 0.112, , 0.009, 0.019, -0.000
1936, 8, 0.026, , 0.009, 0.019, -0.000
1936, 9, -0.025, , 0.009, 0.019, -0.000
1936, 10, -0.077, , 0.009, 0.019, -0.000
1936, 11, -0.022, , 0.009, 0.019, -0.000
1936, 12, 0.068, , 0.009, 0.019, -0.000
1937, 1, -0.250, , 0.009, 0.019, -0.000
1937, 2, 0.010, , 0.009, 0.019, -0.000
1937, 3, 0.060, , 0.009, 0.019, -0.000
1937, 4, 0.090, , 0.009, 0.019, -0.000
1937, 5, 0.042, , 0.009, 0.019, -0.000
1937, 6, 0.046, , 0.009, 0.018, -0.000
1937, 7, 0.039, , 0.009, 0.018, -0.000
1937, 8, 0.058, , 0.009, 0.018, -0.001
1937, 9, -0.067, , 0.009, 0.018, -0.001
1937, 10, -0.001, , 0.009, 0.018, -0.001
1937, 11, 0.069, , 0.009, 0.018, -0.001
1937, 12, 0.014, , 0.009, 0.018, -0.001
1938, 1, 0.061, , 0.009, 0.018, -0.001
1938, 2, 0.080, , 0.009, 0.018, -0.001
1938, 3, 0.079, , 0.009, 0.018, -0.001
1938, 4, 0.035, , 0.009, 0.018, -0.001
1938, 5, -0.047, , 0.009, 0.018, -0.001
1938, 6, -0.061, , 0.009, 0.018, -0.001
1938, 7, -0.047, , 0.009, 0.018, -0.001
1938, 8, -0.100, , 0.009, 0.018, -0.001
1938, 9, -0.043, , 0.009, 0.018, -0.001
1938, 10, 0.006, , 0.009, 0.018, -0.001
1938, 11, -0.120, , 0.009, 0.018, -0.001
1938, 12, -0.060, , 0.009, 0.018, -0.001
1939, 1, 0.049, , 0.008, 0.018, -0.001
1939, 2, -0.108, , 0.008, 0.018, -0.001
1939, 3, -0.086, , 0.008, 0.018, -0.001
1939, 4, -0.050, , 0.008, 0.018, -0.001
1939, 5, 0.042, , 0.008, 0.018, -0.001
1939, 6, -0.006, , 0.008, 0.018, -0.001
1939, 7, 0.023, , 0.008, 0.017, -0.001
1939, 8, -0.006, , 0.008, 0.017, -0.001
1939, 9, -0.019, , 0.008, 0.017, -0.001
1939, 10, -0.016, , 0.008, 0.017, -0.001
1939, 11, 0.094, , 0.008, 0.017, -0.001
1939, 12, 0.230, , 0.008, 0.017, -0.001
1940, 1, 0.082, , 0.008, 0.017, -0.001
1940, 2, 0.124, , 0.008, 0.017, -0.001
1940, 3, 0.112, , 0.008, 0.017, -0.001
1940, 4, 0.032, , 0.008, 0.017, -0.001
1940, 5, 0.039, , 0.008, 0.017, -0.001
1940, 6, -0.003, , 0.008, 0.017, -0.001
1940, 7, 0.017, , 0.008, 0.017, -0.001
1940, 8, 0.096, , 0.008, 0.017, -0.001
1940, 9, 0.064, , 0.008, 0.017, -0.001
1940, 10, 0.088, , 0.008, 0.017, -0.001
1940, 11, -0.016, , 0.008, 0.017, -0.001
1940, 12, 0.157, , 0.008, 0.017, -0.001
1941, 1, 0.149, , 0.008, 0.017, -0.001
1941, 2, 0.088, , 0.008, 0.017, -0.001
1941, 3, 0.100, , 0.008, 0.017, -0.001
1941, 4, 0.053, , 0.008, 0.017, -0.001
1941, 5, 0.093, , 0.008, 0.017, -0.001
1941, 6, 0.046, , 0.008, 0.017, -0.001
1941, 7, 0.060, , 0.008, 0.017, -0.001
1941, 8, 0.056, , 0.008, 0.016, -0.001
1941, 9, 0.073, , 0.008, 0.016, -0.001
1941, 10, 0.012, , 0.008, 0.016, -0.001
1941, 11, 0.097, , 0.008, 0.016, -0.001
1941, 12, 0.099, , 0.008, 0.016, -0.001
1942, 1, 0.122, , 0.008, 0.016, -0.001
1942, 2, 0.024, , 0.008, 0.016, -0.001
1942, 3, 0.021, , 0.008, 0.016, -0.001
1942, 4, 0.127, , 0.007, 0.016, -0.001
1942, 5, 0.066, , 0.007, 0.016, -0.001
1942, 6, -0.009, , 0.007, 0.016, -0.001
1942, 7, 0.005, , 0.007, 0.016, -0.001
1942, 8, -0.082, , 0.007, 0.016, -0.001
1942, 9, -0.101, , 0.007, 0.016, -0.001
1942, 10, 0.030, , 0.007, 0.016, -0.001
1942, 11, 0.024, , 0.007, 0.016, -0.001
1942, 12, 0.008, , 0.007, 0.016, -0.001
1943, 1, -0.089, , 0.007, 0.016, -0.001
1943, 2, -0.010, , 0.007, 0.016, -0.001
1943, 3, -0.077, , 0.007, 0.016, -0.001
1943, 4, 0.066, , 0.007, 0.016, -0.001
1943, 5, -0.028, , 0.007, 0.016, -0.001
1943, 6, -0.018, , 0.007, 0.016, -0.001
1943, 7, 0.023, , 0.007, 0.016, -0.001
1943, 8, 0.026, , 0.007, 0.016, -0.001
1943, 9, -0.003, , 0.007, 0.016, -0.001
1943, 10, 0.030, , 0.007, 0.015, -0.001
1943, 11, 0.036, , 0.007, 0.015, -0.001
1943, 12, -0.002, , 0.007, 0.015, -0.001
1944, 1, 0.113, , 0.007, 0.015, -0.001
1944, 2, -0.106, , 0.007, 0.015, -0.002
1944, 3, -0.049, , 0.007, 0.015, -0.002
1944, 4, 0.047, , 0.007, 0.015, -0.002
1944, 5, -0.025, , 0.007, 0.015, -0.002
1944, 6, -0.042, , 0.007, 0.015, -0.002
1944, 7, -0.022, , 0.007, 0.015, -0.002
1944, 8, -0.018, , 0.007, 0.015, -0.002
1944, 9, -0.034, , 0.007, 0.015, -0.002
1944, 10, -0.007, , 0.007, 0.015, -0.002
1944, 11, 0.054, , 0.007, 0.015, -0.002
1944, 12, -0.078, , 0.007, 0.015, -0.002
1945, 1, 0.030, , 0.007, 0.015, -0.002
1945, 2, -0.060, , 0.007, 0.015, -0.002
1945, 3, 0.045, , 0.007, 0.015, -0.002
1945, 4, -0.105, , 0.007, 0.015, -0.002
1945, 5, -0.047, , 0.007, 0.015, -0.002
1945, 6, -0.052, , 0.006, 0.015, -0.002
1945, 7, 0.017, , 0.006, 0.015, -0.002
1945, 8, -0.096, , 0.006, 0.015, -0.002
1945, 9, -0.070, , 0.006, 0.015, -0.002
1945, 10, -0.062, , 0.006, 0.015, -0.002
1945, 11, 0.030, , 0.006, 0.015, -0.002
1945, 12, 0.041, , 0.006, 0.014, -0.002
1946, 1, 0.000, , 0.006, 0.014, -0.002
1946, 2, 0.062, , 0.006, 0.014, -0.002
1946, 3, 0.079, , 0.006, 0.014, -0.002
1946, 4, 0.047, , 0.006, 0.014, -0.002
1946, 5, -0.019, , 0.006, 0.014, -0.002
1946, 6, 0.034, , 0.006, 0.014, -0.002
1946, 7, 0.087, , 0.006, 0.014, -0.002
1946, 8, -0.026, , 0.006, 0.014, -0.002
1946, 9, 0.061, , 0.006, 0.014, -0.002
1946, 10, -0.043, , 0.006, 0.014, -0.002
1946, 11, -0.141, , 0.006, 0.014, -0.002
1946, 12, -0.069, , 0.006, 0.014, -0.002
1947, 1, -0.089, , 0.006, 0.014, -0.002
1947, 2, -0.084, , 0.006, 0.014, -0.002
1947, 3, -0.065, , 0.006, 0.014, -0.002
1947, 4, -0.041, , 0.006, 0.014, -0.002
1947, 5, -0.028, , 0.006, 0.014, -0.002
1947, 6, 0.034, , 0.006, 0.014, -0.002
1947, 7, 0.066, , 0.006, 0.014, -0.002
1947, 8, -0.008, , 0.006, 0.014, -0.002
1947, 9, -0.015, , 0.006, 0.014, -0.002
1947, 10, 0.210, , 0.006, 0.014, -0.002
1947, 11, -0.083, , 0.006, 0.014, -0.002
1947, 12, 0.035, , 0.006, 0.014, -0.002
1948, 1, 0.030, , 0.006, 0.014, -0.002
1948, 2, -0.084, , 0.006, 0.014, -0.002
1948, 3, -0.022, , 0.006, 0.013, -0.002
1948, 4, 0.023, , 0.006, 0.013, -0.002
1948, 5, 0.057, , 0.006, 0.013, -0.002
1948, 6, -0.006, , 0.006, 0.013, -0.002
1948, 7, 0.005, , 0.006, 0.013, -0.002
1948, 8, 0.026, , 0.006, 0.013, -0.002
1948, 9, 0.091, , 0.005, 0.013, -0.002
1948, 10, 0.021, , 0.005, 0.013, -0.002
1948, 11, 0.042, , 0.005, 0.013, -0.002
1948, 12, -0.023, , 0.005, 0.013, -0.002
1949, 1, -0.174, , 0.005, 0.013, -0.002
1949, 2, 0.004, , 0.005, 0.013, -0.002
1949, 3, 0.002, , 0.005, 0.013, -0.002
1949, 4, 0.066, , 0.005, 0.013, -0.002
1949, 5, 0.033, , 0.005, 0.013, -0.002
1949, 6, 0.034, , 0.005, 0.013, -0.002
1949, 7, 0.011, , 0.005, 0.013, -0.002
1949, 8, 0.090, , 0.005, 0.013, -0.002
1949, 9, 0.024, , 0.005, 0.013, -0.002
1949, 10, -0.037, , 0.005, 0.013, -0.003
1949, 11, 0.088, , 0.005, 0.013, -0.003
1949, 12, -0.102, , 0.005, 0.013, -0.003
1950, 1, -0.268, , 0.005, 0.013, -0.003
1950, 2, 0.020, , 0.005, 0.013, -0.003
1950, 3, -0.010, , 0.005, 0.013, -0.003
1950, 4, -0.011, , 0.005, 0.013, -0.003
1950, 5, -0.053, , 0.005, 0.013, -0.003
1950, 6, -0.018, , 0.005, 0.013, -0.003
1950, 7, 0.027, , 0.005, 0.012, -0.003
1950, 8, 0.044, , 0.005, 0.012, -0.003
1950, 9, 0.021, , 0.005, 0.012, -0.003
1950, 10, 0.106, , 0.005, 0.012, -0.003
1950, 11, -0.053, , 0.005, 0.012, -0.003
1950, 12, 0.029, , 0.005, 0.012, -0.003
1951, 1, -0.025, , 0.005, 0.012, -0.003
1951, 2, -0.048, , 0.005, 0.012, -0.003
1951, 3, -0.080, , 0.005, 0.012, -0.003
1951, 4, -0.120, , 0.005, 0.012, -0.003
1951, 5, -0.028, , 0.005, 0.012, -0.003
1951, 6, -0.079, , 0.005, 0.012, -0.003
1951, 7, -0.047, , 0.005, 0.012, -0.003
1951, 8, -0.070, , 0.005, 0.012, -0.003
1951, 9, -0.058, , 0.005, 0.012, -0.003
1951, 10, -0.049, , 0.005, 0.012, -0.003
1951, 11, 0.027, , 0.004, 0.012, -0.003
1951, 12, -0.102, , 0.004, 0.012, -0.003
1952, 1, 0.070, , 0.004, 0.012, -0.003
1952, 2, 0.008, , 0.004, 0.012, -0.003
1952, 3, -0.034, , 0.004, 0.012, -0.003
1952, 4, 0.005, , 0.004, 0.012, -0.003
1952, 5, -0.038, , 0.004, 0.012, -0.003
1952, 6, -0.000, , 0.004, 0.012, -0.003
1952, 7, -0.044, , 0.004, 0.012, -0.003
1952, 8, -0.038, , 0.004, 0.012, -0.003
1952, 9, 0.027, , 0.004, 0.012, -0.003
1952, 10, -0.077, , 0.004, 0.012, -0.003
1952, 11, -0.028, , 0.004, 0.011, -0.003
1952, 12, 0.196, , 0.004, 0.011, -0.003
1953, 1, 0.091, , 0.004, 0.011, -0.003
1953, 2, -0.062, , 0.004, 0.011, -0.003
1953, 3, 0.051, , 0.004, 0.011, -0.003
1953, 4, -0.002, , 0.004, 0.011, -0.003
1953, 5, 0.078, , 0.004, 0.011, -0.003
1953, 6, -0.006, , 0.004, 0.011, -0.003
1953, 7, -0.007, , 0.004, 0.011, -0.003
1953, 8, 0.016, , 0.004, 0.011, -0.003
1953, 9, 0.036, , 0.004, 0.011, -0.003
1953, 10, 0.103, , 0.004, 0.011, -0.003
1953, 11, 0.185, , 0.004, 0.011, -0.003
1953, 12, 0.047, , 0.004, 0.011, -0.003
1954, 1, 0.027, , 0.004, 0.011, -0.003
1954, 2, 0.108, , 0.004, 0.011, -0.003
1954, 3, -0.062, , 0.004, 0.011, -0.003
1954, 4, -0.044, , 0.004, 0.011, -0.003
1954, 5, -0.059, , 0.004, 0.011, -0.003
1954, 6, 0.067, , 0.004, 0.011, -0.003
1954, 7, 0.048, , 0.004, 0.011, -0.003
1954, 8, -0.036, , 0.004, 0.011, -0.003
1954, 9, -0.012, , 0.004, 0.011, -0.004
1954, 10, 0.027, , 0.004, 0.011, -0.004
1954, 11, 0.124, , 0.004, 0.011, -0.004
1954, 12, 0.145, , 0.004, 0.011, -0.004
1955, 1, 0.021, , 0.004, 0.011, -0.004
1955, 2, -0.056, , 0.003, 0.011, -0.004
1955, 3, -0.132, , 0.003, 0.011, -0.004
1955, 4, 0.038, , 0.003, 0.010, -0.004
1955, 5, -0.068, , 0.003, 0.010, -0.004
1955, 6, -0.058, , 0.003, 0.010, -0.004
1955, 7, -0.037, , 0.003, 0.010, -0.004
1955, 8, -0.006, , 0.003, 0.010, -0.004
1955, 9, -0.064, , 0.003, 0.010, -0.004
1955, 10, 0.045, , 0.003, 0.010, -0.004
1955, 11, -0.095, , 0.003, 0.010, -0.004
1955, 12, -0.081, , 0.003, 0.010, -0.004
1956, 1, 0.027, , 0.003, 0.010, -0.004
1956, 2, -0.130, , 0.003, 0.010, -0.004
1956, 3, -0.043, , 0.003, 0.010, -0.004
1956, 4, -0.096, , 0.003, 0.010, -0.004
1956, 5, -0.050, , 0.003, 0.010, -0.004
1956, 6, 0.055, , 0.003, 0.010, -0.004
1956, 7, -0.044, , 0.003, 0.010, -0.004
1956, 8, -0.018, , 0.003, 0.010, -0.004
1956, 9, -0.049, , 0.003, 0.010, -0.004
1956, 10, 0.018, , 0.003, 0.010, -0.004
1956, 11, -0.120, , 0.003, 0.010, -0.004
1956, 12, -0.041, , 0.003, 0.010, -0.004
1957, 1, -0.226, , 0.003, 0.010, -0.004
1957, 2, -0.136, , 0.003, 0.010, -0.004
1957, 3, -0.013, , 0.003, 0.010, -0.004
1957, 4, -0.066, , 0.003, 0.010, -0.004
1957, 5, 0.017, , 0.003, 0.010, -0.004
1957, 6, 0.040, , 0.003, 0.010, -0.004
1957, 7, 0.069, , 0.003, 0.010, -0.004
1957, 8, 0.040, , 0.003, 0.010, -0.004
1957, 9, -0.019, , 0.003, 0.010, -0.004
1957, 10, -0.080, , 0.003, 0.010, -0.004
1957, 11, -0.034, , 0.003, 0.009, -0.004
1957, 12, 0.126, , 0.003, 0.009, -0.004
1958, 1, 0.207, , 0.003, 0.009, -0.004
1958, 2, 0.206, , 0.003, 0.009, -0.004
1958, 3, -0.013, , 0.003, 0.009, -0.004
1958, 4, 0.047, , 0.002, 0.009, -0.004
1958, 5, -0.016, , 0.002, 0.009, -0.004
1958, 6, -0.055, , 0.002, 0.009, -0.004
1958, 7, -0.101, , 0.002, 0.009, -0.004
1958, 8, 0.032, , 0.002, 0.009, -0.004
1958, 9, 0.039, , 0.002, 0.009, -0.004
1958, 10, 0.082, , 0.002, 0.009, -0.004
1958, 11, 0.039, , 0.002, 0.009, -0.004
1958, 12, 0.026, , 0.002, 0.009, -0.004
1959, 1, 0.045, , 0.002, 0.009, -0.005
1959, 2, 0.002, , 0.002, 0.009, -0.005
1959, 3, 0.063, , 0.002, 0.009, -0.005
1959, 4, -0.038, , 0.002, 0.009, -0.005
1959, 5, -0.044, , 0.002, 0.009, -0.005
1959, 6, 0.049, , 0.002, 0.009, -0.005
1959, 7, -0.028, , 0.002, 0.009, -0.005
1959, 8, -0.012, , 0.002, 0.009, -0.005
1959, 9, 0.067, , 0.002, 0.009, -0.005
1959, 10, -0.049, , 0.002, 0.009, -0.005
1959, 11, -0.098, , 0.002, 0.009, -0.005
1959, 12, 0.093, , 0.002, 0.009, -0.005
1960, 1, 0.006, , 0.002, 0.009, -0.005
1960, 2, -0.004, , 0.002, 0.009, -0.005
1960, 3, 0.030, , 0.002, 0.009, -0.005
1960, 4, 0.111, , 0.002, 0.009, -0.005
1960, 5, 0.093, , 0.002, 0.009, -0.005
1960, 6, -0.021, , 0.002, 0.009, -0.005
1960, 7, -0.025, , 0.002, 0.008, -0.005
1960, 8, -0.018, , 0.002, 0.008, -0.005
1960, 9, 0.012, , 0.002, 0.008, -0.005
1960, 10, 0.018, , 0.002, 0.008, -0.005
1960, 11, 0.018, , 0.002, 0.008, -0.005
1960, 12, -0.063, , 0.002, 0.008, -0.005
1961, 1, 0.103, , 0.002, 0.008, -0.005
1961, 2, 0.130, , 0.002, 0.008, -0.005
1961, 3, 0.143, , 0.002, 0.008, -0.005
1961, 4, -0.023, , 0.002, 0.008, -0.005
1961, 5, -0.019, , 0.002, 0.008, -0.005
1961, 6, 0.058, , 0.002, 0.008, -0.005
1961, 7, -0.034, , 0.001, 0.008, -0.005
1961, 8, -0.018, , 0.001, 0.008, -0.005
1961, 9, -0.067, , 0.001, 0.008, -0.005
1961, 10, -0.013, , 0.001, 0.008, -0.005
1961, 11, -0.056, , 0.001, 0.008, -0.005
1961, 12, -0.047, , 0.001, 0.008, -0.005
1962, 1, -0.107, , 0.001, 0.008, -0.005
1962, 2, -0.098, , 0.001, 0.008, -0.005
1962, 3, -0.138, , 0.001, 0.008, -0.005
1962, 4, -0.023, , 0.001, 0.008, -0.005
1962, 5, -0.050, , 0.001, 0.008, -0.005
1962, 6, -0.067, , 0.001, 0.008, -0.005
1962, 7, -0.083, , 0.001, 0.008, -0.005
1962, 8, 0.012, , 0.001, 0.008, -0.005
1962, 9, -0.015, , 0.001, 0.008, -0.005
1962, 10, 0.054, , 0.001, 0.008, -0.005
1962, 11, 0.091, , 0.001, 0.008, -0.006
1962, 12, 0.035, , 0.001, 0.008, -0.006
1963, 1, -0.226, , 0.001, 0.008, -0.006
1963, 2, 0.068, , 0.001, 0.008, -0.006
1963, 3, -0.068, , 0.001, 0.008, -0.006
1963, 4, 0.041, , 0.001, 0.007, -0.006
1963, 5, 0.029, , 0.001, 0.007, -0.006
1963, 6, -0.000, , 0.001, 0.007, -0.006
1963, 7, 0.005, , 0.001, 0.007, -0.006
1963, 8, -0.052, , 0.001, 0.007, -0.006
1963, 9, 0.177, , 0.001, 0.007, -0.006
1963, 10, 0.204, , 0.001, 0.007, -0.006
1963, 11, 0.097, , 0.001, 0.007, -0.006
1963, 12, -0.011, , 0.001, 0.007, -0.006
1964, 1, 0.149, , 0.001, 0.007, -0.006
1964, 2, -0.098, , 0.001, 0.007, -0.006
1964, 3, -0.065, , 0.001, 0.007, -0.006
1964, 4, -0.123, , 0.001, 0.007, -0.006
1964, 5, -0.095, , 0.001, 0.007, -0.006
1964, 6, -0.018, , 0.001, 0.007, -0.006
1964, 7, 0.033, , 0.001, 0.007, -0.006
1964, 8, 0.058, , 0.001, 0.007, -0.006
1964, 9, -0.061, , 0.001, 0.007, -0.006
1964, 10, 0.012, , 0.000, 0.007, -0.006
1964, 11, -0.040, , 0.000, 0.007, -0.006
1964, 12, -0.029, , 0.000, 0.007, -0.006
1965, 1, -0.031, , 0.000, 0.007, -0.006
1965, 2, -0.062, , 0.000, 0.007, -0.006
1965, 3, -0.181, , 0.000, 0.007, -0.006
1965, 4, -0.038, , 0.000, 0.007, -0.006
1965, 5, -0.111, , 0.000, 0.007, -0.006
1965, 6, -0.100, , 0.000, 0.007, -0.006
1965, 7, -0.047, , 0.000, 0.007, -0.006
1965, 8, -0.038, , 0.000, 0.007, -0.006
1965, 9, -0.192, , 0.000, 0.007, -0.006
1965, 10, 0.045, , 0.000, 0.007, -0.006
1965, 11, 0.005, , 0.000, 0.007, -0.006
1965, 12, 0.029, , 0.000, 0.007, -0.006
1966, 1, -0.006, , 0.000, 0.007, -0.006
1966, 2, -0.034, , 0.000, 0.007, -0.006
1966, 3, 0.109, , 0.000, 0.007, -0.006
1966, 4, -0.093, , 0.000, 0.007, -0.006
1966, 5, -0.013, , -0.000, 0.006, -0.007
1966, 6, 0.104, , -0.000, 0.006, -0.007
1966, 7, 0.033, , -0.000, 0.006, -0.007
1966, 8, 0.064, , -0.000, 0.006, -0.007
1966, 9, 0.128, , -0.000, 0.006, -0.007
1966, 10, 0.060, , -0.000, 0.006, -0.007
1966, 11, -0.001, , -0.000, 0.006, -0.007
1966, 12, 0.142, , -0.000, 0.006, -0.007
1967, 1, 0.091, , -0.000, 0.006, -0.007
1967, 2, 0.066, , -0.000, 0.006, -0.007
1967, 3, 0.033, , -0.000, 0.006, -0.007
1967, 4, 0.011, , -0.000, 0.006, -0.007
1967, 5, 0.048, , -0.000, 0.006, -0.007
1967, 6, 0.040, , -0.000, 0.006, -0.007
1967, 7, 0.109, , -0.000, 0.006, -0.007
1967, 8, 0.062, , -0.000, 0.006, -0.007
1967, 9, 0.177, , -0.000, 0.006, -0.007
1967, 10, 0.185, , -0.000, 0.006, -0.007
1967, 11, -0.065, , -0.000, 0.006, -0.007
1967, 12, -0.017, , -0.001, 0.006, -0.007
1968, 1, -0.022, , -0.001, 0.006, -0.007
1968, 2, 0.184, , -0.001, 0.006, -0.007
1968, 3, 0.143, , -0.001, 0.006, -0.007
1968, 4, 0.132, , -0.001, 0.006, -0.007
1968, 5, 0.121, , -0.001, 0.006, -0.007
1968, 6, 0.131, , -0.001, 0.006, -0.007
1968, 7, 0.158, , -0.001, 0.006, -0.007
1968, 8, 0.186, , -0.001, 0.006, -0.007
1968, 9, 0.177, , -0.001, 0.006, -0.007
1968, 10, 0.158, , -0.001, 0.006, -0.007
1968, 11, 0.158, , -0.001, 0.006, -0.007
1968, 12, -0.011, , -0.001, 0.006, -0.007
1969, 1, -0.055, , -0.001, 0.006, -0.007
1969, 2, 0.056, , -0.001, 0.006, -0.007
1969, 3, -0.135, , -0.001, 0.006, -0.007
1969, 4, 0.075, , -0.001, 0.006, -0.007
1969, 5, -0.035, , -0.001, 0.006, -0.007
1969, 6, -0.006, , -0.001, 0.006, -0.007
1969, 7, 0.017, , -0.001, 0.006, -0.008
1969, 8, 0.102, , -0.001, 0.005, -0.008
1969, 9, 0.091, , -0.001, 0.005, -0.008
1969, 10, 0.009, , -0.001, 0.005, -0.008
1969, 11, 0.130, , -0.001, 0.005, -0.008
1969, 12, 0.172, , -0.001, 0.005, -0.008
1970, 1, 0.076, , -0.001, 0.005, -0.008
1970, 2, 0.024, , -0.001, 0.005, -0.008
1970, 3, 0.005, , -0.001, 0.005, -0.008
1970, 4, -0.023, , -0.001, 0.005, -0.008
1970, 5, -0.001, , -0.001, 0.005, -0.008
1970, 6, -0.015, , -0.001, 0.005, -0.008
1970, 7, 0.011, , -0.001, 0.005, -0.008
1970, 8, 0.012, , -0.001, 0.005, -0.008
1970, 9, -0.022, , -0.001, 0.005, -0.008
1970, 10, -0.016, , -0.001, 0.005, -0.008
1970, 11, -0.068, , -0.001, 0.005, -0.008
1970, 12, -0.038, , -0.001, 0.005, -0.008
1971, 1, -0.168, , -0.001, 0.005, -0.008
1971, 2, -0.154, , -0.001, 0.005, -0.008
1971, 3, 0.011, , -0.002, 0.005, -0.008
1971, 4, 0.029, , -0.002, 0.005, -0.008
1971, 5, -0.080, , -0.002, 0.005, -0.008
1971, 6, 0.003, , -0.002, 0.005, -0.008
1971, 7, -0.065, , -0.002, 0.005, -0.008
1971, 8, 0.058, , -0.002, 0.005, -0.008
1971, 9, 0.045, , -0.002, 0.005, -0.008
1971, 10, -0.034, , -0.002, 0.005, -0.008
1971, 11, -0.028, , -0.002, 0.005, -0.008
1971, 12, -0.127, , -0.002, 0.005, -0.008
1972, 1, -0.171, , -0.002, 0.005, -0.008
1972, 2, -0.022, , -0.002, 0.005, -0.008
1972, 3, 0.008, , -0.002, 0.005, -0.008
1972, 4, 0.032, , -0.002, 0.005, -0.008
1972, 5, -0.059, , -0.002, 0.005, -0.008
1972, 6, -0.003, , -0.002, 0.005, -0.009
1972, 7, 0.017, , -0.002, 0.005, -0.009
1972, 8, 0.044, , -0.002, 0.005, -0.009
1972, 9, -0.019, , -0.002, 0.005, -0.009
1972, 10, -0.110, , -0.002, 0.005, -0.009
1972, 11, 0.030, , -0.002, 0.005, -0.009
1972, 12, -0.026, , -0.002, 0.005, -0.009
1973, 1, , , -0.002, 0.005, -0.009
1973, 2, , , -0.002, 0.004, -0.009
1973, 3, 0.030, , -0.002, 0.004, -0.009
1973, 4, -0.136, , -0.002, 0.004, -0.009
1973, 5, -0.019, , -0.002, 0.004, -0.009
1973, 6, -0.006, , -0.002, 0.004, -0.009
1973, 7, , , -0.002, 0.004, -0.009
1973, 8, -0.060, , -0.002, 0.004, -0.009
1973, 9, , , -0.002, 0.004, -0.009
1973, 10, -0.046, , -0.002, 0.004, -0.009
1973, 11, , , -0.002, 0.004, -0.009
1973, 12, 0.017, , -0.002, 0.004, -0.009
1974, 1, -0.107, , -0.002, 0.004, -0.009
1974, 2, -0.032, , -0.002, 0.004, -0.009
1974, 3, -0.022, , -0.002, 0.004, -0.009
1974, 4, -0.008, , -0.002, 0.004, -0.009
1974, 5, 0.011, , -0.003, 0.004, -0.009
1974, 6, -0.006, , -0.003, 0.004, -0.009
1974, 7, 0.033, , -0.003, 0.004, -0.009
1974, 8, -0.084, , -0.003, 0.004, -0.009
1974, 9, -0.073, , -0.003, 0.004, -0.009
1974, 10, -0.046, , -0.003, 0.004, -0.009
1974, 11, -0.001, , -0.003, 0.004, -0.009
1974, 12, 0.062, , -0.003, 0.004, -0.009
1975, 1, -0.055, , -0.003, 0.004, -0.009
1975, 2, 0.002, , -0.003, 0.004, -0.009
1975, 3, -0.068, , -0.003, 0.004, -0.010
1975, 4, -0.102, , -0.003, 0.004, -0.010
1975, 5, -0.071, , -0.003, 0.004, -0.010
1975, 6, -0.073, , -0.003, 0.004, -0.010
1975, 7, -0.041, , -0.003, 0.004, -0.010
1975, 8, 0.018, , -0.003, 0.004, -0.010
1975, 9, -0.125, , -0.003, 0.004, -0.010
1975, 10, 0.015, , -0.003, 0.004, -0.010
1975, 11, 0.066, , -0.003, 0.004, -0.010
1975, 12, -0.053, , -0.003, 0.004, -0.010
1976, 1, , , -0.003, 0.004, -0.010
1976, 2, 0.008, , -0.003, 0.004, -0.010
1976, 3, -0.007, , -0.003, 0.004, -0.010
1976, 4, 0.044, , -0.003, 0.004, -0.010
1976, 5, 0.069, , -0.003, 0.004, -0.010
1976, 6, , , -0.003, 0.004, -0.010
1976, 7, , , -0.003, 0.004, -0.010
1976, 8, , , -0.003, 0.004, -0.010
1976, 9, , , -0.003, 0.004, -0.010
1976, 10, -0.028, , -0.003, 0.004, -0.010
1976, 11, -0.049, , -0.003, 0.004, -0.010
1976, 12, , , -0.003, 0.004, -0.010
1977, 1, -0.095, , -0.003, 0.004, -0.010
1977, 2, 0.114, , -0.003, 0.003, -0.010
1977, 3, 0.018, , -0.003, 0.003, -0.010
1977, 4, -0.056, , -0.003, 0.003, -0.010
1977, 5, 0.023, , -0.003, 0.003, -0.010
1977, 6, 0.012, , -0.003, 0.003, -0.010
1977, 7, 0.023, , -0.003, 0.003, -0.010
1977, 8, 0.032, , -0.004, 0.003, -0.010
1977, 9, 0.015, , -0.004, 0.003, -0.010
1977, 10, 0.060, , -0.004, 0.003, -0.010
1977, 11, 0.011, , -0.004, 0.003, -0.011
1977, 12, -0.038, , -0.004, 0.003, -0.011
1978, 1, -0.034, , -0.004, 0.003, -0.011
1978, 2, 0.062, , -0.004, 0.003, -0.011
1978, 3, 0.005, , -0.004, 0.003, -0.011
1978, 4, -0.017, , -0.004, 0.003, -0.011
1978, 5, -0.035, , -0.004, 0.003, -0.011
1978, 6, -0.097, , -0.004, 0.003, -0.011
1978, 7, -0.123, , -0.004, 0.003, -0.011
1978, 8, , , -0.004, 0.003, -0.011
1978, 9, 0.088, , -0.004, 0.003, -0.011
1978, 10, -0.062, , -0.004, 0.003, -0.011
1978, 11, , , -0.004, 0.003, -0.011
1978, 12, -0.117, , -0.004, 0.003, -0.011
1979, 1, -0.101, , -0.004, 0.003, -0.011
1979, 2, -0.020, , -0.004, 0.003, -0.011
1979, 3, -0.062, , -0.004, 0.003, -0.011
1979, 4, -0.069, , -0.004, 0.003, -0.011
1979, 5, -0.025, , -0.004, 0.003, -0.011
1979, 6, -0.070, , -0.004, 0.003, -0.011
1979, 7, 0.014, , -0.004, 0.003, -0.011
1979, 8, -0.038, , -0.004, 0.003, -0.011
1979, 9, 0.042, , -0.004, 0.003, -0.011
1979, 10, 0.030, , -0.004, 0.003, -0.011
1979, 11, -0.037, , -0.004, 0.003, -0.011
1979, 12, 0.047, , -0.004, 0.003, -0.011
1980, 1, 0.006, , -0.004, 0.003, -0.011
1980, 2, 0.068, , -0.004, 0.003, -0.011
1980, 3, 0.018, , -0.004, 0.003, -0.011
1980, 4, 0.102, , -0.004, 0.003, -0.011
1980, 5, -0.004, , -0.004, 0.003, -0.012
1980, 6, -0.073, , -0.004, 0.003, -0.012
1980, 7, -0.028, , -0.004, 0.003, -0.012
1980, 8, -0.032, , -0.004, 0.003, -0.012
1980, 9, -0.028, , -0.004, 0.003, -0.012
1980, 10, 0.021, , -0.005, 0.003, -0.012
1980, 11, 0.103, , -0.005, 0.003, -0.012
1980, 12, -0.002, , -0.005, 0.003, -0.012
1981, 1, 0.134, , -0.005, 0.003, -0.012
1981, 2, 0.030, , -0.005, 0.003, -0.012
1981, 3, 0.076, , -0.005, 0.003, -0.012
1981, 4, 0.078, , -0.005, 0.003, -0.012
1981, 5, 0.054, , -0.005, 0.003, -0.012
1981, 6, 0.080, , -0.005, 0.003, -0.012
1981, 7, -0.056, , -0.005, 0.003, -0.012
1981, 8, -0.064, , -0.005, 0.003, -0.012
1981, 9, 0.079, , -0.005, 0.002, -0.012
1981, 10, -0.034, , -0.005, 0.002, -0.012
1981, 11, 0.124, , -0.005, 0.002, -0.012
1981, 12, 0.050, , -0.005, 0.002, -0.012
1982, 1, -0.052, , -0.005, 0.002, -0.012
1982, 2, -0.062, , -0.005, 0.002, -0.012
1982, 3, 0.008, , -0.005, 0.002, -0.012
1982, 4, 0.035, , -0.005, 0.002, -0.012
1982, 5, -0.028, , -0.005, 0.002, -0.012
1982, 6, -0.058, , -0.005, 0.002, -0.012
1982, 7, -0.016, , -0.005, 0.002, -0.012
1982, 8, -0.024, , -0.005, 0.002, -0.012
1982, 9, -0.009, , -0.005, 0.002, -0.012
1982, 10, 0.039, , -0.005, 0.002, -0.013
1982, 11, 0.033, , -0.005, 0.002, -0.013
1982, 12, 0.050, , -0.005, 0.002, -0.013
1983, 1, 0.213, , -0.005, 0.002, -0.013
1983, 2, 0.254, , -0.005, 0.002, -0.013
1983, 3, 0.133, , -0.005, 0.002, -0.013
1983, 4, 0.035, , -0.005, 0.002, -0.013
1983, 5, 0.048, , -0.005, 0.002, -0.013
1983, 6, 0.086, , -0.005, 0.002, -0.013
1983, 7, 0.139, , -0.005, 0.002, -0.013
1983, 8, 0.128, , -0.005, 0.002, -0.013
1983, 9, 0.064, , -0.005, 0.002, -0.013
1983, 10, 0.036, , -0.005, 0.002, -0.013
1983, 11, 0.139, , -0.005, 0.002, -0.013
1983, 12, -0.160, , -0.005, 0.002, -0.013
1984, 1, -0.064, , -0.006, 0.002, -0.013
1984, 2, 0.118, , -0.006, 0.002, -0.013
1984, 3, 0.100, , -0.006, 0.002, -0.013
1984, 4, 0.105, , -0.006, 0.002, -0.013
1984, 5, 0.066, , -0.006, 0.002, -0.013
1984, 6, 0.031, , -0.006, 0.002, -0.013
1984, 7, 0.008, , -0.006, 0.002, -0.013
1984, 8, 0.092, , -0.006, 0.002, -0.013
1984, 9, 0.079, , -0.006, 0.002, -0.013
1984, 10, 0.048, , -0.006, 0.002, -0.013
1984, 11, 0.072, , -0.006, 0.002, -0.013
1984, 12, -0.093, , -0.006, 0.002, -0.013
1985, 1, -0.064, , -0.006, 0.002, -0.013
1985, 2, -0.074, , -0.006, 0.002, -0.014
1985, 3, -0.071, , -0.006, 0.002, -0.014
1985, 4, 0.020, , -0.006, 0.002, -0.014
1985, 5, -0.035, , -0.006, 0.002, -0.014
1985, 6, -0.021, , -0.006, 0.002, -0.014
1985, 7, -0.037, , -0.006, 0.002, -0.014
1985, 8, -0.078, , -0.006, 0.002, -0.014
1985, 9, -0.095, , -0.006, 0.002, -0.014
1985, 10, -0.019, , -0.006, 0.002, -0.014
1985, 11, -0.245, , -0.006, 0.002, -0.014
1985, 12, -0.194, , -0.006, 0.002, -0.014
1986, 1, 0.113, , -0.006, 0.002, -0.014
1986, 2, -0.026, , -0.006, 0.002, -0.014
1986, 3, 0.094, , -0.006, 0.002, -0.014
1986, 4, 0.002, , -0.006, 0.002, -0.014
1986, 5, 0.057, , -0.006, 0.002, -0.014
1986, 6, -0.012, , -0.006, 0.002, -0.014
1986, 7, -0.004, , -0.006, 0.002, -0.014
1986, 8, -0.064, , -0.006, 0.002, -0.014
1986, 9, -0.067, , -0.006, 0.002, -0.014
1986, 10, -0.037, , -0.006, 0.001, -0.014
1986, 11, -0.022, , -0.006, 0.001, -0.014
1986, 12, 0.001, , -0.006, 0.001, -0.014
1987, 1, 0.076, , -0.006, 0.001, -0.014
1987, 2, 0.118, , -0.006, 0.001, -0.014
1987, 3, 0.054, , -0.007, 0.001, -0.014
1987, 4, 0.075, , -0.007, 0.001, -0.014
1987, 5, 0.100, , -0.007, 0.001, -0.015
1987, 6, 0.043, , -0.007, 0.001, -0.015
1987, 7, 0.027, , -0.007, 0.001, -0.015
1987, 8, -0.064, , -0.007, 0.001, -0.015
1987, 9, 0.000, , -0.007, 0.001, -0.015
1987, 10, -0.055, , -0.007, 0.001, -0.015
1987, 11, 0.075, , -0.007, 0.001, -0.015
1987, 12, 0.093, , -0.007, 0.001, -0.015
1988, 1, 0.036, , -0.007, 0.001, -0.015
1988, 2, -0.086, , -0.007, 0.001, -0.015
1988, 3, 0.011, , -0.007, 0.001, -0.015
1988, 4, 0.032, , -0.007, 0.001, -0.015
1988, 5, 0.075, , -0.007, 0.001, -0.015
1988, 6, 0.067, , -0.007, 0.001, -0.015
1988, 7, 0.023, , -0.007, 0.001, -0.015
1988, 8, 0.010, , -0.007, 0.001, -0.015
1988, 9, -0.028, , -0.007, 0.001, -0.015
1988, 10, -0.040, , -0.007, 0.001, -0.015
1988, 11, 0.133, , -0.007, 0.001, -0.015
1988, 12, -0.127, , -0.007, 0.001, -0.015
1989, 1, -0.022, , -0.007, 0.001, -0.015
1989, 2, -0.288, , -0.007, 0.001, -0.015
1989, 3, 0.018, , -0.007, 0.001, -0.015
1989, 4, -0.050, , -0.007, 0.001, -0.015
1989, 5, -0.025, , -0.007, 0.001, -0.015
1989, 6, -0.055, , -0.007, 0.001, -0.015
1989, 7, 0.002, , -0.007, 0.001, -0.015
1989, 8, -0.052, , -0.007, 0.001, -0.016
1989, 9, -0.101, , -0.007, 0.001, -0.016
1989, 10, -0.052, , -0.007, 0.001, -0.016
1989, 11, -0.037, , -0.007, 0.001, -0.016
1989, 12, -0.053, , -0.007, 0.001, -0.016
1990, 1, 0.036, , -0.007, 0.001, -0.016
1990, 2, -0.026, , -0.007, 0.001, -0.016
1990, 3, -0.010, , -0.007, 0.001, -0.016
1990, 4, -0.041, , -0.007, 0.001, -0.016
1990, 5, -0.062, , -0.007, 0.001, -0.016
1990, 6, 0.016, , -0.008, 0.001, -0.016
1990, 7, -0.034, , -0.008, 0.001, -0.016
1990, 8, 0.032, , -0.008, 0.001, -0.016
1990, 9, -0.040, , -0.008, 0.001, -0.016
1990, 10, 0.024, , -0.008, 0.001, -0.016
1990, 11, -0.013, , -0.008, 0.001, -0.016
1990, 12, -0.166, , -0.008, 0.001, -0.016
1991, 1, -0.168, , -0.008, 0.001, -0.016
1991, 2, 0.078, , -0.008, 0.001, -0.016
1991, 3, -0.025, , -0.008, 0.001, -0.016
1991, 4, -0.041, , -0.008, 0.001, -0.016
1991, 5, -0.028, , -0.008, 0.001, -0.016
1991, 6, -0.052, , -0.008, 0.001, -0.016
1991, 7, -0.013, , -0.008, 0.001, -0.016
1991, 8, 0.074, , -0.008, 0.001, -0.016
1991, 9, -0.018, , -0.008, 0.001, -0.016
1991, 10, -0.074, , -0.008, 0.001, -0.017
1991, 11, 0.079, , -0.008, 0.001, -0.017
1991, 12, 0.117, , -0.008, 0.001, -0.017
1992, 1, 0.225, , -0.008, 0.001, -0.017
1992, 2, 0.260, , -0.008, 0.001, -0.017
1992, 3, 0.051, , -0.008, 0.001, -0.017
1992, 4, 0.148, , -0.008, 0.001, -0.017
1992, 5, 0.017, , -0.008, 0.001, -0.017
1992, 6, -0.003, , -0.008, 0.001, -0.017
1992, 7, -0.025, , -0.008, 0.001, -0.017
1992, 8, -0.058, , -0.008, 0.001, -0.017
1992, 9, 0.042, , -0.008, 0.001, -0.017
1992, 10, 0.057, , -0.008, 0.000, -0.017
1992, 11, 0.021, , -0.008, 0.000, -0.017
1992, 12, -0.044, , -0.008, 0.000, -0.017
1993, 1, -0.015, , -0.008, 0.000, -0.017
1993, 2, 0.054, , -0.008, 0.000, -0.017
1993, 3, 0.066, , -0.008, 0.000, -0.017
1993, 4, 0.108, , -0.008, 0.000, -0.017
1993, 5, 0.118, , -0.008, 0.000, -0.017
1993, 6, 0.086, , -0.008, 0.000, -0.017
1993, 7, -0.025, , -0.008, 0.000, -0.017
1993, 8, -0.064, , -0.009, 0.000, -0.017
1993, 9, -0.165, , -0.009, 0.000, -0.017
1993, 10, -0.144, , -0.009, 0.000, -0.017
1993, 11, -0.156, , -0.009, 0.000, -0.017
1993, 12, 0.011, , -0.009, 0.000, -0.018
1994, 1, -0.019, , -0.009, 0.000, -0.018
1994, 2, -0.000, , -0.009, 0.000, -0.018
1994, 3, -0.010, , -0.009, 0.000, -0.018
1994, 4, -0.003, , -0.009, 0.000, -0.018
1994, 5, 0.032, , -0.009, 0.000, -0.018
1994, 6, 0.037, , -0.009, 0.000, -0.018
1994, 7, -0.037, , -0.009, 0.000, -0.018
1994, 8, -0.024, , -0.009, 0.000, -0.018
1994, 9, 0.027, , -0.009, 0.000, -0.018
1994, 10, -0.012, , -0.009, 0.000, -0.018
1994, 11, 0.002, , -0.009, 0.000, -0.018
1994, 12, 0.053, , -0.009, 0.000, -0.018
1995, 1, 0.073, , -0.009, 0.000, -0.018
1995, 2, -0.076, , -0.009, 0.000, -0.018
1995, 3, 0.015, , -0.009, 0.000, -0.018
1995, 4, -0.036, , -0.009, 0.000, -0.018
1995, 5, -0.091, , -0.009, 0.000, -0.018
1995, 6, -0.048, , -0.009, 0.000, -0.018
1995, 7, -0.038, , -0.009, 0.000, -0.018
1995, 8, -0.008, , -0.009, 0.000, -0.018
1995, 9, -0.058, , -0.009, 0.000, -0.018
1995, 10, 0.001, , -0.009, 0.000, -0.018
1995, 11, -0.026, , -0.009, 0.000, -0.018
1995, 12, -0.004, , -0.009, 0.000, -0.018
1996, 1, -0.065, , -0.009, -0.000, -0.019
1996, 2, 0.004, , -0.009, -0.000, -0.019
1996, 3, -0.083, , -0.009, -0.000, -0.019
1996, 4, 0.084, , -0.009, -0.000, -0.019
1996, 5, -0.026, , -0.009, -0.000, -0.019
1996, 6, -0.016, , -0.009, -0.000, -0.019
1996, 7, -0.073, , -0.009, -0.000, -0.019
1996, 8, -0.008, , -0.009, -0.000, -0.019
1996, 9, -0.002, , -0.009, -0.000, -0.019
1996, 10, -0.004, , -0.009, -0.000, -0.019
1996, 11, -0.140, , -0.010, -0.000, -0.019
1996, 12, -0.051, , -0.010, -0.000, -0.019
1997, 1, -0.046, , -0.010, -0.000, -0.019
1997, 2, -0.082, , -0.010, -0.000, -0.019
1997, 3, 0.025, , -0.010, -0.000, -0.019
1997, 4, -0.024, , -0.010, -0.000, -0.019
1997, 5, -0.012, , -0.010, -0.000, -0.019
1997, 6, 0.117, , -0.010, -0.000, -0.019
1997, 7, 0.059, , -0.010, -0.000, -0.019
1997, 8, 0.034, , -0.010, -0.000, -0.019
1997, 9, 0.089, , -0.010, -0.000, -0.019
1997, 10, 0.083, , -0.010, -0.000, -0.019
1997, 11, 0.112, , -0.010, -0.000, -0.019
1997, 12, 0.170, , -0.010, -0.000, -0.019
1998, 1, 0.214, , -0.010, -0.000, -0.019
1998, 2, 0.298, , -0.010, -0.000, -0.020
1998, 3, -0.017, , -0.010, -0.000, -0.020
1998, 4, -0.046, , -0.010, -0.000, -0.020
1998, 5, -0.045, , -0.010, -0.000, -0.020
1998, 6, -0.087, , -0.010, -0.000, -0.020
1998, 7, -0.059, , -0.010, -0.000, -0.020
1998, 8, -0.044, , -0.010, -0.000, -0.020
1998, 9, -0.058, , -0.010, -0.000, -0.020
1998, 10, -0.055, , -0.010, -0.000, -0.020
1998, 11, 0.019, , -0.010, -0.000, -0.020
1998, 12, -0.077, , -0.010, -0.000, -0.020
1999, 1, -0.063, , -0.010, -0.000, -0.020
1999, 2, 0.170, , -0.010, -0.000, -0.020
1999, 3, 0.095, , -0.010, -0.000, -0.020
1999, 4, -0.079, , -0.010, -0.000, -0.020
1999, 5, -0.006, , -0.010, -0.000, -0.020
1999, 6, 0.012, , -0.010, -0.000, -0.020
1999, 7, -0.051, , -0.010, -0.001, -0.020
1999, 8, -0.008, , -0.010, -0.001, -0.020
1999, 9, -0.085, , -0.010, -0.001, -0.020
1999, 10, -0.098, , -0.010, -0.001, -0.020
1999, 11, 0.068, , -0.010, -0.001, -0.020
1999, 12, -0.094, , -0.010, -0.001, -0.020
2000, 1, -0.080, , -0.011, -0.001, -0.020
2000, 2, -0.024, , -0.011, -0.001, -0.020
2000, 3, 0.016, , -0.011, -0.001, -0.021
2000, 4, -0.022, , -0.011, -0.001, -0.021
2000, 5, 0.017, , -0.011, -0.001, -0.021
2000, 6, -0.054, , -0.011, -0.001, -0.021
2000, 7, -0.011, , -0.011, -0.001, -0.021
2000, 8, -0.016, , -0.011, -0.001, -0.021
2000, 9, -0.024, , -0.011, -0.001, -0.021
2000, 10, -0.039, , -0.011, -0.001, -0.021
2000, 11, -0.124, , -0.011, -0.001, -0.021
2000, 12, -0.138, , -0.011, -0.001, -0.021
2001, 1, 0.004, , -0.011, -0.001, -0.021
2001, 2, -0.150, , -0.011, -0.001, -0.021
2001, 3, -0.068, , -0.011, -0.001, -0.021
2001, 4, -0.095, , -0.011, -0.001, -0.021
2001, 5, -0.014, , -0.011, -0.001, -0.021
2001, 6, -0.034, , -0.011, -0.001, -0.021
2001, 7, -0.049, , -0.011, -0.001, -0.021
2001, 8, 0.044, , -0.011, -0.001, -0.021
2001, 9, 0.061, , -0.011, -0.001, -0.021
2001, 10, -0.003, , -0.011, -0.001, -0.021
2001, 11, 0.053, , -0.011, -0.001, -0.021
2001, 12, -0.013, , -0.011, -0.001, -0.021
2002, 1, -0.031, , -0.011, -0.001, -0.021
2002, 2, -0.066, , -0.011, -0.001, -0.021
2002, 3, -0.152, , -0.011, -0.001, -0.021
2002, 4, -0.181, , -0.011, -0.001, -0.022
2002, 5, -0.129, , -0.011, -0.001, -0.022
2002, 6, -0.052, , -0.011, -0.001, -0.022
2002, 7, -0.027, , -0.011, -0.001, -0.022
2002, 8, -0.046, , -0.011, -0.001, -0.022
2002, 9, -0.003, , -0.011, -0.001, -0.022
2002, 10, -0.170, , -0.011, -0.001, -0.022
2002, 11, 0.010, , -0.011, -0.001, -0.022
2002, 12, 0.170, , -0.011, -0.001, -0.022
2003, 1, 0.130, , -0.011, -0.001, -0.022
2003, 2, -0.124, , -0.011, -0.001, -0.022
2003, 3, 0.024, , -0.011, -0.001, -0.022
2003, 4, 0.051, , -0.012, -0.001, -0.022
2003, 5, -0.021, , -0.012, -0.001, -0.022
2003, 6, -0.056, , -0.012, -0.001, -0.022
2003, 7, -0.036, , -0.012, -0.001, -0.022
2003, 8, -0.012, , -0.012, -0.001, -0.022
2003, 9, 0.034, , -0.012, -0.001, -0.022
2003, 10, 0.030, , -0.012, -0.001, -0.022
2003, 11, -0.079, , -0.012, -0.001, -0.022
2003, 12, 0.126, , -0.012, -0.001, -0.022
2004, 1, 0.046, , -0.012, -0.001, -0.022
2004, 2, 0.022, , -0.012, -0.001, -0.022
2004, 3, -0.018, , -0.012, -0.001, -0.022
2004, 4, -0.051, , -0.012, -0.001, -0.023
2004, 5, -0.040, , -0.012, -0.001, -0.023
2004, 6, -0.038, , -0.012, -0.001, -0.023
2004, 7, -0.019, , -0.012, -0.001, -0.023
2004, 8, -0.028, , -0.012, -0.001, -0.023
2004, 9, 0.030, , -0.012, -0.001, -0.023
2004, 10, -0.026, , -0.012, -0.001, -0.023
2004, 11, -0.094, , -0.012, -0.001, -0.023
2004, 12, -0.076, , -0.012, -0.001, -0.023
2005, 1, -0.055, , -0.012, -0.001, -0.023
2005, 2, -0.062, , -0.012, -0.001, -0.023
2005, 3, 0.038, , -0.012, -0.001, -0.023
2005, 4, 0.068, , -0.012, -0.001, -0.023
2005, 5, 0.087, , -0.012, -0.001, -0.023
2005, 6, -0.011, , -0.012, -0.001, -0.023
2005, 7, 0.050, , -0.012, -0.001, -0.023
2005, 8, -0.006, , -0.012, -0.001, -0.023
2005, 9, -0.042, , -0.012, -0.001, -0.023
2005, 10, 0.085, , -0.012, -0.001, -0.023
2005, 11, 0.046, , -0.012, -0.001, -0.023
2005, 12, 0.045, , -0.012, -0.001, -0.023
2006, 1, 0.163, , -0.012, -0.001, -0.023
2006, 2, -0.110, , -0.012, -0.001, -0.023
2006, 3, 0.009, , -0.012, -0.001, -0.023
2006, 4, 0.073, , -0.012, -0.001, -0.024
2006, 5, -0.016, , -0.012, -0.001, -0.024
2006, 6, -0.016, , -0.013, -0.001, -0.024
2006, 7, -0.016, , -0.013, -0.001, -0.024
2006, 8, -0.038, , -0.013, -0.001, -0.024
2006, 9, -0.055, , -0.013, -0.001, -0.024
2006, 10, -0.166, , -0.013, -0.001, -0.024
2006, 11, -0.020, , -0.013, -0.001, -0.024
2006, 12, 0.042, , -0.013, -0.001, -0.024
2007, 1, -0.077, , -0.013, -0.001, -0.024
2007, 2, 0.008, , -0.013, -0.001, -0.024
2007, 3, 0.031, , -0.013, -0.002, -0.024
2007, 4, 0.038, , -0.013, -0.002, -0.024
2007, 5, -0.020, , -0.013, -0.002, -0.024
2007, 6, 0.042, , -0.013, -0.002, -0.024
2007, 7, 0.144, , -0.013, -0.002, -0.024
2007, 8, 0.038, , -0.013, -0.002, -0.024
2007, 9, -0.030, , -0.013, -0.002, -0.024
2007, 10, 0.098, , -0.013, -0.002, -0.024
2007, 11, -0.050, , -0.013, -0.002, -0.024
2007, 12, -0.036, , -0.013, -0.002, -0.024
2008, 1, 0.027, , -0.013, -0.002, -0.024
2008, 2, -0.032, , -0.013, -0.002, -0.024
2008, 3, -0.022, , -0.013, -0.002, -0.024
2008, 4, -0.095, , -0.013, -0.002, -0.025
2008, 5, -0.064, , -0.013, -0.002, -0.025
2008, 6, -0.036, , -0.013, -0.002, -0.025
2008, 7, 0.052, , -0.013, -0.002, -0.025
2008, 8, 0.124, , -0.013, -0.002, -0.025
2008, 9, -0.050, , -0.013, -0.002, -0.025
2008, 10, -0.047, , -0.013, -0.002, -0.025
2008, 11, 0.008, , -0.013, -0.002, -0.025
2008, 12, -0.155, , -0.013, -0.002, -0.025
2009, 1, -0.142, , -0.013, -0.002, -0.025
2009, 2, -0.114, , -0.013, -0.002, -0.025
2009, 3, -0.061, , -0.013, -0.002, -0.025
2009, 4, -0.158, , -0.013, -0.002, -0.025
2009, 5, -0.065, , -0.013, -0.002, -0.025
2009, 6, -0.000, , -0.013, -0.002, -0.025
2009, 7, -0.064, , -0.013, -0.002, -0.025
2009, 8, 0.004, , -0.013, -0.002, -0.025
2009, 9, 0.085, , -0.014, -0.002, -0.025
2009, 10, -0.034, , -0.014, -0.002, -0.025
2009, 11, 0.101, , -0.014, -0.002, -0.025
2009, 12, -0.137, , -0.014, -0.002, -0.025
2010, 1, 0.192, , -0.014, -0.002, -0.025
2010, 2, 0.088, , -0.014, -0.002, -0.025
2010, 3, 0.130, , -0.014, -0.002, -0.025
2010, 4, 0.079, , -0.014, -0.002, -0.026
2010, 5, -0.040, , -0.014, -0.002, -0.026
2010, 6, -0.035, , -0.014, -0.002, -0.026
2010, 7, -0.147, , -0.014, -0.002, -0.026
2010, 8, -0.126, , -0.014, -0.002, -0.026
2010, 9, -0.034, , -0.014, -0.002, -0.026
2010, 10, 0.020, , -0.014, -0.002, -0.026
2010, 11, -0.042, , -0.014, -0.002, -0.026
2010, 12, 0.048, , -0.014, -0.002, -0.026
2011, 1, -0.106, , -0.014, -0.002, -0.026
2011, 2, -0.136, , -0.014, -0.002, -0.026
2011, 3, 0.059, , -0.014, -0.002, -0.026
2011, 4, -0.048, , -0.014, -0.002, -0.026
2011, 5, -0.031, , -0.014, -0.002, -0.026
2011, 6, -0.070, , -0.014, -0.002, -0.026
2011, 7, 0.039, , -0.014, -0.002, -0.026
2011, 8, -0.000, , -0.014, -0.002, -0.026
2011, 9, 0.107, , -0.014, -0.002, -0.026
2011, 10, 0.036, , -0.014, -0.002, -0.026
2011, 11, 0.026, , -0.014, -0.002, -0.026
2011, 12, -0.157, , -0.014, -0.002, -0.026
2012, 1, 0.065, , -0.014, -0.002, -0.026
2012, 2, -0.050, , -0.014, -0.002, -0.026
2012, 3, 0.095, , -0.014, -0.002, -0.026
2012, 4, 0.077, , -0.014, -0.002, -0.027
2012, 5, -0.005, , -0.014, -0.002, -0.027
2012, 6, 0.045, , -0.014, -0.002, -0.027
2012, 7, -0.025, , -0.014, -0.002, -0.027
2012, 8, -0.024, , -0.014, -0.002, -0.027
2012, 9, -0.079, , -0.014, -0.002, -0.027
2012, 10, -0.125, , -0.014, -0.002, -0.027
2012, 11, -0.011, , -0.015, -0.002, -0.027
2012, 12, 0.014, , -0.015, -0.002, -0.027
2013, 1, -0.140, , -0.015, -0.002, -0.027
2013, 2, -0.112, , -0.015, -0.002, -0.027
2013, 3, -0.158, , -0.015, -0.002, -0.027
2013, 4, -0.125, , -0.015, -0.002, -0.027
2013, 5, -0.101, , -0.015, -0.002, -0.027
2013, 6, -0.062, , -0.015, -0.002, -0.027
2013, 7, -0.092, , -0.015, -0.002, -0.027
2013, 8, 0.002, , -0.015, -0.002, -0.027
2013, 9, 0.066, , -0.015, -0.002, -0.027
2013, 10, -0.134, , -0.015, -0.002, -0.027
2013, 11, -0.169, , -0.015, -0.002, -0.027
2013, 12, -0.207, , -0.015, -0.002, -0.027
2014, 1, -0.106, , -0.015, -0.002, -0.027
2014, 2, -0.078, , -0.015, -0.002, -0.027
2014, 3, -0.038, , -0.015, -0.002, -0.028
2014, 4, -0.014, , -0.015, -0.002, -0.028
2014, 5, -0.042, , -0.015, -0.002, -0.028
2014, 6, -0.113, , -0.015, -0.002, -0.028
2014, 7, -0.040, , -0.015, -0.002, -0.028
2014, 8, -0.094, , -0.015, -0.002, -0.028
2014, 9, -0.068, , -0.015, -0.002, -0.028
2014, 10, 0.079, , -0.015, -0.002, -0.028
2014, 11, -0.122, , -0.015, -0.002, -0.028
2014, 12, 0.011, , -0.015, -0.002, -0.028
2015, 1, -0.069, , -0.015, -0.002, -0.028
2015, 2, -0.096, , -0.015, -0.002, -0.028
2015, 3, -0.075, , -0.015, -0.002, -0.028
2015, 4, -0.000, , -0.015, -0.002, -0.028
2015, 5, -0.108, , -0.015, -0.002, -0.028
2015, 6, -0.088, , -0.015, -0.002, -0.028
2015, 7, -0.036, , -0.015, -0.002, -0.028
2015, 8, -0.016, , -0.015, -0.002, -0.028
2015, 9, 0.039, , -0.015, -0.002, -0.028
2015, 10, 0.015, , -0.015, -0.003, -0.028
2015, 11, -0.096, , -0.015, -0.003, -0.028
2015, 12, 0.067, , -0.015, -0.003, -0.028
2016, 1, 0.096, , -0.015, -0.003, -0.028
2016, 2, 0.052, , -0.016, -0.003, -0.028
2016, 3, 0.131, , -0.016, -0.003, -0.029
2016, 4, -0.033, , -0.016, -0.003, -0.029
2016, 5, -0.104, , -0.016, -0.003, -0.029
2016, 6, -0.061, , -0.016, -0.003, -0.029
2016, 7, -0.060, , -0.016, -0.003, -0.029
2016, 8, -0.146, , -0.016, -0.003, -0.029
2016, 9, -0.086, , -0.016, -0.003, -0.029
2016, 10, -0.027, , -0.016, -0.003, -0.029
2016, 11, 0.133, , -0.016, -0.003, -0.029
2016, 12, -0.164, , -0.016, -0.003, -0.029
2017, 1, , , -0.016, -0.003, -0.029
2017, 2, , , -0.016, -0.003, -0.029
2017, 3, , , -0.016, -0.003, -0.029
2017, 4, , , -0.016, -0.003, -0.029
2017, 5, , , -0.016, -0.003, -0.029
2017, 6, , , -0.016, -0.003, -0.029
2017, 7, , , -0.016, -0.003, -0.029
2017, 8, , , -0.016, -0.003, -0.029
2017, 9, , , -0.016, -0.003, -0.029
2017, 10, , , -0.016, -0.003, -0.029
2017, 11, , , -0.016, -0.003, -0.029
2017, 12, , , -0.016, -0.003, -0.029
2018, 1, , , -0.016, -0.003, -0.029
2018, 2, , , -0.016, -0.003, -0.030
2018, 3, , , -0.016, -0.003, -0.030
2018, 4, , , -0.016, -0.003, -0.030
2018, 5, , , -0.016, -0.003, -0.030
2018, 6, , , -0.016, -0.003, -0.030
2018, 7, , , -0.016, -0.003, -0.030
2018, 8, , , -0.016, -0.003, -0.030
2018, 9, , , -0.016, -0.003, -0.030
2018, 10, , , -0.016, -0.003, -0.030
2018, 11, , , -0.016, -0.003, -0.030
2018, 12, , , -0.016, -0.003, -0.030
2019, 1, , , -0.016, -0.003, -0.030
2019, 2, , , -0.016, -0.003, -0.030
2019, 3, , , -0.016, -0.003, -0.030
2019, 4, , , -0.017, -0.003, -0.030
2019, 5, , , -0.017, -0.003, -0.030
2019, 6, , , -0.017, -0.003, -0.030
2019, 7, , , -0.017, -0.003, -0.030
2019, 8, , , -0.017, -0.003, -0.030
2019, 9, , , -0.017, -0.003, -0.030
2019, 10, , , -0.017, -0.003, -0.030
2019, 11, , , -0.017, -0.003, -0.030
2019, 12, , , -0.017, -0.003, -0.030
2020, 1, , , -0.017, -0.003, -0.030
2020, 2, , , -0.017, -0.003, -0.031
2020, 3, , , -0.017, -0.003, -0.031
2020, 4, , , -0.017, -0.003, -0.031
2020, 5, , , -0.017, -0.003, -0.031
2020, 6, , , -0.017, -0.003, -0.031
2020, 7, , , -0.017, -0.003, -0.031
2020, 8, , , -0.017, -0.003, -0.031
2020, 9, , , -0.017, -0.003, -0.031
2020, 10, , , -0.017, -0.003, -0.031
2020, 11, , , -0.017, -0.003, -0.031
2020, 12, , , -0.017, -0.003, -0.031
