Year, Month, Monthly_MSL, Unverified, Linear_Trend, High_Conf., Low_Conf.
1900, 1, , , -0.980, -0.931, -1.030
1900, 2, , , -0.980, -0.931, -1.030
1900, 3, , , -0.980, -0.931, -1.030
1900, 4, , , -0.980, -0.931, -1.030
1900, 5, , , -0.980, -0.931, -1.029
1900, 6, , , -0.980, -0.931, -1.029
1900, 7, , , -0.980, -0.932, -1.029
1900, 8, , , -0.980, -0.932, -1.029
1900, 9, , , -0.980, -0.932, -1.029
1900, 10, , , -0.980, -0.932, -1.029
1900, 11, , , -0.980, -0.932, -1.029
1900, 12, , , -0.980, -0.932, -1.029
1901, 1, , , -0.980, -0.932, -1.029
1901, 2, , , -0.980, -0.932, -1.029
1901, 3, , , -0.980, -0.932, -1.029
1901, 4, , , -0.980, -0.932, -1.029
1901, 5, , , -0.980, -0.933, -1.028
1901, 6, , , -0.981, -0.933, -1.028
1901, 7, , , -0.981, -0.933, -1.028
1901, 8, , , -0.981, -0.933, -1.028
1901, 9, , , -0.981, -0.933, -1.028
1901, 10, , , -0.981, -0.933, -1.028
1901, 11, , , -0.981, -0.933, -1.028
1901, 12, , , -0.981, -0.933, -1.028
1902, 1, , , -0.981, -0.933, -1.028
1902, 2, , , -0.981, -0.933, -1.028
1902, 3, , , -0.981, -0.933, -1.028
1902, 4, , , -0.981, -0.934, -1.028
1902, 5, , , -0.981, -0.934, -1.028
1902, 6, , , -0.981, -0.934, -1.027
1902, 7, , , -0.981, -0.934, -1.027
1902, 8, , , -0.981, -0.934, -1.027
1902, 9, , , -0.981, -0.934, -1.027
1902, 10, , , -0.981, -0.934, -1.027
1902, 11, , , -0.981, -0.934, -1.027
1902, 12, , , -0.981, -0.934, -1.027
1903, 1, , , -0.981, -0.934, -1.027
1903, 2, , , -0.981, -0.934, -1.027
1903, 3, , , -0.981, -0.935, -1.027
1903, 4, , , -0.981, -0.935, -1.027
1903, 5, , , -0.981, -0.935, -1.027
1903, 6, , , -0.981, -0.935, -1.026
1903, 7, , , -0.981, -0.935, -1.026
1903, 8, , , -0.981, -0.935, -1.026
1903, 9, , , -0.981, -0.935, -1.026
1903, 10, , , -0.981, -0.935, -1.026
1903, 11, , , -0.981, -0.935, -1.026
1903, 12, , , -0.981, -0.935, -1.026
1904, 1, , , -0.981, -0.936, -1.026
1904, 2, , , -0.981, -0.936, -1.026
1904, 3, , , -0.981, -0.936, -1.026
1904, 4, , , -0.981, -0.936, -1.026
1904, 5, , , -0.981, -0.936, -1.026
1904, 6, , , -0.981, -0.936, -1.026
1904, 7, , , -0.981, -0.936, -1.025
1904, 8, , , -0.981, -0.936, -1.025
1904, 9, , , -0.981, -0.936, -1.025
1904, 10, , , -0.981, -0.936, -1.025
1904, 11, , , -0.981, -0.936, -1.025
1904, 12, , , -0.981, -0.937, -1.025
1905, 1, , , -0.981, -0.937, -1.025
1905, 2, , , -0.981, -0.937, -1.025
1905, 3, , , -0.981, -0.937, -1.025
1905, 4, , , -0.981, -0.937, -1.025
1905, 5, , , -0.981, -0.937, -1.025
1905, 6, , , -0.981, -0.937, -1.025
1905, 7, , , -0.981, -0.937, -1.024
1905, 8, , , -0.981, -0.937, -1.024
1905, 9, , , -0.981, -0.937, -1.024
1905, 10, , , -0.981, -0.937, -1.024
1905, 11, , , -0.981, -0.938, -1.024
1905, 12, , , -0.981, -0.938, -1.024
1906, 1, , , -0.981, -0.938, -1.024
1906, 2, , , -0.981, -0.938, -1.024
1906, 3, , , -0.981, -0.938, -1.024
1906, 4, , , -0.981, -0.938, -1.024
1906, 5, , , -0.981, -0.938, -1.024
1906, 6, , , -0.981, -0.938, -1.024
1906, 7, , , -0.981, -0.938, -1.024
1906, 8, , , -0.981, -0.938, -1.023
1906, 9, , , -0.981, -0.939, -1.023
1906, 10, , , -0.981, -0.939, -1.023
1906, 11, , , -0.981, -0.939, -1.023
1906, 12, , , -0.981, -0.939, -1.023
1907, 1, , , -0.981, -0.939, -1.023
1907, 2, , , -0.981, -0.939, -1.023
1907, 3, , , -0.981, -0.939, -1.023
1907, 4, , , -0.981, -0.939, -1.023
1907, 5, , , -0.981, -0.939, -1.023
1907, 6, , , -0.981, -0.939, -1.023
1907, 7, , , -0.981, -0.939, -1.023
1907, 8, , , -0.981, -0.940, -1.022
1907, 9, , , -0.981, -0.940, -1.022
1907, 10, , , -0.981, -0.940, -1.022
1907, 11, , , -0.981, -0.940, -1.022
1907, 12, , , -0.981, -0.940, -1.022
1908, 1, , , -0.981, -0.940, -1.022
1908, 2, , , -0.981, -0.940, -1.022
1908, 3, , , -0.981, -0.940, -1.022
1908, 4, , , -0.981, -0.940, -1.022
1908, 5, , , -0.981, -0.940, -1.022
1908, 6, , , -0.981, -0.940, -1.022
1908, 7, , , -0.981, -0.941, -1.022
1908, 8, , , -0.981, -0.941, -1.022
1908, 9, , , -0.981, -0.941, -1.021
1908, 10, , , -0.981, -0.941, -1.021
1908, 11, , , -0.981, -0.941, -1.021
1908, 12, , , -0.981, -0.941, -1.021
1909, 1, , , -0.981, -0.941, -1.021
1909, 2, , , -0.981, -0.941, -1.021
1909, 3, , , -0.981, -0.941, -1.021
1909, 4, , , -0.981, -0.941, -1.021
1909, 5, , , -0.981, -0.942, -1.021
1909, 6, , , -0.981, -0.942, -1.021
1909, 7, , , -0.981, -0.942, -1.021
1909, 8, , , -0.981, -0.942, -1.021
1909, 9, , , -0.981, -0.942, -1.021
1909, 10, , , -0.981, -0.942, -1.020
1909, 11, , , -0.981, -0.942, -1.020
1909, 12, , , -0.981, -0.942, -1.020
1910, 1, , , -0.981, -0.942, -1.020
1910, 2, , , -0.981, -0.942, -1.020
1910, 3, , , -0.981, -0.942, -1.020
1910, 4, , , -0.981, -0.943, -1.020
1910, 5, , , -0.981, -0.943, -1.020
1910, 6, , , -0.981, -0.943, -1.020
1910, 7, , , -0.981, -0.943, -1.020
1910, 8, , , -0.981, -0.943, -1.020
1910, 9, , , -0.981, -0.943, -1.020
1910, 10, , , -0.981, -0.943, -1.020
1910, 11, , , -0.981, -0.943, -1.019
1910, 12, , , -0.981, -0.943, -1.019
1911, 1, , , -0.981, -0.943, -1.019
1911, 2, , , -0.981, -0.943, -1.019
1911, 3, , , -0.981, -0.944, -1.019
1911, 4, , , -0.981, -0.944, -1.019
1911, 5, , , -0.981, -0.944, -1.019
1911, 6, , , -0.981, -0.944, -1.019
1911, 7, , , -0.981, -0.944, -1.019
1911, 8, , , -0.981, -0.944, -1.019
1911, 9, , , -0.981, -0.944, -1.019
1911, 10, , , -0.981, -0.944, -1.019
1911, 11, , , -0.981, -0.944, -1.018
1911, 12, , , -0.981, -0.944, -1.018
1912, 1, , , -0.981, -0.944, -1.018
1912, 2, , , -0.981, -0.945, -1.018
1912, 3, , , -0.981, -0.945, -1.018
1912, 4, , , -0.981, -0.945, -1.018
1912, 5, , , -0.981, -0.945, -1.018
1912, 6, , , -0.981, -0.945, -1.018
1912, 7, , , -0.981, -0.945, -1.018
1912, 8, , , -0.981, -0.945, -1.018
1912, 9, , , -0.981, -0.945, -1.018
1912, 10, , , -0.981, -0.945, -1.018
1912, 11, , , -0.981, -0.945, -1.018
1912, 12, , , -0.981, -0.945, -1.017
1913, 1, , , -0.981, -0.946, -1.017
1913, 2, , , -0.981, -0.946, -1.017
1913, 3, , , -0.982, -0.946, -1.017
1913, 4, , , -0.982, -0.946, -1.017
1913, 5, , , -0.982, -0.946, -1.017
1913, 6, , , -0.982, -0.946, -1.017
1913, 7, , , -0.982, -0.946, -1.017
1913, 8, , , -0.982, -0.946, -1.017
1913, 9, , , -0.982, -0.946, -1.017
1913, 10, , , -0.982, -0.946, -1.017
1913, 11, , , -0.982, -0.946, -1.017
1913, 12, , , -0.982, -0.947, -1.017
1914, 1, , , -0.982, -0.947, -1.016
1914, 2, , , -0.982, -0.947, -1.016
1914, 3, , , -0.982, -0.947, -1.016
1914, 4, , , -0.982, -0.947, -1.016
1914, 5, , , -0.982, -0.947, -1.016
1914, 6, , , -0.982, -0.947, -1.016
1914, 7, , , -0.982, -0.947, -1.016
1914, 8, , , -0.982, -0.947, -1.016
1914, 9, , , -0.982, -0.947, -1.016
1914, 10, , , -0.982, -0.947, -1.016
1914, 11, , , -0.982, -0.948, -1.016
1914, 12, , , -0.982, -0.948, -1.016
1915, 1, , , -0.982, -0.948, -1.016
1915, 2, , , -0.982, -0.948, -1.015
1915, 3, , , -0.982, -0.948, -1.015
1915, 4, , , -0.982, -0.948, -1.015
1915, 5, , , -0.982, -0.948, -1.015
1915, 6, , , -0.982, -0.948, -1.015
1915, 7, , , -0.982, -0.948, -1.015
1915, 8, , , -0.982, -0.948, -1.015
1915, 9, , , -0.982, -0.948, -1.015
1915, 10, , , -0.982, -0.949, -1.015
1915, 11, , , -0.982, -0.949, -1.015
1915, 12, , , -0.982, -0.949, -1.015
1916, 1, , , -0.982, -0.949, -1.015
1916, 2, , , -0.982, -0.949, -1.015
1916, 3, , , -0.982, -0.949, -1.014
1916, 4, , , -0.982, -0.949, -1.014
1916, 5, , , -0.982, -0.949, -1.014
1916, 6, , , -0.982, -0.949, -1.014
1916, 7, , , -0.982, -0.949, -1.014
1916, 8, , , -0.982, -0.949, -1.014
1916, 9, , , -0.982, -0.950, -1.014
1916, 10, , , -0.982, -0.950, -1.014
1916, 11, , , -0.982, -0.950, -1.014
1916, 12, , , -0.982, -0.950, -1.014
1917, 1, , , -0.982, -0.950, -1.014
1917, 2, , , -0.982, -0.950, -1.014
1917, 3, , , -0.982, -0.950, -1.014
1917, 4, , , -0.982, -0.950, -1.013
1917, 5, , , -0.982, -0.950, -1.013
1917, 6, , , -0.982, -0.950, -1.013
1917, 7, , , -0.982, -0.950, -1.013
1917, 8, , , -0.982, -0.951, -1.013
1917, 9, , , -0.982, -0.951, -1.013
1917, 10, , , -0.982, -0.951, -1.013
1917, 11, , , -0.982, -0.951, -1.013
1917, 12, , , -0.982, -0.951, -1.013
1918, 1, , , -0.982, -0.951, -1.013
1918, 2, , , -0.982, -0.951, -1.013
1918, 3, , , -0.982, -0.951, -1.013
1918, 4, , , -0.982, -0.951, -1.013
1918, 5, , , -0.982, -0.951, -1.013
1918, 6, , , -0.982, -0.951, -1.012
1918, 7, , , -0.982, -0.952, -1.012
1918, 8, , , -0.982, -0.952, -1.012
1918, 9, , , -0.982, -0.952, -1.012
1918, 10, , , -0.982, -0.952, -1.012
1918, 11, , , -0.982, -0.952, -1.012
1918, 12, , , -0.982, -0.952, -1.012
1919, 1, , , -0.982, -0.952, -1.012
1919, 2, , , -0.982, -0.952, -1.012
1919, 3, , , -0.982, -0.952, -1.012
1919, 4, , , -0.982, -0.952, -1.012
1919, 5, , , -0.982, -0.952, -1.012
1919, 6, , , -0.982, -0.953, -1.012
1919, 7, , , -0.982, -0.953, -1.011
1919, 8, , , -0.982, -0.953, -1.011
1919, 9, , , -0.982, -0.953, -1.011
1919, 10, , , -0.982, -0.953, -1.011
1919, 11, , , -0.982, -0.953, -1.011
1919, 12, , , -0.982, -0.953, -1.011
1920, 1, , , -0.982, -0.953, -1.011
1920, 2, , , -0.982, -0.953, -1.011
1920, 3, , , -0.982, -0.953, -1.011
1920, 4, , , -0.982, -0.953, -1.011
1920, 5, , , -0.982, -0.954, -1.011
1920, 6, , , -0.982, -0.954, -1.011
1920, 7, , , -0.982, -0.954, -1.011
1920, 8, , , -0.982, -0.954, -1.010
1920, 9, , , -0.982, -0.954, -1.010
1920, 10, , , -0.982, -0.954, -1.010
1920, 11, , , -0.982, -0.954, -1.010
1920, 12, , , -0.982, -0.954, -1.010
1921, 1, , , -0.982, -0.954, -1.010
1921, 2, , , -0.982, -0.954, -1.010
1921, 3, , , -0.982, -0.954, -1.010
1921, 4, , , -0.982, -0.954, -1.010
1921, 5, , , -0.982, -0.955, -1.010
1921, 6, , , -0.982, -0.955, -1.010
1921, 7, , , -0.982, -0.955, -1.010
1921, 8, , , -0.982, -0.955, -1.010
1921, 9, , , -0.982, -0.955, -1.010
1921, 10, , , -0.982, -0.955, -1.009
1921, 11, , , -0.982, -0.955, -1.009
1921, 12, , , -0.982, -0.955, -1.009
1922, 1, , , -0.982, -0.955, -1.009
1922, 2, , , -0.982, -0.955, -1.009
1922, 3, , , -0.982, -0.955, -1.009
1922, 4, , , -0.982, -0.956, -1.009
1922, 5, , , -0.982, -0.956, -1.009
1922, 6, , , -0.982, -0.956, -1.009
1922, 7, , , -0.982, -0.956, -1.009
1922, 8, , , -0.982, -0.956, -1.009
1922, 9, , , -0.982, -0.956, -1.009
1922, 10, , , -0.982, -0.956, -1.009
1922, 11, , , -0.982, -0.956, -1.009
1922, 12, , , -0.982, -0.956, -1.008
1923, 1, , , -0.982, -0.956, -1.008
1923, 2, , , -0.982, -0.956, -1.008
1923, 3, , , -0.982, -0.956, -1.008
1923, 4, , , -0.982, -0.957, -1.008
1923, 5, , , -0.982, -0.957, -1.008
1923, 6, , , -0.982, -0.957, -1.008
1923, 7, , , -0.982, -0.957, -1.008
1923, 8, , , -0.982, -0.957, -1.008
1923, 9, , , -0.982, -0.957, -1.008
1923, 10, , , -0.982, -0.957, -1.008
1923, 11, , , -0.982, -0.957, -1.008
1923, 12, , , -0.982, -0.957, -1.008
1924, 1, , , -0.982, -0.957, -1.008
1924, 2, , , -0.982, -0.957, -1.007
1924, 3, , , -0.982, -0.957, -1.007
1924, 4, , , -0.982, -0.958, -1.007
1924, 5, , , -0.982, -0.958, -1.007
1924, 6, , , -0.982, -0.958, -1.007
1924, 7, , , -0.982, -0.958, -1.007
1924, 8, , , -0.982, -0.958, -1.007
1924, 9, , , -0.982, -0.958, -1.007
1924, 10, , , -0.982, -0.958, -1.007
1924, 11, , , -0.982, -0.958, -1.007
1924, 12, , , -0.983, -0.958, -1.007
1925, 1, , , -0.983, -0.958, -1.007
1925, 2, , , -0.983, -0.958, -1.007
1925, 3, , , -0.983, -0.959, -1.007
1925, 4, , , -0.983, -0.959, -1.006
1925, 5, -0.962, , -0.983, -0.959, -1.006
1925, 6, -1.014, , -0.983, -0.959, -1.006
1925, 7, -1.006, , -0.983, -0.959, -1.006
1925, 8, -1.046, , -0.983, -0.959, -1.006
1925, 9, -1.156, , -0.983, -0.959, -1.006
1925, 10, -1.008, , -0.983, -0.959, -1.006
1925, 11, -0.895, , -0.983, -0.959, -1.006
1925, 12, -0.962, , -0.983, -0.959, -1.006
1926, 1, -0.860, , -0.983, -0.959, -1.006
1926, 2, -0.787, , -0.983, -0.959, -1.006
1926, 3, -0.825, , -0.983, -0.959, -1.006
1926, 4, -0.888, , -0.983, -0.960, -1.006
1926, 5, -0.816, , -0.983, -0.960, -1.006
1926, 6, -0.977, , -0.983, -0.960, -1.006
1926, 7, -0.881, , -0.983, -0.960, -1.005
1926, 8, -0.991, , -0.983, -0.960, -1.005
1926, 9, -1.120, , -0.983, -0.960, -1.005
1926, 10, -0.962, , -0.983, -0.960, -1.005
1926, 11, -0.993, , -0.983, -0.960, -1.005
1926, 12, -0.916, , -0.983, -0.960, -1.005
1927, 1, -1.016, , -0.983, -0.960, -1.005
1927, 2, -0.784, , -0.983, -0.960, -1.005
1927, 3, -0.889, , -0.983, -0.960, -1.005
1927, 4, -1.059, , -0.983, -0.961, -1.005
1927, 5, -1.011, , -0.983, -0.961, -1.005
1927, 6, -0.980, , -0.983, -0.961, -1.005
1927, 7, -1.033, , -0.983, -0.961, -1.005
1927, 8, -1.028, , -0.983, -0.961, -1.005
1927, 9, -1.031, , -0.983, -0.961, -1.005
1927, 10, -0.953, , -0.983, -0.961, -1.004
1927, 11, -1.094, , -0.983, -0.961, -1.004
1927, 12, -1.191, , -0.983, -0.961, -1.004
1928, 1, -1.007, , -0.983, -0.961, -1.004
1928, 2, -1.003, , -0.983, -0.961, -1.004
1928, 3, -0.895, , -0.983, -0.961, -1.004
1928, 4, -0.898, , -0.983, -0.962, -1.004
1928, 5, -0.938, , -0.983, -0.962, -1.004
1928, 6, -1.050, , -0.983, -0.962, -1.004
1928, 7, -1.015, , -0.983, -0.962, -1.004
1928, 8, -0.976, , -0.983, -0.962, -1.004
1928, 9, -1.049, , -0.983, -0.962, -1.004
1928, 10, -1.066, , -0.983, -0.962, -1.004
1928, 11, -0.862, , -0.983, -0.962, -1.004
1928, 12, -0.834, , -0.983, -0.962, -1.004
1929, 1, -1.141, , -0.983, -0.962, -1.003
1929, 2, -1.138, , -0.983, -0.962, -1.003
1929, 3, -1.014, , -0.983, -0.962, -1.003
1929, 4, -1.050, , -0.983, -0.962, -1.003
1929, 5, -1.017, , -0.983, -0.963, -1.003
1929, 6, -0.977, , -0.983, -0.963, -1.003
1929, 7, -0.933, , -0.983, -0.963, -1.003
1929, 8, -0.970, , -0.983, -0.963, -1.003
1929, 9, -1.086, , -0.983, -0.963, -1.003
1929, 10, -0.834, , -0.983, -0.963, -1.003
1929, 11, -1.011, , -0.983, -0.963, -1.003
1929, 12, -1.121, , -0.983, -0.963, -1.003
1930, 1, -1.284, , -0.983, -0.963, -1.003
1930, 2, -0.915, , -0.983, -0.963, -1.003
1930, 3, -1.066, , -0.983, -0.963, -1.003
1930, 4, -1.004, , -0.983, -0.963, -1.003
1930, 5, -1.002, , -0.983, -0.963, -1.002
1930, 6, -1.014, , -0.983, -0.964, -1.002
1930, 7, -1.018, , -0.983, -0.964, -1.002
1930, 8, -0.976, , -0.983, -0.964, -1.002
1930, 9, -1.019, , -0.983, -0.964, -1.002
1930, 10, -1.090, , -0.983, -0.964, -1.002
1930, 11, -0.917, , -0.983, -0.964, -1.002
1930, 12, -0.807, , -0.983, -0.964, -1.002
1931, 1, -0.732, , -0.983, -0.964, -1.002
1931, 2, -0.763, , -0.983, -0.964, -1.002
1931, 3, -0.929, , -0.983, -0.964, -1.002
1931, 4, -0.901, , -0.983, -0.964, -1.002
1931, 5, -0.904, , -0.983, -0.964, -1.002
1931, 6, -0.934, , -0.983, -0.964, -1.002
1931, 7, -0.945, , -0.983, -0.965, -1.002
1931, 8, -0.979, , -0.983, -0.965, -1.002
1931, 9, -0.982, , -0.983, -0.965, -1.002
1931, 10, -0.892, , -0.983, -0.965, -1.001
1931, 11, -1.039, , -0.983, -0.965, -1.001
1931, 12, -0.980, , -0.983, -0.965, -1.001
1932, 1, -1.037, , -0.983, -0.965, -1.001
1932, 2, -1.113, , -0.983, -0.965, -1.001
1932, 3, -0.953, , -0.983, -0.965, -1.001
1932, 4, -0.904, , -0.983, -0.965, -1.001
1932, 5, -0.910, , -0.983, -0.965, -1.001
1932, 6, -0.931, , -0.983, -0.965, -1.001
1932, 7, -0.936, , -0.983, -0.965, -1.001
1932, 8, -0.967, , -0.983, -0.965, -1.001
1932, 9, -0.955, , -0.983, -0.965, -1.001
1932, 10, -1.005, , -0.983, -0.966, -1.001
1932, 11, -0.975, , -0.983, -0.966, -1.001
1932, 12, -1.051, , -0.983, -0.966, -1.001
1933, 1, -1.037, , -0.983, -0.966, -1.001
1933, 2, -1.147, , -0.983, -0.966, -1.001
1933, 3, -0.990, , -0.983, -0.966, -1.001
1933, 4, -1.014, , -0.983, -0.966, -1.000
1933, 5, -1.011, , -0.983, -0.966, -1.000
1933, 6, -0.977, , -0.983, -0.966, -1.000
1933, 7, -0.948, , -0.983, -0.966, -1.000
1933, 8, -0.933, , -0.983, -0.966, -1.000
1933, 9, -0.994, , -0.983, -0.966, -1.000
1933, 10, -1.084, , -0.983, -0.966, -1.000
1933, 11, -1.020, , -0.983, -0.966, -1.000
1933, 12, -1.154, , -0.983, -0.967, -1.000
1934, 1, -0.906, , -0.983, -0.967, -1.000
1934, 2, -0.912, , -0.983, -0.967, -1.000
1934, 3, -1.029, , -0.983, -0.967, -1.000
1934, 4, -0.940, , -0.983, -0.967, -1.000
1934, 5, -0.880, , -0.983, -0.967, -1.000
1934, 6, -0.971, , -0.983, -0.967, -1.000
1934, 7, -1.015, , -0.983, -0.967, -1.000
1934, 8, -1.034, , -0.983, -0.967, -1.000
1934, 9, -1.034, , -0.983, -0.967, -1.000
1934, 10, -0.892, , -0.983, -0.967, -1.000
1934, 11, -0.847, , -0.983, -0.967, -0.999
1934, 12, -0.926, , -0.983, -0.967, -0.999
1935, 1, -1.007, , -0.983, -0.967, -0.999
1935, 2, -0.869, , -0.983, -0.967, -0.999
1935, 3, -1.060, , -0.983, -0.967, -0.999
1935, 4, -1.041, , -0.983, -0.968, -0.999
1935, 5, -1.008, , -0.983, -0.968, -0.999
1935, 6, -1.002, , -0.983, -0.968, -0.999
1935, 7, -1.003, , -0.983, -0.968, -0.999
1935, 8, -1.019, , -0.983, -0.968, -0.999
1935, 9, -1.071, , -0.983, -0.968, -0.999
1935, 10, -1.139, , -0.983, -0.968, -0.999
1935, 11, -1.179, , -0.983, -0.968, -0.999
1935, 12, -0.920, , -0.983, -0.968, -0.999
1936, 1, -0.912, , -0.983, -0.968, -0.999
1936, 2, -1.098, , -0.983, -0.968, -0.999
1936, 3, -1.057, , -0.983, -0.968, -0.999
1936, 4, -1.087, , -0.983, -0.968, -0.999
1936, 5, -0.953, , -0.983, -0.968, -0.999
1936, 6, -0.983, , -0.983, -0.968, -0.999
1936, 7, -0.951, , -0.983, -0.968, -0.999
1936, 8, -1.025, , -0.983, -0.968, -0.999
1936, 9, -1.116, , -0.984, -0.968, -0.999
1936, 10, -1.035, , -0.984, -0.969, -0.998
1936, 11, -0.935, , -0.984, -0.969, -0.998
1936, 12, -0.996, , -0.984, -0.969, -0.998
1937, 1, -1.351, , -0.984, -0.969, -0.998
1937, 2, -1.040, , -0.984, -0.969, -0.998
1937, 3, -0.984, , -0.984, -0.969, -0.998
1937, 4, -0.959, , -0.984, -0.969, -0.998
1937, 5, -0.934, , -0.984, -0.969, -0.998
1937, 6, -0.965, , -0.984, -0.969, -0.998
1937, 7, -0.957, , -0.984, -0.969, -0.998
1937, 8, -0.979, , -0.984, -0.969, -0.998
1937, 9, -1.025, , -0.984, -0.969, -0.998
1937, 10, -0.932, , -0.984, -0.969, -0.998
1937, 11, -0.944, , -0.984, -0.969, -0.998
1937, 12, -0.944, , -0.984, -0.969, -0.998
1938, 1, -0.869, , -0.984, -0.969, -0.998
1938, 2, -0.961, , -0.984, -0.969, -0.998
1938, 3, -0.938, , -0.984, -0.969, -0.998
1938, 4, -0.952, , -0.984, -0.969, -0.998
1938, 5, -0.950, , -0.984, -0.969, -0.998
1938, 6, -0.938, , -0.984, -0.970, -0.998
1938, 7, -0.997, , -0.984, -0.970, -0.998
1938, 8, -1.138, , -0.984, -0.970, -0.998
1938, 9, -0.918, , -0.984, -0.970, -0.998
1938, 10, -0.852, , -0.984, -0.970, -0.998
1938, 11, -1.023, , -0.984, -0.970, -0.998
1938, 12, -0.941, , -0.984, -0.970, -0.998
1939, 1, , , -0.984, -0.970, -0.998
1939, 2, , , -0.984, -0.970, -0.998
1939, 3, , , -0.984, -0.970, -0.998
1939, 4, , , -0.984, -0.970, -0.997
1939, 5, , , -0.984, -0.970, -0.997
1939, 6, , , -0.984, -0.970, -0.997
1939, 7, , , -0.984, -0.970, -0.997
1939, 8, , , -0.984, -0.970, -0.997
1939, 9, , , -0.984, -0.970, -0.997
1939, 10, , , -0.984, -0.970, -0.997
1939, 11, , , -0.984, -0.970, -0.997
1939, 12, , , -0.984, -0.970, -0.997
1940, 1, , , -0.984, -0.970, -0.997
1940, 2, , , -0.984, -0.970, -0.997
1940, 3, , , -0.984, -0.970, -0.997
1940, 4, , , -0.984, -0.970, -0.997
1940, 5, , , -0.984, -0.970, -0.997
1940, 6, , , -0.984, -0.970, -0.997
1940, 7, , , -0.984, -0.971, -0.997
1940, 8, , , -0.984, -0.971, -0.997
1940, 9, , , -0.984, -0.971, -0.997
1940, 10, , , -0.984, -0.971, -0.997
1940, 11, , , -0.984, -0.971, -0.997
1940, 12, , , -0.984, -0.971, -0.997
1941, 1, , , -0.984, -0.971, -0.997
1941, 2, , , -0.984, -0.971, -0.997
1941, 3, , , -0.984, -0.971, -0.997
1941, 4, , , -0.984, -0.971, -0.997
1941, 5, , , -0.984, -0.971, -0.997
1941, 6, , , -0.984, -0.971, -0.997
1941, 7, , , -0.984, -0.971, -0.997
1941, 8, , , -0.984, -0.971, -0.997
1941, 9, , , -0.984, -0.971, -0.997
1941, 10, , , -0.984, -0.971, -0.997
1941, 11, , , -0.984, -0.971, -0.997
1941, 12, , , -0.984, -0.971, -0.997
1942, 1, , , -0.984, -0.971, -0.997
1942, 2, , , -0.984, -0.971, -0.997
1942, 3, , , -0.984, -0.971, -0.997
1942, 4, , , -0.984, -0.971, -0.997
1942, 5, , , -0.984, -0.971, -0.997
1942, 6, , , -0.984, -0.971, -0.997
1942, 7, , , -0.984, -0.971, -0.997
1942, 8, , , -0.984, -0.971, -0.997
1942, 9, , , -0.984, -0.971, -0.997
1942, 10, , , -0.984, -0.971, -0.997
1942, 11, , , -0.984, -0.971, -0.997
1942, 12, , , -0.984, -0.971, -0.997
1943, 1, , , -0.984, -0.971, -0.997
1943, 2, , , -0.984, -0.971, -0.997
1943, 3, , , -0.984, -0.971, -0.997
1943, 4, , , -0.984, -0.971, -0.997
1943, 5, , , -0.984, -0.971, -0.997
1943, 6, , , -0.984, -0.971, -0.997
1943, 7, , , -0.984, -0.971, -0.997
1943, 8, , , -0.984, -0.971, -0.997
1943, 9, , , -0.984, -0.971, -0.997
1943, 10, , , -0.984, -0.971, -0.997
1943, 11, , , -0.984, -0.971, -0.997
1943, 12, , , -0.984, -0.971, -0.997
1944, 1, , , -0.984, -0.971, -0.997
1944, 2, , , -0.984, -0.971, -0.997
1944, 3, , , -0.984, -0.971, -0.997
1944, 4, , , -0.984, -0.971, -0.997
1944, 5, , , -0.984, -0.971, -0.997
1944, 6, , , -0.984, -0.971, -0.997
1944, 7, , , -0.984, -0.971, -0.997
1944, 8, , , -0.984, -0.971, -0.997
1944, 9, , , -0.984, -0.971, -0.997
1944, 10, -1.002, , -0.984, -0.971, -0.997
1944, 11, -0.932, , -0.984, -0.971, -0.997
1944, 12, -1.029, , -0.984, -0.971, -0.997
1945, 1, -0.824, , -0.984, -0.971, -0.997
1945, 2, -0.936, , -0.984, -0.971, -0.997
1945, 3, -0.868, , -0.984, -0.971, -0.997
1945, 4, -1.071, , -0.984, -0.971, -0.997
1945, 5, -1.062, , -0.984, -0.971, -0.997
1945, 6, -0.986, , -0.984, -0.971, -0.997
1945, 7, -0.936, , -0.984, -0.971, -0.997
1945, 8, -0.997, , -0.984, -0.971, -0.997
1945, 9, -1.056, , -0.984, -0.971, -0.997
1945, 10, -0.968, , -0.984, -0.971, -0.997
1945, 11, -1.042, , -0.984, -0.971, -0.997
1945, 12, -0.935, , -0.984, -0.971, -0.997
1946, 1, -0.964, , -0.984, -0.971, -0.997
1946, 2, -0.888, , -0.984, -0.971, -0.997
1946, 3, -0.938, , -0.984, -0.971, -0.997
1946, 4, -0.910, , -0.984, -0.971, -0.997
1946, 5, -1.038, , -0.984, -0.971, -0.997
1946, 6, -1.014, , -0.984, -0.971, -0.997
1946, 7, -0.920, , -0.984, -0.971, -0.997
1946, 8, -0.991, , -0.984, -0.971, -0.998
1946, 9, -1.001, , -0.984, -0.971, -0.998
1946, 10, -1.032, , -0.984, -0.971, -0.998
1946, 11, -1.133, , -0.984, -0.971, -0.998
1946, 12, -1.084, , -0.984, -0.971, -0.998
1947, 1, -1.071, , -0.984, -0.971, -0.998
1947, 2, -1.052, , -0.984, -0.971, -0.998
1947, 3, -1.020, , -0.984, -0.971, -0.998
1947, 4, -1.026, , -0.984, -0.971, -0.998
1947, 5, -0.995, , -0.984, -0.971, -0.998
1947, 6, -0.980, , -0.984, -0.971, -0.998
1947, 7, -0.957, , -0.984, -0.971, -0.998
1947, 8, -1.028, , -0.984, -0.971, -0.998
1947, 9, -1.001, , -0.984, -0.971, -0.998
1947, 10, -0.782, , -0.984, -0.971, -0.998
1947, 11, -0.959, , -0.984, -0.971, -0.998
1947, 12, -0.859, , -0.984, -0.971, -0.998
1948, 1, -0.857, , -0.984, -0.971, -0.998
1948, 2, -1.052, , -0.984, -0.971, -0.998
1948, 3, -1.020, , -0.984, -0.971, -0.998
1948, 4, -1.056, , -0.984, -0.971, -0.998
1948, 5, -0.998, , -0.985, -0.971, -0.998
1948, 6, -1.056, , -0.985, -0.971, -0.998
1948, 7, -0.966, , -0.985, -0.971, -0.998
1948, 8, -1.067, , -0.985, -0.971, -0.998
1948, 9, -0.979, , -0.985, -0.971, -0.998
1948, 10, -0.856, , -0.985, -0.971, -0.998
1948, 11, -0.889, , -0.985, -0.971, -0.998
1948, 12, -1.038, , -0.985, -0.971, -0.999
1949, 1, -1.086, , -0.985, -0.971, -0.999
1949, 2, -1.052, , -0.985, -0.971, -0.999
1949, 3, -1.005, , -0.985, -0.971, -0.999
1949, 4, -0.950, , -0.985, -0.970, -0.999
1949, 5, -0.968, , -0.985, -0.970, -0.999
1949, 6, -0.953, , -0.985, -0.970, -0.999
1949, 7, -1.015, , -0.985, -0.970, -0.999
1949, 8, -1.012, , -0.985, -0.970, -0.999
1949, 9, -0.949, , -0.985, -0.970, -0.999
1949, 10, -1.008, , -0.985, -0.970, -0.999
1949, 11, -0.862, , -0.985, -0.970, -0.999
1949, 12, -1.084, , -0.985, -0.970, -0.999
1950, 1, -1.284, , -0.985, -0.970, -0.999
1950, 2, -0.952, , -0.985, -0.970, -0.999
1950, 3, -0.938, , -0.985, -0.970, -0.999
1950, 4, -0.940, , -0.985, -0.970, -0.999
1950, 5, -0.931, , -0.985, -0.970, -0.999
1950, 6, -0.974, , -0.985, -0.970, -0.999
1950, 7, -0.926, , -0.985, -0.970, -0.999
1950, 8, -0.915, , -0.985, -0.970, -0.999
1950, 9, -0.903, , -0.985, -0.970, -1.000
1950, 10, -0.916, , -0.985, -0.970, -1.000
1950, 11, -1.148, , -0.985, -0.970, -1.000
1950, 12, -0.999, , -0.985, -0.970, -1.000
1951, 1, -1.004, , -0.985, -0.970, -1.000
1951, 2, -1.083, , -0.985, -0.970, -1.000
1951, 3, -1.051, , -0.985, -0.970, -1.000
1951, 4, -1.041, , -0.985, -0.970, -1.000
1951, 5, -0.983, , -0.985, -0.970, -1.000
1951, 6, -0.980, , -0.985, -0.970, -1.000
1951, 7, -1.015, , -0.985, -0.969, -1.000
1951, 8, -1.012, , -0.985, -0.969, -1.000
1951, 9, -0.946, , -0.985, -0.969, -1.000
1951, 10, -0.987, , -0.985, -0.969, -1.000
1951, 11, -0.889, , -0.985, -0.969, -1.000
1951, 12, -1.069, , -0.985, -0.969, -1.000
1952, 1, -0.979, , -0.985, -0.969, -1.000
1952, 2, -0.915, , -0.985, -0.969, -1.000
1952, 3, -0.990, , -0.985, -0.969, -1.001
1952, 4, -0.950, , -0.985, -0.969, -1.001
1952, 5, -0.983, , -0.985, -0.969, -1.001
1952, 6, -0.980, , -0.985, -0.969, -1.001
1952, 7, -0.997, , -0.985, -0.969, -1.001
1952, 8, -0.991, , -0.985, -0.969, -1.001
1952, 9, -0.985, , -0.985, -0.969, -1.001
1952, 10, -0.962, , -0.985, -0.969, -1.001
1952, 11, -0.831, , -0.985, -0.969, -1.001
1952, 12, -0.651, , -0.985, -0.969, -1.001
1953, 1, -0.854, , -0.985, -0.969, -1.001
1953, 2, -0.875, , -0.985, -0.969, -1.001
1953, 3, -0.953, , -0.985, -0.969, -1.001
1953, 4, -0.934, , -0.985, -0.969, -1.001
1953, 5, -0.934, , -0.985, -0.968, -1.001
1953, 6, -1.014, , -0.985, -0.968, -1.001
1953, 7, -0.954, , -0.985, -0.968, -1.002
1953, 8, -0.897, , -0.985, -0.968, -1.002
1953, 9, -0.906, , -0.985, -0.968, -1.002
1953, 10, -0.856, , -0.985, -0.968, -1.002
1953, 11, -0.847, , -0.985, -0.968, -1.002
1953, 12, -0.935, , -0.985, -0.968, -1.002
1954, 1, -1.001, , -0.985, -0.968, -1.002
1954, 2, -0.964, , -0.985, -0.968, -1.002
1954, 3, -1.112, , -0.985, -0.968, -1.002
1954, 4, -1.065, , -0.985, -0.968, -1.002
1954, 5, -1.008, , -0.985, -0.968, -1.002
1954, 6, -0.938, , -0.985, -0.968, -1.002
1954, 7, , , -0.985, -0.968, -1.002
1954, 8, , , -0.985, -0.968, -1.002
1954, 9, , , -0.985, -0.968, -1.002
1954, 10, , , -0.985, -0.968, -1.003
1954, 11, -0.908, , -0.985, -0.968, -1.003
1954, 12, -0.929, , -0.985, -0.967, -1.003
1955, 1, -0.900, , -0.985, -0.967, -1.003
1955, 2, -1.086, , -0.985, -0.967, -1.003
1955, 3, -1.081, , -0.985, -0.967, -1.003
1955, 4, -0.934, , -0.985, -0.967, -1.003
1955, 5, -0.922, , -0.985, -0.967, -1.003
1955, 6, -0.968, , -0.985, -0.967, -1.003
1955, 7, -1.003, , -0.985, -0.967, -1.003
1955, 8, -0.970, , -0.985, -0.967, -1.003
1955, 9, -1.071, , -0.985, -0.967, -1.003
1955, 10, -1.005, , -0.985, -0.967, -1.003
1955, 11, -1.161, , -0.985, -0.967, -1.003
1955, 12, -1.142, , -0.985, -0.967, -1.003
1956, 1, -1.004, , -0.985, -0.967, -1.004
1956, 2, -1.140, , -0.985, -0.967, -1.004
1956, 3, -1.072, , -0.985, -0.967, -1.004
1956, 4, -1.065, , -0.985, -0.967, -1.004
1956, 5, -0.986, , -0.985, -0.967, -1.004
1956, 6, -0.986, , -0.985, -0.966, -1.004
1956, 7, -1.042, , -0.985, -0.966, -1.004
1956, 8, -0.948, , -0.985, -0.966, -1.004
1956, 9, -1.077, , -0.985, -0.966, -1.004
1956, 10, -1.063, , -0.985, -0.966, -1.004
1956, 11, -1.054, , -0.985, -0.966, -1.004
1956, 12, -1.084, , -0.985, -0.966, -1.004
1957, 1, , , -0.985, -0.966, -1.004
1957, 2, , , -0.985, -0.966, -1.005
1957, 3, , , -0.985, -0.966, -1.005
1957, 4, , , -0.985, -0.966, -1.005
1957, 5, , , -0.985, -0.966, -1.005
1957, 6, , , -0.985, -0.966, -1.005
1957, 7, , , -0.985, -0.966, -1.005
1957, 8, , , -0.985, -0.966, -1.005
1957, 9, , , -0.985, -0.966, -1.005
1957, 10, , , -0.985, -0.965, -1.005
1957, 11, , , -0.985, -0.965, -1.005
1957, 12, , , -0.985, -0.965, -1.005
1958, 1, , , -0.985, -0.965, -1.005
1958, 2, , , -0.985, -0.965, -1.005
1958, 3, , , -0.985, -0.965, -1.006
1958, 4, , , -0.985, -0.965, -1.006
1958, 5, , , -0.985, -0.965, -1.006
1958, 6, , , -0.985, -0.965, -1.006
1958, 7, -0.981, , -0.985, -0.965, -1.006
1958, 8, -0.875, , -0.985, -0.965, -1.006
1958, 9, -1.013, , -0.985, -0.965, -1.006
1958, 10, -1.051, , -0.985, -0.965, -1.006
1958, 11, -0.923, , -0.985, -0.965, -1.006
1958, 12, -0.953, , -0.985, -0.965, -1.006
1959, 1, -0.961, , -0.985, -0.965, -1.006
1959, 2, -1.028, , -0.985, -0.964, -1.006
1959, 3, -0.938, , -0.985, -0.964, -1.006
1959, 4, -1.038, , -0.985, -0.964, -1.007
1959, 5, -1.069, , -0.985, -0.964, -1.007
1959, 6, -1.017, , -0.985, -0.964, -1.007
1959, 7, -0.972, , -0.985, -0.964, -1.007
1959, 8, -1.031, , -0.985, -0.964, -1.007
1959, 9, -0.973, , -0.985, -0.964, -1.007
1959, 10, -1.078, , -0.985, -0.964, -1.007
1959, 11, -0.969, , -0.985, -0.964, -1.007
1959, 12, -0.837, , -0.985, -0.964, -1.007
1960, 1, , , -0.985, -0.964, -1.007
1960, 2, , , -0.986, -0.964, -1.007
1960, 3, , , -0.986, -0.964, -1.007
1960, 4, -0.907, , -0.986, -0.964, -1.007
1960, 5, -0.962, , -0.986, -0.963, -1.008
1960, 6, -0.962, , -0.986, -0.963, -1.008
1960, 7, , , -0.986, -0.963, -1.008
1960, 8, , , -0.986, -0.963, -1.008
1960, 9, -1.007, , -0.986, -0.963, -1.008
1960, 10, , , -0.986, -0.963, -1.008
1960, 11, -0.944, , -0.986, -0.963, -1.008
1960, 12, -0.892, , -0.986, -0.963, -1.008
1961, 1, -0.915, , -0.986, -0.963, -1.008
1961, 2, -0.863, , -0.986, -0.963, -1.008
1961, 3, -0.904, , -0.986, -0.963, -1.008
1961, 4, -1.090, , -0.986, -0.963, -1.008
1961, 5, -0.998, , -0.986, -0.963, -1.009
1961, 6, -0.916, , -0.986, -0.963, -1.009
1961, 7, , , -0.986, -0.963, -1.009
1961, 8, , , -0.986, -0.962, -1.009
1961, 9, , , -0.986, -0.962, -1.009
1961, 10, , , -0.986, -0.962, -1.009
1961, 11, , , -0.986, -0.962, -1.009
1961, 12, , , -0.986, -0.962, -1.009
1962, 1, -1.110, , -0.986, -0.962, -1.009
1962, 2, -1.192, , -0.986, -0.962, -1.009
1962, 3, -1.103, , -0.986, -0.962, -1.009
1962, 4, -0.959, , -0.986, -0.962, -1.009
1962, 5, -1.026, , -0.986, -0.962, -1.010
1962, 6, -1.020, , -0.986, -0.962, -1.010
1962, 7, -1.036, , -0.986, -0.962, -1.010
1962, 8, -1.025, , -0.986, -0.962, -1.010
1962, 9, -0.985, , -0.986, -0.962, -1.010
1962, 10, -0.996, , -0.986, -0.962, -1.010
1962, 11, -0.929, , -0.986, -0.961, -1.010
1962, 12, -1.096, , -0.986, -0.961, -1.010
1963, 1, -1.202, , -0.986, -0.961, -1.010
1963, 2, -0.939, , -0.986, -0.961, -1.010
1963, 3, -1.109, , -0.986, -0.961, -1.010
1963, 4, -1.026, , -0.986, -0.961, -1.010
1963, 5, -0.938, , -0.986, -0.961, -1.011
1963, 6, -0.965, , -0.986, -0.961, -1.011
1963, 7, -0.969, , -0.986, -0.961, -1.011
1963, 8, -1.046, , -0.986, -0.961, -1.011
1963, 9, -0.873, , -0.986, -0.961, -1.011
1963, 10, -0.755, , -0.986, -0.961, -1.011
1963, 11, -0.926, , -0.986, -0.961, -1.011
1963, 12, -0.871, , -0.986, -0.961, -1.011
1964, 1, , , 0.053, 0.075, 0.031
1964, 2, , , 0.053, 0.075, 0.031
1964, 3, , , 0.053, 0.074, 0.031
1964, 4, 0.062, , 0.052, 0.074, 0.031
1964, 5, 0.029, , 0.052, 0.074, 0.031
1964, 6, 0.056, , 0.052, 0.073, 0.030
1964, 7, 0.128, , 0.052, 0.073, 0.030
1964, 8, 0.167, , 0.052, 0.073, 0.030
1964, 9, -0.004, , 0.051, 0.073, 0.030
1964, 10, 0.096, , 0.051, 0.072, 0.030
1964, 11, 0.114, , 0.051, 0.072, 0.030
1964, 12, 0.004, , 0.051, 0.072, 0.029
1965, 1, 0.124, , 0.050, 0.072, 0.029
1965, 2, 0.018, , 0.050, 0.071, 0.029
1965, 3, -0.011, , 0.050, 0.071, 0.029
1965, 4, 0.093, , 0.050, 0.071, 0.029
1965, 5, 0.078, , 0.050, 0.070, 0.029
1965, 6, 0.096, , 0.049, 0.070, 0.028
1965, 7, 0.055, , 0.049, 0.070, 0.028
1965, 8, 0.024, , 0.049, 0.070, 0.028
1965, 9, -0.056, , 0.049, 0.069, 0.028
1965, 10, 0.083, , 0.048, 0.069, 0.028
1965, 11, 0.037, , 0.048, 0.069, 0.028
1965, 12, 0.068, , 0.048, 0.069, 0.027
1966, 1, 0.039, , 0.048, 0.068, 0.027
1966, 2, -0.007, , 0.048, 0.068, 0.027
1966, 3, 0.141, , 0.047, 0.068, 0.027
1966, 4, -0.035, , 0.047, 0.068, 0.027
1966, 5, 0.151, , 0.047, 0.067, 0.027
1966, 6, 0.078, , 0.047, 0.067, 0.026
1966, 7, -0.021, , 0.047, 0.067, 0.026
1966, 8, 0.085, , 0.046, 0.066, 0.026
1966, 9, 0.155, , 0.046, 0.066, 0.026
1966, 10, 0.065, , 0.046, 0.066, 0.026
1966, 11, -0.136, , 0.046, 0.066, 0.026
1966, 12, 0.083, , 0.045, 0.065, 0.025
1967, 1, -0.031, , 0.045, 0.065, 0.025
1967, 2, 0.012, , 0.045, 0.065, 0.025
1967, 3, -0.170, , 0.045, 0.065, 0.025
1967, 4, -0.172, , 0.045, 0.064, 0.025
1967, 5, -0.105, , 0.044, 0.064, 0.025
1967, 6, -0.032, , 0.044, 0.064, 0.024
1967, 7, 0.031, , 0.044, 0.063, 0.024
1967, 8, 0.100, , 0.044, 0.063, 0.024
1967, 9, 0.228, , 0.043, 0.063, 0.024
1967, 10, 0.059, , 0.043, 0.063, 0.024
1967, 11, -0.054, , 0.043, 0.062, 0.024
1967, 12, -0.103, , 0.043, 0.062, 0.023
1968, 1, -0.101, , 0.043, 0.062, 0.023
1968, 2, 0.121, , 0.042, 0.062, 0.023
1968, 3, 0.089, , 0.042, 0.061, 0.023
1968, 4, 0.050, , 0.042, 0.061, 0.023
1968, 5, 0.016, , 0.042, 0.061, 0.023
1968, 6, 0.029, , 0.041, 0.061, 0.022
1968, 7, 0.055, , 0.041, 0.060, 0.022
1968, 8, 0.033, , 0.041, 0.060, 0.022
1968, 9, 0.066, , 0.041, 0.060, 0.022
1968, 10, 0.077, , 0.041, 0.059, 0.022
1968, 11, 0.159, , 0.040, 0.059, 0.022
1968, 12, -0.042, , 0.040, 0.059, 0.021
1969, 1, -0.114, , 0.040, 0.059, 0.021
1969, 2, 0.079, , 0.040, 0.058, 0.021
1969, 3, -0.051, , 0.040, 0.058, 0.021
1969, 4, 0.190, , 0.039, 0.058, 0.021
1969, 5, 0.056, , 0.039, 0.058, 0.021
1969, 6, 0.038, , 0.039, 0.057, 0.020
1969, 7, 0.043, , 0.039, 0.057, 0.020
1969, 8, 0.057, , 0.038, 0.057, 0.020
1969, 9, 0.051, , 0.038, 0.057, 0.020
1969, 10, 0.044, , 0.038, 0.056, 0.020
1969, 11, 0.135, , 0.038, 0.056, 0.020
1969, 12, 0.290, , 0.038, 0.056, 0.019
1970, 1, 0.063, , 0.037, 0.055, 0.019
1970, 2, 0.088, , 0.037, 0.055, 0.019
1970, 3, 0.110, , 0.037, 0.055, 0.019
1970, 4, 0.005, , 0.037, 0.055, 0.019
1970, 5, 0.044, , 0.036, 0.054, 0.019
1970, 6, 0.020, , 0.036, 0.054, 0.018
1970, 7, 0.067, , 0.036, 0.054, 0.018
1970, 8, 0.024, , 0.036, 0.054, 0.018
1970, 9, -0.044, , 0.036, 0.053, 0.018
1970, 10, -0.057, , 0.035, 0.053, 0.018
1970, 11, -0.079, , 0.035, 0.053, 0.018
1970, 12, -0.039, , 0.035, 0.053, 0.017
1971, 1, -0.178, , 0.035, 0.052, 0.017
1971, 2, -0.037, , 0.035, 0.052, 0.017
1971, 3, -0.030, , 0.034, 0.052, 0.017
1971, 4, 0.105, , 0.034, 0.052, 0.017
1971, 5, 0.047, , 0.034, 0.051, 0.016
1971, 6, -0.026, , 0.034, 0.051, 0.016
1971, 7, -0.021, , 0.033, 0.051, 0.016
1971, 8, 0.134, , 0.033, 0.050, 0.016
1971, 9, 0.045, , 0.033, 0.050, 0.016
1971, 10, -0.023, , 0.033, 0.050, 0.016
1971, 11, -0.018, , 0.033, 0.050, 0.015
1971, 12, -0.100, , 0.032, 0.049, 0.015
1972, 1, -0.199, , 0.032, 0.049, 0.015
1972, 2, -0.092, , 0.032, 0.049, 0.015
1972, 3, -0.048, , 0.032, 0.049, 0.015
1972, 4, -0.032, , 0.031, 0.048, 0.015
1972, 5, -0.050, , 0.031, 0.048, 0.014
1972, 6, -0.008, , 0.031, 0.048, 0.014
1972, 7, -0.110, , 0.031, 0.048, 0.014
1972, 8, 0.027, , 0.031, 0.047, 0.014
1972, 9, -0.083, , 0.030, 0.047, 0.014
1972, 10, -0.158, , 0.030, 0.047, 0.014
1972, 11, -0.005, , 0.030, 0.047, 0.013
1972, 12, -0.057, , 0.030, 0.046, 0.013
1973, 1, 0.048, , 0.030, 0.046, 0.013
1973, 2, -0.058, , 0.029, 0.046, 0.013
1973, 3, 0.022, , 0.029, 0.045, 0.013
1973, 4, -0.081, , 0.029, 0.045, 0.013
1973, 5, 0.020, , 0.029, 0.045, 0.012
1973, 6, -0.002, , 0.028, 0.045, 0.012
1973, 7, -0.030, , 0.028, 0.044, 0.012
1973, 8, -0.052, , 0.028, 0.044, 0.012
1973, 9, -0.065, , 0.028, 0.044, 0.012
1973, 10, 0.010, , 0.028, 0.044, 0.011
1973, 11, -0.191, , 0.027, 0.043, 0.011
1973, 12, -0.024, , 0.027, 0.043, 0.011
1974, 1, , , 0.027, 0.043, 0.011
1974, 2, , , 0.027, 0.043, 0.011
1974, 3, -0.027, , 0.026, 0.042, 0.011
1974, 4, 0.041, , 0.026, 0.042, 0.010
1974, 5, , , 0.026, 0.042, 0.010
1974, 6, , , 0.026, 0.042, 0.010
1974, 7, , , 0.026, 0.041, 0.010
1974, 8, , , 0.025, 0.041, 0.010
1974, 9, , , 0.025, 0.041, 0.010
1974, 10, , , 0.025, 0.040, 0.009
1974, 11, , , 0.025, 0.040, 0.009
1974, 12, , , 0.025, 0.040, 0.009
1975, 1, , , 0.024, 0.040, 0.009
1975, 2, , , 0.024, 0.039, 0.009
1975, 3, , , 0.024, 0.039, 0.009
1975, 4, , , 0.024, 0.039, 0.008
1975, 5, , , 0.023, 0.039, 0.008
1975, 6, , , 0.023, 0.038, 0.008
1975, 7, , , 0.023, 0.038, 0.008
1975, 8, , , 0.023, 0.038, 0.008
1975, 9, -0.028, , 0.023, 0.038, 0.007
1975, 10, -0.039, , 0.022, 0.037, 0.007
1975, 11, -0.060, , 0.022, 0.037, 0.007
1975, 12, , , 0.022, 0.037, 0.007
1976, 1, , , 0.022, 0.037, 0.007
1976, 2, , , 0.021, 0.036, 0.007
1976, 3, , , 0.021, 0.036, 0.006
1976, 4, , , 0.021, 0.036, 0.006
1976, 5, , , 0.021, 0.036, 0.006
1976, 6, , , 0.021, 0.035, 0.006
1976, 7, , , 0.020, 0.035, 0.006
1976, 8, , , 0.020, 0.035, 0.006
1976, 9, , , 0.020, 0.034, 0.005
1976, 10, , , 0.020, 0.034, 0.005
1976, 11, , , 0.019, 0.034, 0.005
1976, 12, , , 0.019, 0.034, 0.005
1977, 1, , , 0.019, 0.033, 0.005
1977, 2, 0.252, , 0.019, 0.033, 0.004
1977, 3, , , 0.019, 0.033, 0.004
1977, 4, -0.005, , 0.018, 0.033, 0.004
1977, 5, 0.029, , 0.018, 0.032, 0.004
1977, 6, 0.023, , 0.018, 0.032, 0.004
1977, 7, 0.022, , 0.018, 0.032, 0.004
1977, 8, -0.065, , 0.018, 0.032, 0.003
1977, 9, , , 0.017, 0.031, 0.003
1977, 10, , , 0.017, 0.031, 0.003
1977, 11, -0.066, , 0.017, 0.031, 0.003
1977, 12, -0.154, , 0.017, 0.031, 0.003
1978, 1, 0.002, , 0.016, 0.030, 0.003
1978, 2, 0.155, , 0.016, 0.030, 0.002
1978, 3, 0.056, , 0.016, 0.030, 0.002
1978, 4, -0.047, , 0.016, 0.030, 0.002
1978, 5, -0.017, , 0.016, 0.029, 0.002
1978, 6, -0.078, , 0.015, 0.029, 0.002
1978, 7, -0.043, , 0.015, 0.029, 0.001
1978, 8, -0.055, , 0.015, 0.029, 0.001
1978, 9, 0.066, , 0.015, 0.028, 0.001
1978, 10, 0.074, , 0.014, 0.028, 0.001
1978, 11, -0.118, , 0.014, 0.028, 0.001
1978, 12, -0.130, , 0.014, 0.028, 0.001
1979, 1, -0.059, , 0.014, 0.027, 0.000
1979, 2, -0.095, , 0.014, 0.027, 0.000
1979, 3, 0.013, , 0.013, 0.027, -0.000
1979, 4, -0.136, , 0.013, 0.027, -0.000
1979, 5, -0.011, , 0.013, 0.026, -0.000
1979, 6, -0.048, , 0.013, 0.026, -0.001
1979, 7, 0.006, , 0.013, 0.026, -0.001
1979, 8, -0.010, , 0.012, 0.026, -0.001
1979, 9, 0.060, , 0.012, 0.025, -0.001
1979, 10, 0.126, , 0.012, 0.025, -0.001
1979, 11, 0.080, , 0.012, 0.025, -0.001
1979, 12, -0.002, , 0.011, 0.025, -0.002
1980, 1, 0.002, , 0.011, 0.024, -0.002
1980, 2, 0.115, , 0.011, 0.024, -0.002
1980, 3, 0.052, , 0.011, 0.024, -0.002
1980, 4, 0.190, , 0.011, 0.024, -0.002
1980, 5, 0.026, , 0.010, 0.023, -0.003
1980, 6, -0.054, , 0.010, 0.023, -0.003
1980, 7, 0.012, , 0.010, 0.023, -0.003
1980, 8, -0.043, , 0.010, 0.022, -0.003
1980, 9, -0.022, , 0.009, 0.022, -0.003
1980, 10, 0.098, , 0.009, 0.022, -0.004
1980, 11, 0.150, , 0.009, 0.022, -0.004
1980, 12, -0.081, , 0.009, 0.021, -0.004
1981, 1, 0.274, , 0.009, 0.021, -0.004
1981, 2, 0.054, , 0.008, 0.021, -0.004
1981, 3, 0.147, , 0.008, 0.021, -0.004
1981, 4, 0.002, , 0.008, 0.020, -0.005
1981, 5, 0.035, , 0.008, 0.020, -0.005
1981, 6, 0.071, , 0.008, 0.020, -0.005
1981, 7, -0.033, , 0.007, 0.020, -0.005
1981, 8, 0.094, , 0.007, 0.019, -0.005
1981, 9, 0.106, , 0.007, 0.019, -0.006
1981, 10, -0.030, , 0.007, 0.019, -0.006
1981, 11, 0.153, , 0.006, 0.019, -0.006
1981, 12, 0.077, , 0.006, 0.019, -0.006
1982, 1, -0.092, , 0.006, 0.018, -0.006
1982, 2, -0.168, , 0.006, 0.018, -0.006
1982, 3, -0.018, , 0.006, 0.018, -0.007
1982, 4, 0.069, , 0.005, 0.018, -0.007
1982, 5, -0.029, , 0.005, 0.017, -0.007
1982, 6, -0.026, , 0.005, 0.017, -0.007
1982, 7, -0.012, , 0.005, 0.017, -0.007
1982, 8, -0.064, , 0.004, 0.017, -0.008
1982, 9, 0.041, , 0.004, 0.016, -0.008
1982, 10, -0.017, , 0.004, 0.016, -0.008
1982, 11, 0.032, , 0.004, 0.016, -0.008
1982, 12, 0.138, , 0.004, 0.016, -0.008
1983, 1, 0.209, , 0.003, 0.015, -0.009
1983, 2, 0.268, , 0.003, 0.015, -0.009
1983, 3, 0.083, , 0.003, 0.015, -0.009
1983, 4, 0.017, , 0.003, 0.015, -0.009
1983, 5, 0.081, , 0.002, 0.014, -0.009
1983, 6, 0.075, , 0.002, 0.014, -0.010
1983, 7, 0.091, , 0.002, 0.014, -0.010
1983, 8, 0.125, , 0.002, 0.014, -0.010
1983, 9, 0.011, , 0.002, 0.013, -0.010
1983, 10, 0.023, , 0.001, 0.013, -0.010
1983, 11, 0.169, , 0.001, 0.013, -0.010
1983, 12, -0.191, , 0.001, 0.013, -0.011
1984, 1, -0.007, , 0.001, 0.012, -0.011
1984, 2, 0.152, , 0.001, 0.012, -0.011
1984, 3, 0.126, , 0.000, 0.012, -0.011
1984, 4, 0.099, , 0.000, 0.012, -0.011
1984, 5, 0.038, , -0.000, 0.011, -0.012
1984, 6, 0.062, , -0.000, 0.011, -0.012
1984, 7, 0.070, , -0.001, 0.011, -0.012
1984, 8, 0.057, , -0.001, 0.011, -0.012
1984, 9, 0.041, , -0.001, 0.010, -0.012
1984, 10, 0.016, , -0.001, 0.010, -0.013
1984, 11, 0.050, , -0.001, 0.010, -0.013
1984, 12, -0.063, , -0.002, 0.010, -0.013
1985, 1, 0.091, , -0.002, 0.009, -0.013
1985, 2, -0.089, , -0.002, 0.009, -0.013
1985, 3, 0.004, , -0.002, 0.009, -0.014
1985, 4, 0.054, , -0.003, 0.009, -0.014
1985, 5, -0.005, , -0.003, 0.009, -0.014
1985, 6, 0.047, , -0.003, 0.008, -0.014
1985, 7, -0.028, , -0.003, 0.008, -0.014
1985, 8, -0.064, , -0.003, 0.008, -0.015
1985, 9, -0.111, , -0.004, 0.008, -0.015
1985, 10, -0.078, , -0.004, 0.007, -0.015
1985, 11, -0.295, , -0.004, 0.007, -0.015
1985, 12, -0.014, , -0.004, 0.007, -0.015
1986, 1, 0.264, , -0.004, 0.007, -0.016
1986, 2, 0.018, , -0.005, 0.006, -0.016
1986, 3, 0.089, , -0.005, 0.006, -0.016
1986, 4, -0.023, , -0.005, 0.006, -0.016
1986, 5, 0.032, , -0.005, 0.006, -0.016
1986, 6, 0.026, , -0.006, 0.005, -0.017
1986, 7, -0.028, , -0.006, 0.005, -0.017
1986, 8, 0.021, , -0.006, 0.005, -0.017
1986, 9, -0.145, , -0.006, 0.005, -0.017
1986, 10, -0.048, , -0.006, 0.004, -0.017
1986, 11, 0.016, , -0.007, 0.004, -0.018
1986, 12, 0.172, , -0.007, 0.004, -0.018
1987, 1, 0.225, , -0.007, 0.004, -0.018
1987, 2, 0.161, , -0.007, 0.004, -0.018
1987, 3, 0.049, , -0.008, 0.003, -0.018
1987, 4, 0.130, , -0.008, 0.003, -0.019
1987, 5, 0.111, , -0.008, 0.003, -0.019
1987, 6, 0.169, , -0.008, 0.003, -0.019
1987, 7, 0.006, , -0.008, 0.002, -0.019
1987, 8, -0.092, , -0.009, 0.002, -0.019
1987, 9, 0.078, , -0.009, 0.002, -0.020
1987, 10, 0.062, , -0.009, 0.002, -0.020
1987, 11, 0.147, , -0.009, 0.001, -0.020
1987, 12, 0.108, , -0.009, 0.001, -0.020
1988, 1, 0.087, , -0.010, 0.001, -0.020
1988, 2, 0.076, , -0.010, 0.001, -0.021
1988, 3, 0.119, , -0.010, 0.001, -0.021
1988, 4, 0.136, , -0.010, 0.000, -0.021
1988, 5, 0.102, , -0.011, 0.000, -0.021
1988, 6, 0.087, , -0.011, -0.000, -0.021
1988, 7, 0.052, , -0.011, -0.000, -0.022
1988, 8, 0.094, , -0.011, -0.001, -0.022
1988, 9, 0.038, , -0.011, -0.001, -0.022
1988, 10, 0.013, , -0.012, -0.001, -0.022
1988, 11, 0.126, , -0.012, -0.001, -0.023
1988, 12, 0.016, , -0.012, -0.001, -0.023
1989, 1, -0.062, , -0.012, -0.002, -0.023
1989, 2, -0.366, , -0.013, -0.002, -0.023
1989, 3, -0.033, , -0.013, -0.002, -0.023
1989, 4, -0.056, , -0.013, -0.002, -0.024
1989, 5, -0.014, , -0.013, -0.003, -0.024
1989, 6, 0.020, , -0.013, -0.003, -0.024
1989, 7, -0.003, , -0.014, -0.003, -0.024
1989, 8, -0.019, , -0.014, -0.003, -0.024
1989, 9, 0.005, , -0.014, -0.003, -0.025
1989, 10, 0.016, , -0.014, -0.004, -0.025
1989, 11, -0.054, , -0.015, -0.004, -0.025
1989, 12, -0.011, , -0.015, -0.004, -0.025
1990, 1, -0.007, , -0.015, -0.004, -0.026
1990, 2, -0.086, , -0.015, -0.005, -0.026
1990, 3, 0.028, , -0.015, -0.005, -0.026
1990, 4, -0.074, , -0.016, -0.005, -0.026
1990, 5, -0.063, , -0.016, -0.005, -0.026
1990, 6, 0.041, , -0.016, -0.005, -0.027
1990, 7, 0.012, , -0.016, -0.006, -0.027
1990, 8, 0.060, , -0.016, -0.006, -0.027
1990, 9, 0.057, , -0.017, -0.006, -0.027
1990, 10, -0.002, , -0.017, -0.006, -0.027
1990, 11, -0.136, , -0.017, -0.007, -0.028
1990, 12, -0.215, , -0.017, -0.007, -0.028
1991, 1, -0.208, , -0.018, -0.007, -0.028
1991, 2, 0.024, , -0.018, -0.007, -0.028
1991, 3, -0.094, , -0.018, -0.007, -0.029
1991, 4, 0.011, , -0.018, -0.008, -0.029
1991, 5, -0.008, , -0.018, -0.008, -0.029
1991, 6, -0.038, , -0.019, -0.008, -0.029
1991, 7, -0.006, , -0.019, -0.008, -0.029
1991, 8, 0.088, , -0.019, -0.009, -0.030
1991, 9, 0.075, , -0.019, -0.009, -0.030
1991, 10, -0.090, , -0.020, -0.009, -0.030
1991, 11, 0.083, , -0.020, -0.009, -0.030
1991, 12, 0.114, , -0.020, -0.009, -0.031
1992, 1, 0.258, , -0.020, -0.010, -0.031
1992, 2, 0.179, , -0.020, -0.010, -0.031
1992, 3, 0.077, , -0.021, -0.010, -0.031
1992, 4, 0.072, , -0.021, -0.010, -0.031
1992, 5, -0.078, , -0.021, -0.010, -0.032
1992, 6, -0.002, , -0.021, -0.011, -0.032
1992, 7, -0.062, , -0.021, -0.011, -0.032
1992, 8, -0.085, , -0.022, -0.011, -0.032
1992, 9, -0.053, , -0.022, -0.011, -0.033
1992, 10, -0.124, , -0.022, -0.012, -0.033
1992, 11, 0.068, , -0.022, -0.012, -0.033
1992, 12, -0.087, , -0.023, -0.012, -0.033
1993, 1, -0.102, , -0.023, -0.012, -0.033
1993, 2, 0.003, , -0.023, -0.012, -0.034
1993, 3, 0.055, , -0.023, -0.013, -0.034
1993, 4, 0.118, , -0.023, -0.013, -0.034
1993, 5, 0.081, , -0.024, -0.013, -0.034
1993, 6, 0.062, , -0.024, -0.013, -0.035
1993, 7, -0.067, , -0.024, -0.013, -0.035
1993, 8, -0.043, , -0.024, -0.014, -0.035
1993, 9, -0.123, , -0.025, -0.014, -0.035
1993, 10, -0.075, , -0.025, -0.014, -0.035
1993, 11, -0.131, , -0.025, -0.014, -0.036
1993, 12, 0.093, , -0.025, -0.014, -0.036
1994, 1, -0.014, , -0.025, -0.015, -0.036
1994, 2, -0.065, , -0.026, -0.015, -0.036
1994, 3, 0.031, , -0.026, -0.015, -0.037
1994, 4, -0.000, , -0.026, -0.015, -0.037
1994, 5, 0.084, , -0.026, -0.015, -0.037
1994, 6, 0.042, , -0.026, -0.016, -0.037
1994, 7, -0.007, , -0.027, -0.016, -0.038
1994, 8, -0.121, , -0.027, -0.016, -0.038
1994, 9, 0.024, , -0.027, -0.016, -0.038
1994, 10, 0.035, , -0.027, -0.016, -0.038
1994, 11, -0.089, , -0.028, -0.017, -0.038
1994, 12, 0.061, , -0.028, -0.017, -0.039
1995, 1, 0.061, , -0.028, -0.017, -0.039
1995, 2, -0.089, , -0.028, -0.017, -0.039
1995, 3, -0.055, , -0.028, -0.017, -0.039
1995, 4, 0.007, , -0.029, -0.018, -0.040
1995, 5, -0.030, , -0.029, -0.018, -0.040
1995, 6, 0.014, , -0.029, -0.018, -0.040
1995, 7, 0.015, , -0.029, -0.018, -0.040
1995, 8, 0.004, , -0.030, -0.018, -0.041
1995, 9, 0.050, , -0.030, -0.019, -0.041
1995, 10, 0.028, , -0.030, -0.019, -0.041
1995, 11, -0.076, , -0.030, -0.019, -0.041
1995, 12, -0.011, , -0.030, -0.019, -0.042
1996, 1, -0.185, , -0.031, -0.019, -0.042
1996, 2, -0.097, , -0.031, -0.020, -0.042
1996, 3, -0.218, , -0.031, -0.020, -0.042
1996, 4, 0.006, , -0.031, -0.020, -0.042
1996, 5, -0.136, , -0.032, -0.020, -0.043
1996, 6, -0.064, , -0.032, -0.020, -0.043
1996, 7, -0.092, , -0.032, -0.021, -0.043
1996, 8, -0.043, , -0.032, -0.021, -0.043
1996, 9, -0.047, , -0.032, -0.021, -0.044
1996, 10, -0.114, , -0.033, -0.021, -0.044
1996, 11, -0.215, , -0.033, -0.021, -0.044
1996, 12, -0.078, , -0.033, -0.022, -0.044
1997, 1, -0.017, , -0.033, -0.022, -0.045
1997, 2, 0.016, , -0.033, -0.022, -0.045
1997, 3, -0.061, , -0.034, -0.022, -0.045
1997, 4, -0.057, , -0.034, -0.022, -0.045
1997, 5, -0.108, , -0.034, -0.023, -0.046
1997, 6, 0.003, , -0.034, -0.023, -0.046
1997, 7, 0.016, , -0.035, -0.023, -0.046
1997, 8, -0.020, , -0.035, -0.023, -0.046
1997, 9, 0.060, , -0.035, -0.023, -0.047
1997, 10, -0.072, , -0.035, -0.024, -0.047
1997, 11, 0.112, , -0.035, -0.024, -0.047
1997, 12, 0.170, , -0.036, -0.024, -0.047
1998, 1, 0.099, , -0.036, -0.024, -0.048
1998, 2, 0.258, , -0.036, -0.024, -0.048
1998, 3, -0.067, , -0.036, -0.025, -0.048
1998, 4, 0.019, , -0.037, -0.025, -0.048
1998, 5, -0.019, , -0.037, -0.025, -0.049
1998, 6, -0.106, , -0.037, -0.025, -0.049
1998, 7, -0.054, , -0.037, -0.025, -0.049
1998, 8, -0.044, , -0.037, -0.026, -0.049
1998, 9, -0.031, , -0.038, -0.026, -0.049
1998, 10, -0.092, , -0.038, -0.026, -0.050
1998, 11, -0.029, , -0.038, -0.026, -0.050
1998, 12, -0.087, , -0.038, -0.026, -0.050
1999, 1, -0.123, , -0.038, -0.026, -0.050
1999, 2, 0.012, , -0.039, -0.027, -0.051
1999, 3, 0.002, , -0.039, -0.027, -0.051
1999, 4, -0.115, , -0.039, -0.027, -0.051
1999, 5, -0.075, , -0.039, -0.027, -0.051
1999, 6, -0.077, , -0.040, -0.027, -0.052
1999, 7, -0.130, , -0.040, -0.028, -0.052
1999, 8, -0.037, , -0.040, -0.028, -0.052
1999, 9, 0.025, , -0.040, -0.028, -0.052
1999, 10, -0.056, , -0.040, -0.028, -0.053
1999, 11, 0.066, , -0.041, -0.028, -0.053
1999, 12, -0.040, , -0.041, -0.029, -0.053
2000, 1, -0.109, , -0.041, -0.029, -0.053
2000, 2, -0.019, , -0.041, -0.029, -0.054
2000, 3, 0.071, , -0.042, -0.029, -0.054
2000, 4, -0.030, , -0.042, -0.029, -0.054
2000, 5, -0.036, , -0.042, -0.029, -0.054
2000, 6, -0.052, , -0.042, -0.030, -0.055
2000, 7, -0.039, , -0.042, -0.030, -0.055
2000, 8, -0.102, , -0.043, -0.030, -0.055
2000, 9, -0.113, , -0.043, -0.030, -0.055
2000, 10, -0.025, , -0.043, -0.030, -0.056
2000, 11, -0.072, , -0.043, -0.031, -0.056
2000, 12, -0.066, , -0.043, -0.031, -0.056
2001, 1, 0.194, , -0.044, -0.031, -0.056
2001, 2, -0.128, , -0.044, -0.031, -0.057
2001, 3, 0.017, , -0.044, -0.031, -0.057
2001, 4, -0.036, , -0.044, -0.032, -0.057
2001, 5, 0.020, , -0.045, -0.032, -0.057
2001, 6, -0.072, , -0.045, -0.032, -0.058
2001, 7, -0.064, , -0.045, -0.032, -0.058
2001, 8, -0.002, , -0.045, -0.032, -0.058
2001, 9, 0.055, , -0.045, -0.032, -0.058
2001, 10, -0.064, , -0.046, -0.033, -0.059
2001, 11, 0.015, , -0.046, -0.033, -0.059
2001, 12, -0.024, , -0.046, -0.033, -0.059
2002, 1, 0.018, , -0.046, -0.033, -0.059
2002, 2, -0.029, , -0.047, -0.033, -0.060
2002, 3, -0.211, , -0.047, -0.034, -0.060
2002, 4, -0.254, , -0.047, -0.034, -0.060
2002, 5, -0.180, , -0.047, -0.034, -0.060
2002, 6, -0.049, , -0.047, -0.034, -0.061
2002, 7, -0.047, , -0.048, -0.034, -0.061
2002, 8, -0.046, , -0.048, -0.034, -0.061
2002, 9, -0.026, , -0.048, -0.035, -0.061
2002, 10, -0.101, , -0.048, -0.035, -0.062
2002, 11, 0.146, , -0.049, -0.035, -0.062
2002, 12, 0.147, , -0.049, -0.035, -0.062
2003, 1, 0.134, , -0.049, -0.035, -0.063
2003, 2, -0.084, , -0.049, -0.036, -0.063
2003, 3, -0.031, , -0.049, -0.036, -0.063
2003, 4, -0.040, , -0.050, -0.036, -0.063
2003, 5, -0.045, , -0.050, -0.036, -0.064
2003, 6, -0.071, , -0.050, -0.036, -0.064
2003, 7, -0.044, , -0.050, -0.036, -0.064
2003, 8, -0.001, , -0.050, -0.037, -0.064
2003, 9, -0.011, , -0.051, -0.037, -0.065
2003, 10, 0.008, , -0.051, -0.037, -0.065
2003, 11, -0.197, , -0.051, -0.037, -0.065
2003, 12, 0.065, , -0.051, -0.037, -0.065
2004, 1, -0.093, , -0.052, -0.038, -0.066
2004, 2, 0.011, , -0.052, -0.038, -0.066
2004, 3, -0.105, , -0.052, -0.038, -0.066
2004, 4, -0.032, , -0.052, -0.038, -0.066
2004, 5, -0.128, , -0.052, -0.038, -0.067
2004, 6, -0.101, , -0.053, -0.038, -0.067
2004, 7, -0.047, , -0.053, -0.039, -0.067
2004, 8, -0.098, , -0.053, -0.039, -0.067
2004, 9, -0.058, , -0.053, -0.039, -0.068
2004, 10, -0.080, , -0.054, -0.039, -0.068
2004, 11, -0.079, , -0.054, -0.039, -0.068
2004, 12, -0.116, , -0.054, -0.039, -0.068
2005, 1, -0.149, , -0.054, -0.040, -0.069
2005, 2, -0.102, , -0.054, -0.040, -0.069
2005, 3, -0.008, , -0.055, -0.040, -0.069
2005, 4, -0.023, , -0.055, -0.040, -0.069
2005, 5, 0.004, , -0.055, -0.040, -0.070
2005, 6, -0.067, , -0.055, -0.041, -0.070
2005, 7, 0.011, , -0.055, -0.041, -0.070
2005, 8, -0.009, , -0.056, -0.041, -0.070
2005, 9, -0.037, , -0.056, -0.041, -0.071
2005, 10, 0.013, , -0.056, -0.041, -0.071
2005, 11, -0.032, , -0.056, -0.041, -0.071
2005, 12, 0.077, , -0.057, -0.042, -0.072
2006, 1, 0.087, , -0.057, -0.042, -0.072
2006, 2, -0.140, , -0.057, -0.042, -0.072
2006, 3, -0.077, , -0.057, -0.042, -0.072
2006, 4, 0.051, , -0.057, -0.042, -0.073
2006, 5, -0.044, , -0.058, -0.042, -0.073
2006, 6, -0.042, , -0.058, -0.043, -0.073
2006, 7, -0.064, , -0.058, -0.043, -0.073
2006, 8, 0.025, , -0.058, -0.043, -0.074
2006, 9, -0.022, , -0.059, -0.043, -0.074
2006, 10, -0.112, , -0.059, -0.043, -0.074
2006, 11, -0.142, , -0.059, -0.044, -0.074
2006, 12, 0.120, , -0.059, -0.044, -0.075
2007, 1, -0.109, , -0.059, -0.044, -0.075
2007, 2, -0.184, , -0.060, -0.044, -0.075
2007, 3, -0.113, , -0.060, -0.044, -0.075
2007, 4, -0.059, , -0.060, -0.044, -0.076
2007, 5, -0.110, , -0.060, -0.045, -0.076
2007, 6, -0.097, , -0.060, -0.045, -0.076
2007, 7, -0.043, , -0.061, -0.045, -0.076
2007, 8, -0.111, , -0.061, -0.045, -0.077
2007, 9, -0.127, , -0.061, -0.045, -0.077
2007, 10, -0.065, , -0.061, -0.045, -0.077
2007, 11, -0.044, , -0.062, -0.046, -0.078
2007, 12, -0.085, , -0.062, -0.046, -0.078
2008, 1, -0.101, , -0.062, -0.046, -0.078
2008, 2, 0.016, , -0.062, -0.046, -0.078
2008, 3, -0.014, , -0.062, -0.046, -0.079
2008, 4, -0.193, , -0.063, -0.047, -0.079
2008, 5, -0.098, , -0.063, -0.047, -0.079
2008, 6, -0.082, , -0.063, -0.047, -0.079
2008, 7, -0.022, , -0.063, -0.047, -0.080
2008, 8, 0.012, , -0.064, -0.047, -0.080
2008, 9, -0.051, , -0.064, -0.047, -0.080
2008, 10, -0.097, , -0.064, -0.048, -0.080
2008, 11, -0.063, , -0.064, -0.048, -0.081
2008, 12, -0.291, , -0.064, -0.048, -0.081
2009, 1, -0.166, , -0.065, -0.048, -0.081
2009, 2, -0.289, , -0.065, -0.048, -0.081
2009, 3, -0.151, , -0.065, -0.048, -0.082
2009, 4, -0.262, , -0.065, -0.049, -0.082
2009, 5, -0.225, , -0.066, -0.049, -0.082
2009, 6, -0.170, , -0.066, -0.049, -0.083
2009, 7, -0.168, , -0.066, -0.049, -0.083
2009, 8, -0.082, , -0.066, -0.049, -0.083
2009, 9, 0.003, , -0.066, -0.049, -0.083
2009, 10, -0.151, , -0.067, -0.050, -0.084
2009, 11, 0.049, , -0.067, -0.050, -0.084
2009, 12, -0.190, , -0.067, -0.050, -0.084
2010, 1, 0.100, , -0.067, -0.050, -0.084
2010, 2, 0.039, , -0.067, -0.050, -0.085
2010, 3, 0.097, , -0.068, -0.050, -0.085
2010, 4, 0.012, , -0.068, -0.051, -0.085
2010, 5, -0.115, , -0.068, -0.051, -0.085
2010, 6, -0.097, , -0.068, -0.051, -0.086
2010, 7, -0.109, , -0.069, -0.051, -0.086
2010, 8, -0.147, , -0.069, -0.051, -0.086
2010, 9, -0.152, , -0.069, -0.052, -0.086
2010, 10, -0.000, , -0.069, -0.052, -0.087
2010, 11, -0.065, , -0.069, -0.052, -0.087
2010, 12, -0.071, , -0.070, -0.052, -0.087
2011, 1, -0.136, , -0.070, -0.052, -0.088
2011, 2, -0.266, , -0.070, -0.052, -0.088
2011, 3, -0.102, , -0.070, -0.053, -0.088
2011, 4, -0.082, , -0.071, -0.053, -0.088
2011, 5, -0.106, , -0.071, -0.053, -0.089
2011, 6, -0.143, , -0.071, -0.053, -0.089
2011, 7, -0.121, , -0.071, -0.053, -0.089
2011, 8, -0.031, , -0.071, -0.053, -0.089
2011, 9, 0.040, , -0.072, -0.054, -0.090
2011, 10, -0.071, , -0.072, -0.054, -0.090
2011, 11, -0.180, , -0.072, -0.054, -0.090
2011, 12, -0.214, , -0.072, -0.054, -0.090
2012, 1, , , -0.072, -0.054, -0.091
2012, 2, -0.072, , -0.073, -0.054, -0.091
2012, 3, -0.091, , -0.073, -0.055, -0.091
2012, 4, -0.084, , -0.073, -0.055, -0.092
2012, 5, -0.036, , -0.073, -0.055, -0.092
2012, 6, -0.057, , -0.074, -0.055, -0.092
2012, 7, -0.057, , -0.074, -0.055, -0.092
2012, 8, -0.106, , -0.074, -0.055, -0.093
2012, 9, 0.017, , -0.074, -0.056, -0.093
2012, 10, -0.237, , -0.074, -0.056, -0.093
2012, 11, -0.091, , -0.075, -0.056, -0.093
2012, 12, -0.074, , -0.075, -0.056, -0.094
2013, 1, -0.145, , -0.075, -0.056, -0.094
2013, 2, -0.114, , -0.075, -0.056, -0.094
2013, 3, -0.231, , -0.076, -0.057, -0.094
2013, 4, -0.229, , -0.076, -0.057, -0.095
2013, 5, -0.186, , -0.076, -0.057, -0.095
2013, 6, -0.168, , -0.076, -0.057, -0.095
2013, 7, -0.166, , -0.076, -0.057, -0.096
2013, 8, -0.075, , -0.077, -0.057, -0.096
2013, 9, 0.019, , -0.077, -0.058, -0.096
2013, 10, -0.134, , -0.077, -0.058, -0.096
2013, 11, -0.241, , -0.077, -0.058, -0.097
2013, 12, -0.346, , -0.077, -0.058, -0.097
2014, 1, -0.098, , -0.078, -0.058, -0.097
2014, 2, -0.185, , -0.078, -0.058, -0.097
2014, 3, -0.115, , -0.078, -0.059, -0.098
2014, 4, -0.078, , -0.078, -0.059, -0.098
2014, 5, -0.117, , -0.079, -0.059, -0.098
2014, 6, -0.061, , -0.079, -0.059, -0.098
2014, 7, -0.037, , -0.079, -0.059, -0.099
2014, 8, 0.001, , -0.079, -0.059, -0.099
2014, 9, -0.049, , -0.079, -0.060, -0.099
2014, 10, -0.015, , -0.080, -0.060, -0.100
2014, 11, -0.089, , -0.080, -0.060, -0.100
2014, 12, 0.025, , -0.080, -0.060, -0.100
2015, 1, -0.067, , -0.080, -0.060, -0.100
2015, 2, -0.128, , -0.081, -0.060, -0.101
2015, 3, -0.128, , -0.081, -0.061, -0.101
2015, 4, 0.032, , -0.081, -0.061, -0.101
2015, 5, -0.155, , -0.081, -0.061, -0.101
2015, 6, -0.081, , -0.081, -0.061, -0.102
2015, 7, -0.030, , -0.082, -0.061, -0.102
2015, 8, -0.081, , -0.082, -0.061, -0.102
2015, 9, -0.047, , -0.082, -0.062, -0.102
2015, 10, -0.041, , -0.082, -0.062, -0.103
2015, 11, -0.125, , -0.083, -0.062, -0.103
2015, 12, 0.063, , -0.083, -0.062, -0.103
2016, 1, 0.177, , -0.083, -0.062, -0.104
2016, 2, 0.104, , -0.083, -0.062, -0.104
2016, 3, 0.085, , -0.083, -0.063, -0.104
2016, 4, -0.023, , -0.084, -0.063, -0.104
2016, 5, -0.129, , -0.084, -0.063, -0.105
2016, 6, -0.071, , -0.084, -0.063, -0.105
2016, 7, -0.069, , -0.084, -0.063, -0.105
2016, 8, -0.107, , -0.084, -0.063, -0.105
2016, 9, -0.099, , -0.085, -0.064, -0.106
2016, 10, -0.133, , -0.085, -0.064, -0.106
2016, 11, 0.088, , -0.085, -0.064, -0.106
2016, 12, , , -0.085, -0.064, -0.107
2017, 1, , , -0.086, -0.064, -0.107
2017, 2, , , -0.086, -0.064, -0.107
2017, 3, , , -0.086, -0.065, -0.107
2017, 4, , , -0.086, -0.065, -0.108
2017, 5, , , -0.086, -0.065, -0.108
2017, 6, , , -0.087, -0.065, -0.108
2017, 7, , , -0.087, -0.065, -0.108
2017, 8, , , -0.087, -0.065, -0.109
2017, 9, , , -0.087, -0.066, -0.109
2017, 10, , , -0.088, -0.066, -0.109
2017, 11, , , -0.088, -0.066, -0.109
2017, 12, , , -0.088, -0.066, -0.110
2018, 1, , , -0.088, -0.066, -0.110
2018, 2, , , -0.088, -0.066, -0.110
2018, 3, , , -0.089, -0.067, -0.111
2018, 4, , , -0.089, -0.067, -0.111
2018, 5, , , -0.089, -0.067, -0.111
2018, 6, , , -0.089, -0.067, -0.111
2018, 7, , , -0.089, -0.067, -0.112
2018, 8, , , -0.090, -0.067, -0.112
2018, 9, , , -0.090, -0.068, -0.112
2018, 10, , , -0.090, -0.068, -0.112
2018, 11, , , -0.090, -0.068, -0.113
2018, 12, , , -0.091, -0.068, -0.113
2019, 1, , , -0.091, -0.068, -0.113
2019, 2, , , -0.091, -0.068, -0.114
2019, 3, , , -0.091, -0.069, -0.114
2019, 4, , , -0.091, -0.069, -0.114
2019, 5, , , -0.092, -0.069, -0.114
2019, 6, , , -0.092, -0.069, -0.115
2019, 7, , , -0.092, -0.069, -0.115
2019, 8, , , -0.092, -0.069, -0.115
2019, 9, , , -0.093, -0.070, -0.115
2019, 10, , , -0.093, -0.070, -0.116
2019, 11, , , -0.093, -0.070, -0.116
2019, 12, , , -0.093, -0.070, -0.116
2020, 1, , , -0.093, -0.070, -0.116
2020, 2, , , -0.094, -0.070, -0.117
2020, 3, , , -0.094, -0.071, -0.117
2020, 4, , , -0.094, -0.071, -0.117
2020, 5, , , -0.094, -0.071, -0.118
2020, 6, , , -0.094, -0.071, -0.118
2020, 7, , , -0.095, -0.071, -0.118
2020, 8, , , -0.095, -0.071, -0.118
2020, 9, , , -0.095, -0.072, -0.119
2020, 10, , , -0.095, -0.072, -0.119
2020, 11, , , -0.096, -0.072, -0.119
2020, 12, , , -0.096, -0.072, -0.119
