Year, Month, Monthly_MSL, Unverified, Linear_Trend, High_Conf., Low_Conf.
1900, 1, , , 0.259, 0.360, 0.158
1900, 2, , , 0.259, 0.359, 0.158
1900, 3, , , 0.258, 0.359, 0.158
1900, 4, , , 0.258, 0.359, 0.158
1900, 5, , , 0.258, 0.359, 0.158
1900, 6, , , 0.258, 0.358, 0.158
1900, 7, , , 0.258, 0.358, 0.158
1900, 8, , , 0.258, 0.358, 0.158
1900, 9, , , 0.258, 0.358, 0.159
1900, 10, , , 0.258, 0.358, 0.159
1900, 11, , , 0.258, 0.357, 0.159
1900, 12, , , 0.258, 0.357, 0.159
1901, 1, , , 0.258, 0.357, 0.159
1901, 2, , , 0.258, 0.357, 0.159
1901, 3, , , 0.258, 0.356, 0.159
1901, 4, , , 0.258, 0.356, 0.159
1901, 5, , , 0.258, 0.356, 0.160
1901, 6, , , 0.258, 0.356, 0.160
1901, 7, , , 0.258, 0.355, 0.160
1901, 8, , , 0.258, 0.355, 0.160
1901, 9, , , 0.258, 0.355, 0.160
1901, 10, , , 0.258, 0.355, 0.160
1901, 11, , , 0.257, 0.355, 0.160
1901, 12, , , 0.257, 0.354, 0.161
1902, 1, , , 0.257, 0.354, 0.161
1902, 2, , , 0.257, 0.354, 0.161
1902, 3, , , 0.257, 0.354, 0.161
1902, 4, , , 0.257, 0.353, 0.161
1902, 5, , , 0.257, 0.353, 0.161
1902, 6, , , 0.257, 0.353, 0.161
1902, 7, , , 0.257, 0.353, 0.161
1902, 8, , , 0.257, 0.353, 0.162
1902, 9, , , 0.257, 0.352, 0.162
1902, 10, , , 0.257, 0.352, 0.162
1902, 11, , , 0.257, 0.352, 0.162
1902, 12, , , 0.257, 0.352, 0.162
1903, 1, , , 0.257, 0.351, 0.162
1903, 2, , , 0.257, 0.351, 0.162
1903, 3, , , 0.257, 0.351, 0.162
1903, 4, , , 0.257, 0.351, 0.163
1903, 5, , , 0.257, 0.351, 0.163
1903, 6, , , 0.257, 0.350, 0.163
1903, 7, , , 0.256, 0.350, 0.163
1903, 8, , , 0.256, 0.350, 0.163
1903, 9, , , 0.256, 0.350, 0.163
1903, 10, , , 0.256, 0.349, 0.163
1903, 11, , , 0.256, 0.349, 0.163
1903, 12, , , 0.256, 0.349, 0.164
1904, 1, , , 0.256, 0.349, 0.164
1904, 2, , , 0.256, 0.348, 0.164
1904, 3, , , 0.256, 0.348, 0.164
1904, 4, , , 0.256, 0.348, 0.164
1904, 5, , , 0.256, 0.348, 0.164
1904, 6, , , 0.256, 0.348, 0.164
1904, 7, , , 0.256, 0.347, 0.164
1904, 8, , , 0.256, 0.347, 0.165
1904, 9, , , 0.256, 0.347, 0.165
1904, 10, , , 0.256, 0.347, 0.165
1904, 11, , , 0.256, 0.346, 0.165
1904, 12, , , 0.256, 0.346, 0.165
1905, 1, , , 0.256, 0.346, 0.165
1905, 2, , , 0.256, 0.346, 0.165
1905, 3, , , 0.255, 0.346, 0.165
1905, 4, , , 0.255, 0.345, 0.166
1905, 5, , , 0.255, 0.345, 0.166
1905, 6, , , 0.255, 0.345, 0.166
1905, 7, , , 0.255, 0.345, 0.166
1905, 8, , , 0.255, 0.344, 0.166
1905, 9, , , 0.255, 0.344, 0.166
1905, 10, , , 0.255, 0.344, 0.166
1905, 11, , , 0.255, 0.344, 0.166
1905, 12, , , 0.255, 0.344, 0.167
1906, 1, , , 0.255, 0.343, 0.167
1906, 2, , , 0.255, 0.343, 0.167
1906, 3, , , 0.255, 0.343, 0.167
1906, 4, , , 0.255, 0.343, 0.167
1906, 5, , , 0.255, 0.342, 0.167
1906, 6, , , 0.255, 0.342, 0.167
1906, 7, , , 0.255, 0.342, 0.167
1906, 8, , , 0.255, 0.342, 0.168
1906, 9, , , 0.255, 0.341, 0.168
1906, 10, , , 0.255, 0.341, 0.168
1906, 11, , , 0.254, 0.341, 0.168
1906, 12, , , 0.254, 0.341, 0.168
1907, 1, , , 0.254, 0.341, 0.168
1907, 2, , , 0.254, 0.340, 0.168
1907, 3, , , 0.254, 0.340, 0.168
1907, 4, , , 0.254, 0.340, 0.169
1907, 5, , , 0.254, 0.340, 0.169
1907, 6, , , 0.254, 0.339, 0.169
1907, 7, , , 0.254, 0.339, 0.169
1907, 8, , , 0.254, 0.339, 0.169
1907, 9, , , 0.254, 0.339, 0.169
1907, 10, , , 0.254, 0.339, 0.169
1907, 11, , , 0.254, 0.338, 0.169
1907, 12, , , 0.254, 0.338, 0.170
1908, 1, , , 0.254, 0.338, 0.170
1908, 2, , , 0.254, 0.338, 0.170
1908, 3, , , 0.254, 0.337, 0.170
1908, 4, , , 0.254, 0.337, 0.170
1908, 5, , , 0.254, 0.337, 0.170
1908, 6, , , 0.254, 0.337, 0.170
1908, 7, , , 0.253, 0.337, 0.170
1908, 8, , , 0.253, 0.336, 0.171
1908, 9, , , 0.253, 0.336, 0.171
1908, 10, , , 0.253, 0.336, 0.171
1908, 11, , , 0.253, 0.336, 0.171
1908, 12, , , 0.253, 0.335, 0.171
1909, 1, , , 0.253, 0.335, 0.171
1909, 2, , , 0.253, 0.335, 0.171
1909, 3, , , 0.253, 0.335, 0.171
1909, 4, , , 0.253, 0.334, 0.172
1909, 5, , , 0.253, 0.334, 0.172
1909, 6, , , 0.253, 0.334, 0.172
1909, 7, , , 0.253, 0.334, 0.172
1909, 8, , , 0.253, 0.334, 0.172
1909, 9, , , 0.253, 0.333, 0.172
1909, 10, , , 0.253, 0.333, 0.172
1909, 11, , , 0.253, 0.333, 0.172
1909, 12, , , 0.253, 0.333, 0.173
1910, 1, , , 0.253, 0.332, 0.173
1910, 2, , , 0.253, 0.332, 0.173
1910, 3, , , 0.253, 0.332, 0.173
1910, 4, , , 0.252, 0.332, 0.173
1910, 5, , , 0.252, 0.332, 0.173
1910, 6, , , 0.252, 0.331, 0.173
1910, 7, , , 0.252, 0.331, 0.174
1910, 8, , , 0.252, 0.331, 0.174
1910, 9, , , 0.252, 0.331, 0.174
1910, 10, , , 0.252, 0.330, 0.174
1910, 11, , , 0.252, 0.330, 0.174
1910, 12, , , 0.252, 0.330, 0.174
1911, 1, , , 0.252, 0.330, 0.174
1911, 2, , , 0.252, 0.330, 0.174
1911, 3, , , 0.252, 0.329, 0.175
1911, 4, , , 0.252, 0.329, 0.175
1911, 5, , , 0.252, 0.329, 0.175
1911, 6, , , 0.252, 0.329, 0.175
1911, 7, , , 0.252, 0.328, 0.175
1911, 8, , , 0.252, 0.328, 0.175
1911, 9, , , 0.252, 0.328, 0.175
1911, 10, , , 0.252, 0.328, 0.175
1911, 11, , , 0.252, 0.328, 0.176
1911, 12, , , 0.251, 0.327, 0.176
1912, 1, , , 0.251, 0.327, 0.176
1912, 2, , , 0.251, 0.327, 0.176
1912, 3, , , 0.251, 0.327, 0.176
1912, 4, , , 0.251, 0.326, 0.176
1912, 5, , , 0.251, 0.326, 0.176
1912, 6, , , 0.251, 0.326, 0.176
1912, 7, , , 0.251, 0.326, 0.177
1912, 8, , , 0.251, 0.325, 0.177
1912, 9, , , 0.251, 0.325, 0.177
1912, 10, , , 0.251, 0.325, 0.177
1912, 11, , , 0.251, 0.325, 0.177
1912, 12, , , 0.251, 0.325, 0.177
1913, 1, , , 0.251, 0.324, 0.177
1913, 2, , , 0.251, 0.324, 0.177
1913, 3, , , 0.251, 0.324, 0.178
1913, 4, , , 0.251, 0.324, 0.178
1913, 5, , , 0.251, 0.323, 0.178
1913, 6, , , 0.251, 0.323, 0.178
1913, 7, , , 0.251, 0.323, 0.178
1913, 8, , , 0.250, 0.323, 0.178
1913, 9, , , 0.250, 0.323, 0.178
1913, 10, , , 0.250, 0.322, 0.178
1913, 11, , , 0.250, 0.322, 0.179
1913, 12, , , 0.250, 0.322, 0.179
1914, 1, , , 0.250, 0.322, 0.179
1914, 2, , , 0.250, 0.321, 0.179
1914, 3, , , 0.250, 0.321, 0.179
1914, 4, , , 0.250, 0.321, 0.179
1914, 5, , , 0.250, 0.321, 0.179
1914, 6, , , 0.250, 0.321, 0.179
1914, 7, , , 0.250, 0.320, 0.180
1914, 8, , , 0.250, 0.320, 0.180
1914, 9, , , 0.250, 0.320, 0.180
1914, 10, , , 0.250, 0.320, 0.180
1914, 11, , , 0.250, 0.319, 0.180
1914, 12, , , 0.250, 0.319, 0.180
1915, 1, , , 0.250, 0.319, 0.180
1915, 2, , , 0.250, 0.319, 0.180
1915, 3, , , 0.250, 0.319, 0.180
1915, 4, , , 0.249, 0.318, 0.181
1915, 5, , , 0.249, 0.318, 0.181
1915, 6, , , 0.249, 0.318, 0.181
1915, 7, , , 0.249, 0.318, 0.181
1915, 8, , , 0.249, 0.317, 0.181
1915, 9, , , 0.249, 0.317, 0.181
1915, 10, , , 0.249, 0.317, 0.181
1915, 11, , , 0.249, 0.317, 0.181
1915, 12, , , 0.249, 0.317, 0.182
1916, 1, , , 0.249, 0.316, 0.182
1916, 2, , , 0.249, 0.316, 0.182
1916, 3, , , 0.249, 0.316, 0.182
1916, 4, , , 0.249, 0.316, 0.182
1916, 5, , , 0.249, 0.315, 0.182
1916, 6, , , 0.249, 0.315, 0.182
1916, 7, , , 0.249, 0.315, 0.182
1916, 8, , , 0.249, 0.315, 0.183
1916, 9, , , 0.249, 0.315, 0.183
1916, 10, , , 0.249, 0.314, 0.183
1916, 11, , , 0.249, 0.314, 0.183
1916, 12, , , 0.248, 0.314, 0.183
1917, 1, , , 0.248, 0.314, 0.183
1917, 2, , , 0.248, 0.313, 0.183
1917, 3, , , 0.248, 0.313, 0.183
1917, 4, , , 0.248, 0.313, 0.184
1917, 5, , , 0.248, 0.313, 0.184
1917, 6, , , 0.248, 0.313, 0.184
1917, 7, , , 0.248, 0.312, 0.184
1917, 8, , , 0.248, 0.312, 0.184
1917, 9, , , 0.248, 0.312, 0.184
1917, 10, , , 0.248, 0.312, 0.184
1917, 11, , , 0.248, 0.311, 0.184
1917, 12, , , 0.248, 0.311, 0.185
1918, 1, , , 0.248, 0.311, 0.185
1918, 2, , , 0.248, 0.311, 0.185
1918, 3, , , 0.248, 0.311, 0.185
1918, 4, , , 0.248, 0.310, 0.185
1918, 5, , , 0.248, 0.310, 0.185
1918, 6, , , 0.248, 0.310, 0.185
1918, 7, , , 0.248, 0.310, 0.185
1918, 8, , , 0.247, 0.309, 0.186
1918, 9, , , 0.247, 0.309, 0.186
1918, 10, , , 0.247, 0.309, 0.186
1918, 11, , , 0.247, 0.309, 0.186
1918, 12, , , 0.247, 0.309, 0.186
1919, 1, , , 0.247, 0.308, 0.186
1919, 2, , , 0.247, 0.308, 0.186
1919, 3, , , 0.247, 0.308, 0.186
1919, 4, , , 0.247, 0.308, 0.187
1919, 5, , , 0.247, 0.307, 0.187
1919, 6, , , 0.247, 0.307, 0.187
1919, 7, , , 0.247, 0.307, 0.187
1919, 8, , , 0.247, 0.307, 0.187
1919, 9, , , 0.247, 0.307, 0.187
1919, 10, , , 0.247, 0.306, 0.187
1919, 11, , , 0.247, 0.306, 0.187
1919, 12, , , 0.247, 0.306, 0.188
1920, 1, , , 0.247, 0.306, 0.188
1920, 2, , , 0.247, 0.305, 0.188
1920, 3, , , 0.247, 0.305, 0.188
1920, 4, , , 0.246, 0.305, 0.188
1920, 5, , , 0.246, 0.305, 0.188
1920, 6, , , 0.246, 0.305, 0.188
1920, 7, , , 0.246, 0.304, 0.188
1920, 8, , , 0.246, 0.304, 0.189
1920, 9, , , 0.246, 0.304, 0.189
1920, 10, , , 0.246, 0.304, 0.189
1920, 11, , , 0.246, 0.303, 0.189
1920, 12, , , 0.246, 0.303, 0.189
1921, 1, , , 0.246, 0.303, 0.189
1921, 2, , , 0.246, 0.303, 0.189
1921, 3, , , 0.246, 0.303, 0.189
1921, 4, , , 0.246, 0.302, 0.189
1921, 5, , , 0.246, 0.302, 0.190
1921, 6, , , 0.246, 0.302, 0.190
1921, 7, , , 0.246, 0.302, 0.190
1921, 8, , , 0.246, 0.301, 0.190
1921, 9, , , 0.246, 0.301, 0.190
1921, 10, , , 0.246, 0.301, 0.190
1921, 11, , , 0.246, 0.301, 0.190
1921, 12, , , 0.245, 0.301, 0.190
1922, 1, , , 0.245, 0.300, 0.191
1922, 2, , , 0.245, 0.300, 0.191
1922, 3, , , 0.245, 0.300, 0.191
1922, 4, , , 0.245, 0.300, 0.191
1922, 5, , , 0.245, 0.299, 0.191
1922, 6, , , 0.245, 0.299, 0.191
1922, 7, , , 0.245, 0.299, 0.191
1922, 8, , , 0.245, 0.299, 0.191
1922, 9, , , 0.245, 0.299, 0.192
1922, 10, , , 0.245, 0.298, 0.192
1922, 11, , , 0.245, 0.298, 0.192
1922, 12, , , 0.245, 0.298, 0.192
1923, 1, , , 0.245, 0.298, 0.192
1923, 2, , , 0.245, 0.297, 0.192
1923, 3, , , 0.245, 0.297, 0.192
1923, 4, , , 0.245, 0.297, 0.192
1923, 5, , , 0.245, 0.297, 0.193
1923, 6, , , 0.245, 0.297, 0.193
1923, 7, , , 0.245, 0.296, 0.193
1923, 8, , , 0.244, 0.296, 0.193
1923, 9, , , 0.244, 0.296, 0.193
1923, 10, , , 0.244, 0.296, 0.193
1923, 11, , , 0.244, 0.295, 0.193
1923, 12, , , 0.244, 0.295, 0.193
1924, 1, , , 0.244, 0.295, 0.193
1924, 2, , , 0.244, 0.295, 0.194
1924, 3, , , 0.244, 0.295, 0.194
1924, 4, , , 0.244, 0.294, 0.194
1924, 5, , , 0.244, 0.294, 0.194
1924, 6, , , 0.244, 0.294, 0.194
1924, 7, , , 0.244, 0.294, 0.194
1924, 8, , , 0.244, 0.293, 0.194
1924, 9, , , 0.244, 0.293, 0.194
1924, 10, , , 0.244, 0.293, 0.195
1924, 11, , , 0.244, 0.293, 0.195
1924, 12, , , 0.244, 0.293, 0.195
1925, 1, , , 0.244, 0.292, 0.195
1925, 2, , , 0.244, 0.292, 0.195
1925, 3, , , 0.244, 0.292, 0.195
1925, 4, , , 0.243, 0.292, 0.195
1925, 5, , , 0.243, 0.292, 0.195
1925, 6, , , 0.243, 0.291, 0.195
1925, 7, , , 0.243, 0.291, 0.196
1925, 8, , , 0.243, 0.291, 0.196
1925, 9, , , 0.243, 0.291, 0.196
1925, 10, , , 0.243, 0.290, 0.196
1925, 11, , , 0.243, 0.290, 0.196
1925, 12, , , 0.243, 0.290, 0.196
1926, 1, , , 0.243, 0.290, 0.196
1926, 2, , , 0.243, 0.290, 0.196
1926, 3, , , 0.243, 0.289, 0.197
1926, 4, , , 0.243, 0.289, 0.197
1926, 5, , , 0.243, 0.289, 0.197
1926, 6, , , 0.243, 0.289, 0.197
1926, 7, , , 0.243, 0.288, 0.197
1926, 8, , , 0.243, 0.288, 0.197
1926, 9, , , 0.243, 0.288, 0.197
1926, 10, , , 0.243, 0.288, 0.197
1926, 11, , , 0.243, 0.288, 0.197
1926, 12, , , 0.243, 0.287, 0.198
1927, 1, , , 0.242, 0.287, 0.198
1927, 2, , , 0.242, 0.287, 0.198
1927, 3, , , 0.242, 0.287, 0.198
1927, 4, , , 0.242, 0.287, 0.198
1927, 5, , , 0.242, 0.286, 0.198
1927, 6, , , 0.242, 0.286, 0.198
1927, 7, , , 0.242, 0.286, 0.198
1927, 8, , , 0.242, 0.286, 0.199
1927, 9, , , 0.242, 0.285, 0.199
1927, 10, , , 0.242, 0.285, 0.199
1927, 11, , , 0.242, 0.285, 0.199
1927, 12, , , 0.242, 0.285, 0.199
1928, 1, , , 0.242, 0.285, 0.199
1928, 2, , , 0.242, 0.284, 0.199
1928, 3, , , 0.242, 0.284, 0.199
1928, 4, , , 0.242, 0.284, 0.199
1928, 5, , , 0.242, 0.284, 0.200
1928, 6, , , 0.242, 0.284, 0.200
1928, 7, , , 0.242, 0.283, 0.200
1928, 8, , , 0.242, 0.283, 0.200
1928, 9, , , 0.241, 0.283, 0.200
1928, 10, , , 0.241, 0.283, 0.200
1928, 11, , , 0.241, 0.282, 0.200
1928, 12, , , 0.241, 0.282, 0.200
1929, 1, , , 0.241, 0.282, 0.201
1929, 2, , , 0.241, 0.282, 0.201
1929, 3, , , 0.241, 0.282, 0.201
1929, 4, , , 0.241, 0.281, 0.201
1929, 5, , , 0.241, 0.281, 0.201
1929, 6, , , 0.241, 0.281, 0.201
1929, 7, , , 0.241, 0.281, 0.201
1929, 8, , , 0.241, 0.281, 0.201
1929, 9, , , 0.241, 0.280, 0.201
1929, 10, , , 0.241, 0.280, 0.202
1929, 11, , , 0.241, 0.280, 0.202
1929, 12, , , 0.241, 0.280, 0.202
1930, 1, , , 0.241, 0.279, 0.202
1930, 2, , , 0.241, 0.279, 0.202
1930, 3, , , 0.241, 0.279, 0.202
1930, 4, , , 0.241, 0.279, 0.202
1930, 5, , , 0.240, 0.279, 0.202
1930, 6, , , 0.240, 0.278, 0.202
1930, 7, , , 0.240, 0.278, 0.203
1930, 8, , , 0.240, 0.278, 0.203
1930, 9, , , 0.240, 0.278, 0.203
1930, 10, , , 0.240, 0.278, 0.203
1930, 11, , , 0.240, 0.277, 0.203
1930, 12, , , 0.240, 0.277, 0.203
1931, 1, , , 0.240, 0.277, 0.203
1931, 2, , , 0.240, 0.277, 0.203
1931, 3, , , 0.240, 0.277, 0.203
1931, 4, , , 0.240, 0.276, 0.204
1931, 5, , , 0.240, 0.276, 0.204
1931, 6, , , 0.240, 0.276, 0.204
1931, 7, , , 0.240, 0.276, 0.204
1931, 8, , , 0.240, 0.275, 0.204
1931, 9, , , 0.240, 0.275, 0.204
1931, 10, , , 0.240, 0.275, 0.204
1931, 11, , , 0.240, 0.275, 0.204
1931, 12, , , 0.240, 0.275, 0.204
1932, 1, , , 0.239, 0.274, 0.205
1932, 2, , , 0.239, 0.274, 0.205
1932, 3, , , 0.239, 0.274, 0.205
1932, 4, , , 0.239, 0.274, 0.205
1932, 5, , , 0.239, 0.274, 0.205
1932, 6, , , 0.239, 0.273, 0.205
1932, 7, , , 0.239, 0.273, 0.205
1932, 8, , , 0.239, 0.273, 0.205
1932, 9, , , 0.239, 0.273, 0.205
1932, 10, , , 0.239, 0.273, 0.205
1932, 11, , , 0.239, 0.272, 0.206
1932, 12, , , 0.239, 0.272, 0.206
1933, 1, , , 0.239, 0.272, 0.206
1933, 2, , , 0.239, 0.272, 0.206
1933, 3, , , 0.239, 0.272, 0.206
1933, 4, , , 0.239, 0.271, 0.206
1933, 5, , , 0.239, 0.271, 0.206
1933, 6, , , 0.239, 0.271, 0.206
1933, 7, , , 0.239, 0.271, 0.206
1933, 8, , , 0.239, 0.271, 0.207
1933, 9, , , 0.238, 0.270, 0.207
1933, 10, , , 0.238, 0.270, 0.207
1933, 11, , , 0.238, 0.270, 0.207
1933, 12, , , 0.238, 0.270, 0.207
1934, 1, 0.302, U, 0.238, 0.269, 0.207
1934, 2, 0.281, U, 0.238, 0.269, 0.207
1934, 3, 0.211, U, 0.238, 0.269, 0.207
1934, 4, 0.300, U, 0.238, 0.269, 0.207
1934, 5, 0.379, U, 0.238, 0.269, 0.207
1934, 6, 0.222, U, 0.238, 0.268, 0.208
1934, 7, 0.178, U, 0.238, 0.268, 0.208
1934, 8, 0.194, U, 0.238, 0.268, 0.208
1934, 9, 0.231, U, 0.238, 0.268, 0.208
1934, 10, 0.202, U, 0.238, 0.268, 0.208
1934, 11, 0.255, U, 0.238, 0.267, 0.208
1934, 12, 0.245, U, 0.238, 0.267, 0.208
1935, 1, 0.180, U, 0.238, 0.267, 0.208
1935, 2, 0.268, U, 0.238, 0.267, 0.208
1935, 3, 0.193, U, 0.238, 0.267, 0.208
1935, 4, 0.196, U, 0.238, 0.266, 0.209
1935, 5, 0.267, U, 0.237, 0.266, 0.209
1935, 6, 0.249, U, 0.237, 0.266, 0.209
1935, 7, 0.257, U, 0.237, 0.266, 0.209
1935, 8, 0.219, U, 0.237, 0.266, 0.209
1935, 9, 0.234, U, 0.237, 0.266, 0.209
1935, 10, 0.089, U, 0.237, 0.265, 0.209
1935, 11, 0.167, U, 0.237, 0.265, 0.209
1935, 12, 0.330, U, 0.237, 0.265, 0.209
1936, 1, 0.348, U, 0.237, 0.265, 0.209
1936, 2, 0.250, U, 0.237, 0.265, 0.210
1936, 3, 0.199, U, 0.237, 0.264, 0.210
1936, 4, 0.196, U, 0.237, 0.264, 0.210
1936, 5, 0.331, U, 0.237, 0.264, 0.210
1936, 6, 0.179, U, 0.237, 0.264, 0.210
1936, 7, 0.187, U, 0.237, 0.264, 0.210
1936, 8, 0.222, U, 0.237, 0.263, 0.210
1936, 9, 0.203, U, 0.237, 0.263, 0.210
1936, 10, 0.284, U, 0.237, 0.263, 0.210
1936, 11, 0.276, U, 0.237, 0.263, 0.210
1936, 12, 0.168, U, 0.237, 0.263, 0.210
1937, 1, -0.073, U, 0.236, 0.262, 0.211
1937, 2, 0.055, U, 0.236, 0.262, 0.211
1937, 3, 0.199, U, 0.236, 0.262, 0.211
1937, 4, 0.215, U, 0.236, 0.262, 0.211
1937, 5, 0.324, U, 0.236, 0.262, 0.211
1937, 6, 0.277, U, 0.236, 0.261, 0.211
1937, 7, 0.291, U, 0.236, 0.261, 0.211
1937, 8, 0.179, U, 0.236, 0.261, 0.211
1937, 9, 0.221, U, 0.236, 0.261, 0.211
1937, 10, 0.369, U, 0.236, 0.261, 0.211
1937, 11, 0.243, U, 0.236, 0.261, 0.211
1937, 12, 0.266, U, 0.236, 0.260, 0.211
1938, 1, 0.260, U, 0.236, 0.260, 0.212
1938, 2, 0.226, U, 0.236, 0.260, 0.212
1938, 3, 0.309, U, 0.236, 0.260, 0.212
1938, 4, 0.346, U, 0.236, 0.260, 0.212
1938, 5, 0.303, U, 0.236, 0.259, 0.212
1938, 6, 0.292, U, 0.236, 0.259, 0.212
1938, 7, 0.221, U, 0.236, 0.259, 0.212
1938, 8, 0.188, U, 0.236, 0.259, 0.212
1938, 9, 0.264, U, 0.235, 0.259, 0.212
1938, 10, 0.333, U, 0.235, 0.259, 0.212
1938, 11, 0.237, U, 0.235, 0.258, 0.212
1938, 12, 0.293, U, 0.235, 0.258, 0.212
1939, 1, 0.241, U, 0.235, 0.258, 0.213
1939, 2, 0.235, U, 0.235, 0.258, 0.213
1939, 3, 0.123, U, 0.235, 0.258, 0.213
1939, 4, 0.175, U, 0.235, 0.258, 0.213
1939, 5, 0.169, U, 0.235, 0.257, 0.213
1939, 6, 0.204, U, 0.235, 0.257, 0.213
1939, 7, 0.278, U, 0.235, 0.257, 0.213
1939, 8, 0.267, U, 0.235, 0.257, 0.213
1939, 9, 0.228, U, 0.235, 0.257, 0.213
1939, 10, 0.263, U, 0.235, 0.257, 0.213
1939, 11, 0.234, U, 0.235, 0.256, 0.213
1939, 12, 0.263, U, 0.235, 0.256, 0.213
1940, 1, , , 0.235, 0.256, 0.213
1940, 2, , , 0.235, 0.256, 0.213
1940, 3, , , 0.235, 0.256, 0.213
1940, 4, , , 0.235, 0.256, 0.214
1940, 5, , , 0.234, 0.255, 0.214
1940, 6, , , 0.234, 0.255, 0.214
1940, 7, , , 0.234, 0.255, 0.214
1940, 8, , , 0.234, 0.255, 0.214
1940, 9, , , 0.234, 0.255, 0.214
1940, 10, , , 0.234, 0.255, 0.214
1940, 11, , , 0.234, 0.254, 0.214
1940, 12, , , 0.234, 0.254, 0.214
1941, 1, , , 0.234, 0.254, 0.214
1941, 2, , , 0.234, 0.254, 0.214
1941, 3, , , 0.234, 0.254, 0.214
1941, 4, , , 0.234, 0.254, 0.214
1941, 5, , , 0.234, 0.254, 0.214
1941, 6, , , 0.234, 0.253, 0.214
1941, 7, , , 0.234, 0.253, 0.214
1941, 8, , , 0.234, 0.253, 0.214
1941, 9, , , 0.234, 0.253, 0.214
1941, 10, , , 0.234, 0.253, 0.214
1941, 11, , , 0.234, 0.253, 0.215
1941, 12, , , 0.234, 0.253, 0.215
1942, 1, , , 0.233, 0.252, 0.215
1942, 2, , , 0.233, 0.252, 0.215
1942, 3, , , 0.233, 0.252, 0.215
1942, 4, , , 0.233, 0.252, 0.215
1942, 5, , , 0.233, 0.252, 0.215
1942, 6, , , 0.233, 0.252, 0.215
1942, 7, , , 0.233, 0.252, 0.215
1942, 8, , , 0.233, 0.251, 0.215
1942, 9, , , 0.233, 0.251, 0.215
1942, 10, , , 0.233, 0.251, 0.215
1942, 11, , , 0.233, 0.251, 0.215
1942, 12, , , 0.233, 0.251, 0.215
1943, 1, , , 0.233, 0.251, 0.215
1943, 2, , , 0.233, 0.251, 0.215
1943, 3, , , 0.233, 0.251, 0.215
1943, 4, , , 0.233, 0.250, 0.215
1943, 5, , , 0.233, 0.250, 0.215
1943, 6, , , 0.233, 0.250, 0.215
1943, 7, , , 0.233, 0.250, 0.215
1943, 8, , , 0.233, 0.250, 0.215
1943, 9, , , 0.233, 0.250, 0.215
1943, 10, , , 0.232, 0.250, 0.215
1943, 11, , , 0.232, 0.250, 0.215
1943, 12, , , 0.232, 0.250, 0.215
1944, 1, , , 0.232, 0.249, 0.215
1944, 2, , , 0.232, 0.249, 0.215
1944, 3, , , 0.232, 0.249, 0.215
1944, 4, , , 0.232, 0.249, 0.215
1944, 5, , , 0.232, 0.249, 0.215
1944, 6, , , 0.232, 0.249, 0.215
1944, 7, , , 0.232, 0.249, 0.215
1944, 8, , , 0.232, 0.249, 0.215
1944, 9, , , 0.232, 0.249, 0.215
1944, 10, , , 0.232, 0.249, 0.215
1944, 11, , , 0.232, 0.249, 0.215
1944, 12, , , 0.232, 0.248, 0.215
1945, 1, , , 0.232, 0.248, 0.215
1945, 2, , , 0.232, 0.248, 0.215
1945, 3, , , 0.232, 0.248, 0.215
1945, 4, , , 0.232, 0.248, 0.215
1945, 5, , , 0.232, 0.248, 0.215
1945, 6, , , 0.231, 0.248, 0.215
1945, 7, , , 0.231, 0.248, 0.215
1945, 8, , , 0.231, 0.248, 0.215
1945, 9, , , 0.231, 0.248, 0.215
1945, 10, , , 0.231, 0.248, 0.215
1945, 11, , , 0.231, 0.248, 0.215
1945, 12, , , 0.231, 0.248, 0.215
1946, 1, , , 0.231, 0.248, 0.215
1946, 2, , , 0.231, 0.247, 0.215
1946, 3, , , 0.231, 0.247, 0.215
1946, 4, , , 0.231, 0.247, 0.215
1946, 5, , , 0.231, 0.247, 0.215
1946, 6, , , 0.231, 0.247, 0.214
1946, 7, 0.254, U, 0.231, 0.247, 0.214
1946, 8, , , 0.231, 0.247, 0.214
1946, 9, , , 0.231, 0.247, 0.214
1946, 10, 0.205, U, 0.231, 0.247, 0.214
1946, 11, 0.069, U, 0.231, 0.247, 0.214
1946, 12, 0.104, U, 0.231, 0.247, 0.214
1947, 1, -0.006, U, 0.231, 0.247, 0.214
1947, 2, 0.299, U, 0.230, 0.247, 0.214
1947, 3, 0.229, U, 0.230, 0.247, 0.214
1947, 4, 0.300, U, 0.230, 0.247, 0.214
1947, 5, 0.318, U, 0.230, 0.247, 0.214
1947, 6, 0.289, U, 0.230, 0.247, 0.214
1947, 7, 0.260, U, 0.230, 0.247, 0.214
1947, 8, 0.191, U, 0.230, 0.247, 0.214
1947, 9, 0.188, U, 0.230, 0.247, 0.213
1947, 10, 0.278, U, 0.230, 0.247, 0.213
1947, 11, 0.343, U, 0.230, 0.247, 0.213
1947, 12, 0.242, U, 0.230, 0.247, 0.213
1948, 1, 0.293, U, 0.230, 0.247, 0.213
1948, 2, 0.140, U, 0.230, 0.247, 0.213
1948, 3, 0.175, U, 0.230, 0.247, 0.213
1948, 4, 0.023, U, 0.230, 0.247, 0.213
1948, 5, 0.257, U, 0.230, 0.247, 0.213
1948, 6, 0.289, U, 0.230, 0.247, 0.213
1948, 7, 0.260, U, 0.230, 0.247, 0.213
1948, 8, 0.170, U, 0.230, 0.247, 0.212
1948, 9, 0.167, U, 0.230, 0.247, 0.212
1948, 10, 0.260, U, 0.229, 0.247, 0.212
1948, 11, 0.224, U, 0.229, 0.247, 0.212
1948, 12, 0.126, U, 0.229, 0.247, 0.212
1949, 1, 0.110, U, 0.229, 0.247, 0.212
1949, 2, 0.140, U, 0.229, 0.247, 0.212
1949, 3, 0.358, U, 0.229, 0.247, 0.212
1949, 4, 0.315, U, 0.229, 0.247, 0.212
1949, 5, 0.257, U, 0.229, 0.247, 0.212
1949, 6, 0.219, U, 0.229, 0.247, 0.211
1949, 7, 0.218, U, 0.229, 0.247, 0.211
1949, 8, 0.225, U, 0.229, 0.247, 0.211
1949, 9, 0.261, U, 0.229, 0.247, 0.211
1949, 10, 0.183, U, 0.229, 0.247, 0.211
1949, 11, 0.295, U, 0.229, 0.247, 0.211
1949, 12, 0.117, U, 0.229, 0.247, 0.211
1950, 1, -0.045, U, 0.229, 0.247, 0.211
1950, 2, 0.140, U, 0.229, 0.247, 0.210
1950, 3, 0.376, U, 0.229, 0.247, 0.210
1950, 4, 0.272, U, 0.229, 0.247, 0.210
1950, 5, 0.285, U, 0.229, 0.247, 0.210
1950, 6, 0.222, U, 0.228, 0.247, 0.210
1950, 7, 0.269, U, 0.228, 0.247, 0.210
1950, 8, 0.264, U, 0.228, 0.247, 0.210
1950, 9, 0.316, U, 0.228, 0.247, 0.209
1950, 10, 0.299, U, 0.228, 0.247, 0.209
1950, 11, 0.066, U, 0.228, 0.247, 0.209
1950, 12, 0.229, U, 0.228, 0.247, 0.209
1951, 1, 0.177, U, 0.228, 0.247, 0.209
1951, 2, 0.220, U, 0.228, 0.247, 0.209
1951, 3, 0.135, U, 0.228, 0.247, 0.209
1951, 4, 0.285, U, 0.228, 0.247, 0.208
1951, 5, 0.300, U, 0.228, 0.248, 0.208
1951, 6, 0.316, U, 0.228, 0.248, 0.208
1951, 7, 0.221, U, 0.228, 0.248, 0.208
1951, 8, 0.277, U, 0.228, 0.248, 0.208
1951, 9, 0.255, U, 0.228, 0.248, 0.208
1951, 10, 0.299, U, 0.228, 0.248, 0.208
1951, 11, 0.289, U, 0.228, 0.248, 0.207
1951, 12, 0.153, U, 0.228, 0.248, 0.207
1952, 1, 0.162, U, 0.228, 0.248, 0.207
1952, 2, 0.290, U, 0.227, 0.248, 0.207
1952, 3, 0.187, U, 0.227, 0.248, 0.207
1952, 4, 0.248, U, 0.227, 0.248, 0.207
1952, 5, 0.206, U, 0.227, 0.248, 0.207
1952, 6, 0.237, U, 0.227, 0.248, 0.206
1952, 7, 0.239, U, 0.227, 0.248, 0.206
1952, 8, 0.225, U, 0.227, 0.248, 0.206
1952, 9, 0.228, U, 0.227, 0.248, 0.206
1952, 10, 0.339, U, 0.227, 0.248, 0.206
1952, 11, 0.334, U, 0.227, 0.249, 0.206
1952, 12, 0.351, U, 0.227, 0.249, 0.205
1953, 1, 0.394, U, 0.227, 0.249, 0.205
1953, 2, 0.403, U, 0.227, 0.249, 0.205
1953, 3, 0.190, U, 0.227, 0.249, 0.205
1953, 4, 0.343, U, 0.227, 0.249, 0.205
1953, 5, 0.331, U, 0.227, 0.249, 0.205
1953, 6, 0.167, U, 0.227, 0.249, 0.204
1953, 7, 0.245, U, 0.227, 0.249, 0.204
1953, 8, 0.258, U, 0.227, 0.249, 0.204
1953, 9, 0.218, U, 0.227, 0.249, 0.204
1953, 10, 0.287, U, 0.226, 0.249, 0.204
1953, 11, 0.383, U, 0.226, 0.249, 0.203
1953, 12, 0.339, U, 0.226, 0.249, 0.203
1954, 1, 0.147, U, 0.226, 0.250, 0.203
1954, 2, 0.259, U, 0.226, 0.250, 0.203
1954, 3, 0.108, U, 0.226, 0.250, 0.203
1954, 4, 0.129, U, 0.226, 0.250, 0.203
1954, 5, 0.233, U, 0.226, 0.250, 0.202
1954, 6, 0.289, U, 0.226, 0.250, 0.202
1954, 7, 0.233, U, 0.226, 0.250, 0.202
1954, 8, 0.231, U, 0.226, 0.250, 0.202
1954, 9, 0.203, U, 0.226, 0.250, 0.202
1954, 10, 0.345, U, 0.226, 0.250, 0.202
1954, 11, 0.380, U, 0.226, 0.250, 0.201
1954, 12, 0.184, U, 0.226, 0.250, 0.201
1955, 1, 0.348, U, 0.226, 0.251, 0.201
1955, 2, 0.113, U, 0.226, 0.251, 0.201
1955, 3, 0.172, U, 0.226, 0.251, 0.201
1955, 4, 0.224, U, 0.226, 0.251, 0.200
1955, 5, 0.331, U, 0.226, 0.251, 0.200
1955, 6, 0.200, U, 0.225, 0.251, 0.200
1955, 7, , , 0.225, 0.251, 0.200
1955, 8, , , 0.225, 0.251, 0.200
1955, 9, 0.187, , 0.225, 0.251, 0.199
1955, 10, 0.198, , 0.225, 0.251, 0.199
1955, 11, 0.202, U, 0.225, 0.251, 0.199
1955, 12, 0.125, U, 0.225, 0.251, 0.199
1956, 1, 0.134, , 0.225, 0.252, 0.199
1956, 2, 0.140, , 0.225, 0.252, 0.199
1956, 3, 0.214, , 0.225, 0.252, 0.198
1956, 4, 0.263, , 0.225, 0.252, 0.198
1956, 5, 0.312, , 0.225, 0.252, 0.198
1956, 6, 0.249, , 0.225, 0.252, 0.198
1956, 7, 0.205, , 0.225, 0.252, 0.198
1956, 8, 0.276, , 0.225, 0.252, 0.197
1956, 9, 0.199, , 0.225, 0.252, 0.197
1956, 10, 0.106, , 0.225, 0.252, 0.197
1956, 11, 0.178, , 0.225, 0.252, 0.197
1956, 12, 0.183, , 0.225, 0.253, 0.197
1957, 1, 0.100, , 0.225, 0.253, 0.196
1957, 2, 0.131, , 0.224, 0.253, 0.196
1957, 3, 0.323, , 0.227, 0.245, 0.208
1957, 4, 0.299, , 0.226, 0.245, 0.208
1957, 5, 0.345, , 0.226, 0.245, 0.207
1957, 6, 0.358, , 0.225, 0.244, 0.207
1957, 7, 0.308, , 0.225, 0.244, 0.206
1957, 8, 0.325, , 0.225, 0.243, 0.206
1957, 9, 0.385, , 0.224, 0.243, 0.206
1957, 10, 0.113, U, 0.224, 0.242, 0.205
1957, 11, 0.321, U, 0.223, 0.242, 0.205
1957, 12, 0.244, U, 0.223, 0.241, 0.204
1958, 1, 0.363, U, 0.222, 0.241, 0.204
1958, 2, 0.368, U, 0.222, 0.240, 0.204
1958, 3, 0.281, U, 0.222, 0.240, 0.203
1958, 4, 0.351, , 0.221, 0.239, 0.203
1958, 5, 0.327, , 0.221, 0.239, 0.203
1958, 6, 0.346, , 0.220, 0.239, 0.202
1958, 7, 0.333, , 0.220, 0.238, 0.202
1958, 8, 0.306, , 0.219, 0.238, 0.201
1958, 9, 0.291, , 0.219, 0.237, 0.201
1958, 10, 0.274, , 0.219, 0.237, 0.201
1958, 11, 0.306, , 0.218, 0.236, 0.200
1958, 12, 0.314, U, 0.218, 0.236, 0.200
1959, 1, 0.280, , 0.217, 0.235, 0.199
1959, 2, , , 0.217, 0.235, 0.199
1959, 3, , , 0.217, 0.234, 0.199
1959, 4, , , 0.216, 0.234, 0.198
1959, 5, , , 0.216, 0.233, 0.198
1959, 6, 0.215, , 0.215, 0.233, 0.198
1959, 7, , , 0.215, 0.233, 0.197
1959, 8, , , 0.214, 0.232, 0.197
1959, 9, 0.300, , 0.214, 0.232, 0.196
1959, 10, 0.305, , 0.214, 0.231, 0.196
1959, 11, 0.425, , 0.213, 0.231, 0.196
1959, 12, 0.314, , 0.213, 0.230, 0.195
1960, 1, 0.305, , 0.212, 0.230, 0.195
1960, 2, 0.310, , 0.212, 0.229, 0.194
1960, 3, 0.174, , 0.211, 0.229, 0.194
1960, 4, 0.278, , 0.211, 0.228, 0.194
1960, 5, 0.266, , 0.211, 0.228, 0.193
1960, 6, 0.255, , 0.210, 0.227, 0.193
1960, 7, 0.250, , 0.210, 0.227, 0.193
1960, 8, 0.264, , 0.209, 0.227, 0.192
1960, 9, 0.239, , 0.209, 0.226, 0.192
1960, 10, 0.286, , 0.208, 0.226, 0.191
1960, 11, 0.266, , 0.208, 0.225, 0.191
1960, 12, 0.372, , 0.208, 0.225, 0.191
1961, 1, 0.402, , 0.207, 0.224, 0.190
1961, 2, 0.259, , 0.207, 0.224, 0.190
1961, 3, 0.274, U, 0.206, 0.223, 0.189
1961, 4, 0.116, , 0.206, 0.223, 0.189
1961, 5, 0.229, , 0.206, 0.222, 0.189
1961, 6, 0.160, , 0.205, 0.222, 0.188
1961, 7, 0.199, , 0.205, 0.221, 0.188
1961, 8, 0.261, U, 0.204, 0.221, 0.188
1961, 9, 0.151, , 0.204, 0.221, 0.187
1961, 10, 0.116, , 0.203, 0.220, 0.187
1961, 11, 0.135, , 0.203, 0.220, 0.186
1961, 12, 0.079, , 0.203, 0.219, 0.186
1962, 1, 0.113, , 0.202, 0.219, 0.186
1962, 2, 0.173, , 0.202, 0.218, 0.185
1962, 3, 0.186, , 0.201, 0.218, 0.185
1962, 4, 0.125, U, 0.201, 0.217, 0.184
1962, 5, 0.138, , 0.200, 0.217, 0.184
1962, 6, 0.136, , 0.200, 0.216, 0.184
1962, 7, 0.180, , 0.200, 0.216, 0.183
1962, 8, 0.215, , 0.199, 0.215, 0.183
1962, 9, 0.175, , 0.199, 0.215, 0.182
1962, 10, 0.253, , 0.198, 0.215, 0.182
1962, 11, 0.364, , 0.198, 0.214, 0.182
1962, 12, 0.189, , 0.197, 0.214, 0.181
1963, 1, 0.225, , 0.197, 0.213, 0.181
1963, 2, 0.228, , 0.197, 0.213, 0.181
1963, 3, 0.064, , 0.196, 0.212, 0.180
1963, 4, 0.135, , 0.196, 0.212, 0.180
1963, 5, 0.202, , 0.195, 0.211, 0.179
1963, 6, 0.239, , 0.195, 0.211, 0.179
1963, 7, 0.183, , 0.195, 0.210, 0.179
1963, 8, 0.184, , 0.194, 0.210, 0.178
1963, 9, 0.306, , 0.194, 0.209, 0.178
1963, 10, 0.262, , 0.193, 0.209, 0.177
1963, 11, 0.224, , 0.193, 0.209, 0.177
1963, 12, 0.366, U, 0.192, 0.208, 0.177
1964, 1, 0.326, , 0.192, 0.208, 0.176
1964, 2, 0.237, , 0.192, 0.207, 0.176
1964, 3, 0.116, , 0.191, 0.207, 0.176
1964, 4, 0.135, , 0.191, 0.206, 0.175
1964, 5, 0.028, , 0.190, 0.206, 0.175
1964, 6, 0.172, , 0.190, 0.205, 0.174
1964, 7, 0.202, , 0.189, 0.205, 0.174
1964, 8, 0.230, , 0.189, 0.204, 0.174
1964, 9, 0.199, , 0.189, 0.204, 0.173
1964, 10, 0.152, , 0.188, 0.204, 0.173
1964, 11, 0.102, , 0.188, 0.203, 0.172
1964, 12, 0.015, , 0.187, 0.203, 0.172
1965, 1, 0.238, U, 0.187, 0.202, 0.172
1965, 2, 0.100, U, 0.186, 0.202, 0.171
1965, 3, 0.220, U, 0.186, 0.201, 0.171
1965, 4, 0.092, U, 0.186, 0.201, 0.170
1965, 5, 0.138, U, 0.185, 0.200, 0.170
1965, 6, 0.212, U, 0.185, 0.200, 0.170
1965, 7, 0.131, U, 0.184, 0.199, 0.169
1965, 8, 0.175, U, 0.184, 0.199, 0.169
1965, 9, 0.187, U, 0.184, 0.198, 0.169
1965, 10, 0.219, U, 0.183, 0.198, 0.168
1965, 11, 0.102, U, 0.183, 0.198, 0.168
1965, 12, 0.027, U, 0.182, 0.197, 0.167
1966, 1, 0.161, U, 0.182, 0.197, 0.167
1966, 2, 0.063, U, 0.181, 0.196, 0.167
1966, 3, 0.092, U, 0.181, 0.196, 0.166
1966, 4, 0.174, U, 0.181, 0.195, 0.166
1966, 5, 0.104, U, 0.180, 0.195, 0.165
1966, 6, 0.191, U, 0.180, 0.194, 0.165
1966, 7, 0.226, U, 0.179, 0.194, 0.165
1966, 8, 0.248, U, 0.179, 0.193, 0.164
1966, 9, 0.254, U, 0.178, 0.193, 0.164
1966, 10, 0.116, U, 0.178, 0.193, 0.164
1966, 11, -0.008, U, 0.178, 0.192, 0.163
1966, 12, 0.213, U, 0.177, 0.192, 0.163
1967, 1, 0.107, , 0.177, 0.191, 0.162
1967, 2, 0.173, , 0.176, 0.191, 0.162
1967, 3, 0.034, , 0.176, 0.190, 0.162
1967, 4, 0.052, , 0.175, 0.190, 0.161
1967, 5, 0.086, , 0.175, 0.189, 0.161
1967, 6, 0.157, , 0.175, 0.189, 0.160
1967, 7, 0.116, , 0.174, 0.188, 0.160
1967, 8, 0.218, , 0.174, 0.188, 0.160
1967, 9, 0.288, , 0.173, 0.187, 0.159
1967, 10, 0.234, , 0.173, 0.187, 0.159
1967, 11, 0.157, , 0.173, 0.187, 0.158
1967, 12, 0.091, , 0.172, 0.186, 0.158
1968, 1, 0.006, , 0.172, 0.186, 0.158
1968, 2, 0.249, , 0.171, 0.185, 0.157
1968, 3, 0.265, , 0.171, 0.185, 0.157
1968, 4, 0.232, , 0.170, 0.184, 0.156
1968, 5, 0.147, , 0.170, 0.184, 0.156
1968, 6, , , 0.170, 0.183, 0.156
1968, 7, , , 0.169, 0.183, 0.155
1968, 8, , , 0.169, 0.182, 0.155
1968, 9, , , 0.168, 0.182, 0.155
1968, 10, , , 0.168, 0.182, 0.154
1968, 11, 0.364, , 0.167, 0.181, 0.154
1968, 12, 0.043, , 0.167, 0.181, 0.153
1969, 1, 0.043, , 0.167, 0.180, 0.153
1969, 2, 0.182, , 0.166, 0.180, 0.153
1969, 3, 0.131, , 0.166, 0.179, 0.152
1969, 4, 0.244, , 0.165, 0.179, 0.152
1969, 5, 0.196, , 0.165, 0.178, 0.151
1969, 6, 0.221, , 0.164, 0.178, 0.151
1969, 7, 0.116, , 0.164, 0.177, 0.151
1969, 8, 0.096, , 0.164, 0.177, 0.150
1969, 9, 0.212, U, 0.163, 0.177, 0.150
1969, 10, 0.250, , 0.163, 0.176, 0.149
1969, 11, 0.263, , 0.162, 0.176, 0.149
1969, 12, 0.387, , 0.162, 0.175, 0.149
1970, 1, 0.177, , 0.162, 0.175, 0.148
1970, 2, 0.341, , 0.161, 0.174, 0.148
1970, 3, 0.323, , 0.161, 0.174, 0.148
1970, 4, 0.125, , 0.160, 0.173, 0.147
1970, 5, 0.141, , 0.160, 0.173, 0.147
1970, 6, 0.206, , 0.159, 0.172, 0.146
1970, 7, 0.256, , 0.159, 0.172, 0.146
1970, 8, 0.239, , 0.159, 0.172, 0.146
1970, 9, 0.221, , 0.158, 0.171, 0.145
1970, 10, 0.137, , 0.158, 0.171, 0.145
1970, 11, 0.065, , 0.157, 0.170, 0.144
1970, 12, 0.085, , 0.157, 0.170, 0.144
1971, 1, -0.028, , 0.156, 0.169, 0.144
1971, 2, 0.094, , 0.156, 0.169, 0.143
1971, 3, 0.137, , 0.156, 0.168, 0.143
1971, 4, 0.180, , 0.155, 0.168, 0.142
1971, 5, 0.181, , 0.155, 0.167, 0.142
1971, 6, 0.108, , 0.154, 0.167, 0.142
1971, 7, 0.156, , 0.154, 0.167, 0.141
1971, 8, 0.139, , 0.153, 0.166, 0.141
1971, 9, 0.129, , 0.153, 0.166, 0.140
1971, 10, 0.042, , 0.153, 0.165, 0.140
1971, 11, 0.084, , 0.152, 0.165, 0.140
1971, 12, 0.018, , 0.152, 0.164, 0.139
1972, 1, -0.046, , 0.151, 0.164, 0.139
1972, 2, -0.004, , 0.151, 0.163, 0.138
1972, 3, 0.067, , 0.150, 0.163, 0.138
1972, 4, 0.022, , 0.150, 0.162, 0.138
1972, 5, 0.117, , 0.150, 0.162, 0.137
1972, 6, 0.130, , 0.149, 0.162, 0.137
1972, 7, 0.080, , 0.149, 0.161, 0.137
1972, 8, 0.172, , 0.148, 0.161, 0.136
1972, 9, 0.081, , 0.148, 0.160, 0.136
1972, 10, 0.079, , 0.148, 0.160, 0.135
1972, 11, 0.187, , 0.147, 0.159, 0.135
1972, 12, 0.055, , 0.147, 0.159, 0.135
1973, 1, 0.082, , 0.146, 0.158, 0.134
1973, 2, , , 0.146, 0.158, 0.134
1973, 3, , , 0.145, 0.157, 0.133
1973, 4, , , 0.145, 0.157, 0.133
1973, 5, , , 0.145, 0.157, 0.133
1973, 6, 0.111, , 0.144, 0.156, 0.132
1973, 7, 0.116, , 0.144, 0.156, 0.132
1973, 8, 0.093, , 0.143, 0.155, 0.131
1973, 9, 0.105, , 0.143, 0.155, 0.131
1973, 10, 0.003, , 0.142, 0.154, 0.131
1973, 11, -0.032, , 0.142, 0.154, 0.130
1973, 12, 0.155, , 0.142, 0.153, 0.130
1974, 1, 0.064, , 0.141, 0.153, 0.129
1974, 2, 0.006, , 0.141, 0.153, 0.129
1974, 3, 0.171, , 0.140, 0.152, 0.129
1974, 4, 0.205, , 0.140, 0.152, 0.128
1974, 5, 0.150, , 0.139, 0.151, 0.128
1974, 6, 0.096, , 0.139, 0.151, 0.127
1974, 7, 0.077, , 0.139, 0.150, 0.127
1974, 8, 0.099, , 0.138, 0.150, 0.127
1974, 9, 0.068, , 0.138, 0.149, 0.126
1974, 10, 0.189, , 0.137, 0.149, 0.126
1974, 11, 0.151, , 0.137, 0.148, 0.125
1974, 12, 0.201, , 0.137, 0.148, 0.125
1975, 1, 0.030, , 0.136, 0.148, 0.125
1975, 2, 0.109, , 0.136, 0.147, 0.124
1975, 3, 0.098, , 0.135, 0.147, 0.124
1975, 4, 0.071, , 0.135, 0.146, 0.123
1975, 5, 0.141, , 0.134, 0.146, 0.123
1975, 6, 0.081, , 0.134, 0.145, 0.123
1975, 7, 0.144, , 0.134, 0.145, 0.122
1975, 8, 0.127, , 0.133, 0.144, 0.122
1975, 9, 0.081, , 0.133, 0.144, 0.121
1975, 10, 0.082, , 0.132, 0.144, 0.121
1975, 11, 0.068, , 0.132, 0.143, 0.121
1975, 12, 0.073, , 0.131, 0.143, 0.120
1976, 1, , , 0.131, 0.142, 0.120
1976, 2, , , 0.131, 0.142, 0.119
1976, 3, , , 0.130, 0.141, 0.119
1976, 4, , , 0.130, 0.141, 0.119
1976, 5, , , 0.129, 0.140, 0.118
1976, 6, , , 0.129, 0.140, 0.118
1976, 7, 0.150, , 0.128, 0.139, 0.117
1976, 8, 0.145, , 0.128, 0.139, 0.117
1976, 9, 0.175, , 0.128, 0.139, 0.117
1976, 10, 0.158, , 0.127, 0.138, 0.116
1976, 11, 0.215, , 0.127, 0.138, 0.116
1976, 12, 0.158, , 0.126, 0.137, 0.115
1977, 1, 0.280, , 0.126, 0.137, 0.115
1977, 2, 0.292, , 0.126, 0.136, 0.115
1977, 3, 0.055, , 0.125, 0.136, 0.114
1977, 4, 0.001, , 0.125, 0.135, 0.114
1977, 5, 0.019, , 0.124, 0.135, 0.113
1977, 6, , , 0.124, 0.135, 0.113
1977, 7, 0.110, , 0.123, 0.134, 0.113
1977, 8, 0.169, , 0.123, 0.134, 0.112
1977, 9, , , 0.123, 0.133, 0.112
1977, 10, , , 0.122, 0.133, 0.111
1977, 11, 0.120, , 0.122, 0.132, 0.111
1977, 12, , , 0.121, 0.132, 0.111
1978, 1, , , 0.121, 0.131, 0.110
1978, 2, 0.286, , 0.120, 0.131, 0.110
1978, 3, , , 0.120, 0.131, 0.109
1978, 4, 0.168, , 0.120, 0.130, 0.109
1978, 5, 0.132, , 0.119, 0.130, 0.109
1978, 6, 0.026, , 0.119, 0.129, 0.108
1978, 7, , , 0.118, 0.129, 0.108
1978, 8, 0.069, , 0.118, 0.128, 0.107
1978, 9, 0.053, , 0.117, 0.128, 0.107
1978, 10, , , 0.117, 0.127, 0.107
1978, 11, , , 0.117, 0.127, 0.106
1978, 12, , , 0.116, 0.127, 0.106
1979, 1, , , 0.116, 0.126, 0.105
1979, 2, , , 0.115, 0.126, 0.105
1979, 3, , , 0.115, 0.125, 0.105
1979, 4, 0.095, , 0.115, 0.125, 0.104
1979, 5, 0.144, , 0.114, 0.124, 0.104
1979, 6, 0.007, , 0.114, 0.124, 0.103
1979, 7, 0.058, , 0.113, 0.123, 0.103
1979, 8, 0.090, , 0.113, 0.123, 0.103
1979, 9, , , 0.112, 0.123, 0.102
1979, 10, , , 0.112, 0.122, 0.102
1979, 11, , , 0.112, 0.122, 0.101
1979, 12, , , 0.111, 0.121, 0.101
1980, 1, , , 0.111, 0.121, 0.101
1980, 2, , , 0.110, 0.120, 0.100
1980, 3, 0.213, , 0.110, 0.120, 0.100
1980, 4, 0.226, , 0.109, 0.120, 0.099
1980, 5, 0.177, , 0.109, 0.119, 0.099
1980, 6, -0.005, , 0.109, 0.119, 0.099
1980, 7, 0.068, , 0.108, 0.118, 0.098
1980, 8, 0.020, , 0.108, 0.118, 0.098
1980, 9, 0.053, , 0.107, 0.117, 0.097
1980, 10, 0.150, , 0.107, 0.117, 0.097
1980, 11, 0.175, , 0.106, 0.116, 0.097
1980, 12, 0.128, , 0.106, 0.116, 0.096
1981, 1, 0.332, , 0.106, 0.116, 0.096
1981, 2, 0.155, , 0.105, 0.115, 0.095
1981, 3, 0.262, , 0.105, 0.115, 0.095
1981, 4, 0.058, , 0.104, 0.114, 0.094
1981, 5, 0.128, , 0.104, 0.114, 0.094
1981, 6, 0.123, , 0.104, 0.113, 0.094
1981, 7, 0.065, , 0.103, 0.113, 0.093
1981, 8, 0.120, , 0.103, 0.112, 0.093
1981, 9, 0.044, , 0.102, 0.112, 0.092
1981, 10, 0.052, , 0.102, 0.112, 0.092
1981, 11, 0.141, , 0.101, 0.111, 0.092
1981, 12, 0.070, , 0.101, 0.111, 0.091
1982, 1, 0.039, , 0.101, 0.110, 0.091
1982, 2, -0.125, , 0.100, 0.110, 0.090
1982, 3, 0.040, , 0.100, 0.109, 0.090
1982, 4, 0.028, , 0.099, 0.109, 0.090
1982, 5, 0.062, , 0.099, 0.109, 0.089
1982, 6, 0.102, , 0.098, 0.108, 0.089
1982, 7, 0.083, , 0.098, 0.108, 0.088
1982, 8, 0.059, , 0.098, 0.107, 0.088
1982, 9, 0.084, , 0.097, 0.107, 0.088
1982, 10, -0.031, , 0.097, 0.106, 0.087
1982, 11, 0.117, , 0.096, 0.106, 0.087
1982, 12, 0.219, , 0.096, 0.106, 0.086
1983, 1, 0.161, , 0.095, 0.105, 0.086
1983, 2, 0.338, , 0.095, 0.105, 0.085
1983, 3, 0.271, , 0.095, 0.104, 0.085
1983, 4, 0.116, , 0.094, 0.104, 0.085
1983, 5, 0.141, , 0.094, 0.103, 0.084
1983, 6, 0.136, , 0.093, 0.103, 0.084
1983, 7, 0.135, , 0.093, 0.102, 0.083
1983, 8, 0.081, , 0.093, 0.102, 0.083
1983, 9, 0.050, , 0.092, 0.102, 0.083
1983, 10, 0.058, , 0.092, 0.101, 0.082
1983, 11, 0.236, , 0.091, 0.101, 0.082
1983, 12, 0.037, , 0.091, 0.100, 0.081
1984, 1, 0.067, , 0.090, 0.100, 0.081
1984, 2, -0.016, , 0.090, 0.099, 0.080
1984, 3, 0.223, , 0.090, 0.099, 0.080
1984, 4, 0.116, , 0.089, 0.099, 0.080
1984, 5, 0.056, , 0.089, 0.098, 0.079
1984, 6, 0.133, , 0.088, 0.098, 0.079
1984, 7, 0.037, , 0.088, 0.097, 0.078
1984, 8, 0.069, , 0.087, 0.097, 0.078
1984, 9, 0.151, , 0.087, 0.096, 0.078
1984, 10, 0.103, , 0.087, 0.096, 0.077
1984, 11, 0.178, , 0.086, 0.096, 0.077
1984, 12, -0.009, , 0.086, 0.095, 0.076
1985, 1, 0.228, , 0.085, 0.095, 0.076
1985, 2, -0.086, , 0.085, 0.094, 0.075
1985, 3, -0.033, , 0.084, 0.094, 0.075
1985, 4, 0.001, , 0.084, 0.093, 0.075
1985, 5, 0.004, , 0.084, 0.093, 0.074
1985, 6, 0.032, , 0.083, 0.093, 0.074
1985, 7, 0.061, , 0.083, 0.092, 0.073
1985, 8, 0.017, , 0.082, 0.092, 0.073
1985, 9, 0.004, , 0.082, 0.091, 0.073
1985, 10, -0.031, , 0.082, 0.091, 0.072
1985, 11, -0.032, , 0.081, 0.090, 0.072
1985, 12, 0.183, , 0.081, 0.090, 0.071
1986, 1, 0.152, , 0.080, 0.090, 0.071
1986, 2, 0.149, , 0.080, 0.089, 0.070
1986, 3, 0.125, , 0.079, 0.089, 0.070
1986, 4, -0.009, , 0.079, 0.088, 0.070
1986, 5, 0.016, , 0.079, 0.088, 0.069
1986, 6, 0.124, , 0.078, 0.087, 0.069
1986, 7, 0.046, , 0.078, 0.087, 0.068
1986, 8, 0.078, , 0.077, 0.087, 0.068
1986, 9, -0.020, , 0.077, 0.086, 0.068
1986, 10, , , 0.076, 0.086, 0.067
1986, 11, , , 0.076, 0.085, 0.067
1986, 12, , , 0.076, 0.085, 0.066
1987, 1, , , 0.075, 0.084, 0.066
1987, 2, , , 0.075, 0.084, 0.065
1987, 3, , , 0.074, 0.084, 0.065
1987, 4, 0.119, , 0.074, 0.083, 0.065
1987, 5, 0.059, , 0.073, 0.083, 0.064
1987, 6, 0.166, , 0.073, 0.082, 0.064
1987, 7, 0.074, , 0.073, 0.082, 0.063
1987, 8, , , 0.072, 0.082, 0.063
1987, 9, 0.062, , 0.072, 0.081, 0.062
1987, 10, 0.064, , 0.071, 0.081, 0.062
1987, 11, 0.044, , 0.071, 0.080, 0.062
1987, 12, 0.073, , 0.071, 0.080, 0.061
1988, 1, 0.103, , 0.070, 0.079, 0.061
1988, 2, 0.191, , 0.070, 0.079, 0.060
1988, 3, 0.104, , 0.069, 0.079, 0.060
1988, 4, 0.119, , 0.069, 0.078, 0.059
1988, 5, 0.104, , 0.068, 0.078, 0.059
1988, 6, 0.072, , 0.068, 0.077, 0.059
1988, 7, 0.071, , 0.068, 0.077, 0.058
1988, 8, , , 0.067, 0.076, 0.058
1988, 9, , , 0.067, 0.076, 0.057
1988, 10, , , 0.066, 0.076, 0.057
1988, 11, 0.077, , 0.066, 0.075, 0.056
1988, 12, , , 0.065, 0.075, 0.056
1989, 1, -0.095, , 0.065, 0.074, 0.056
1989, 2, -0.138, , 0.065, 0.074, 0.055
1989, 3, -0.042, , 0.064, 0.074, 0.055
1989, 4, 0.010, , 0.064, 0.073, 0.054
1989, 5, -0.011, , 0.063, 0.073, 0.054
1989, 6, 0.041, , 0.063, 0.072, 0.053
1989, 7, 0.037, , 0.062, 0.072, 0.053
1989, 8, 0.041, , 0.062, 0.071, 0.053
1989, 9, 0.050, , 0.062, 0.071, 0.052
1989, 10, -0.043, , 0.061, 0.071, 0.052
1989, 11, -0.032, , 0.061, 0.070, 0.051
1989, 12, 0.064, , 0.060, 0.070, 0.051
1990, 1, 0.058, , 0.060, 0.069, 0.050
1990, 2, -0.159, , 0.059, 0.069, 0.050
1990, 3, 0.040, , 0.059, 0.069, 0.050
1990, 4, -0.009, , 0.059, 0.068, 0.049
1990, 5, 0.028, , 0.058, 0.068, 0.049
1990, 6, 0.029, , 0.058, 0.067, 0.048
1990, 7, 0.046, , 0.057, 0.067, 0.048
1990, 8, 0.026, , 0.057, 0.066, 0.047
1990, 9, 0.053, , 0.057, 0.066, 0.047
1990, 10, -0.034, , 0.056, 0.066, 0.047
1990, 11, -0.169, , 0.056, 0.065, 0.046
1990, 12, -0.082, , 0.055, 0.065, 0.046
1991, 1, -0.043, , 0.055, 0.064, 0.045
1991, 2, 0.021, , 0.054, 0.064, 0.045
1991, 3, -0.039, , 0.054, 0.064, 0.044
1991, 4, 0.046, , 0.054, 0.063, 0.044
1991, 5, 0.022, , 0.053, 0.063, 0.044
1991, 6, -0.020, , 0.053, 0.062, 0.043
1991, 7, -0.051, , 0.052, 0.062, 0.043
1991, 8, 0.059, , 0.052, 0.061, 0.042
1991, 9, 0.138, , 0.051, 0.061, 0.042
1991, 10, -0.009, , 0.051, 0.061, 0.041
1991, 11, 0.117, , 0.051, 0.060, 0.041
1991, 12, 0.064, , 0.050, 0.060, 0.041
1992, 1, 0.225, , 0.050, 0.059, 0.040
1992, 2, 0.015, , 0.049, 0.059, 0.040
1992, 3, 0.153, , 0.049, 0.059, 0.039
1992, 4, -0.033, , 0.048, 0.058, 0.039
1992, 5, -0.079, , 0.048, 0.058, 0.038
1992, 6, 0.066, , 0.048, 0.057, 0.038
1992, 7, 0.003, , 0.047, 0.057, 0.037
1992, 8, 0.078, , 0.047, 0.057, 0.037
1992, 9, -0.054, , 0.046, 0.056, 0.037
1992, 10, 0.036, , 0.046, 0.056, 0.036
1992, 11, 0.084, , 0.046, 0.055, 0.036
1992, 12, -0.098, , 0.045, 0.055, 0.035
1993, 1, -0.153, , 0.045, 0.055, 0.035
1993, 2, 0.118, , 0.044, 0.054, 0.034
1993, 3, 0.134, , 0.044, 0.054, 0.034
1993, 4, 0.193, , 0.043, 0.053, 0.034
1993, 5, 0.107, , 0.043, 0.053, 0.033
1993, 6, 0.057, , 0.043, 0.052, 0.033
1993, 7, 0.010, , 0.042, 0.052, 0.032
1993, 8, 0.044, , 0.042, 0.052, 0.032
1993, 9, -0.035, , 0.041, 0.051, 0.031
1993, 10, 0.000, , 0.041, 0.051, 0.031
1993, 11, -0.060, , 0.040, 0.050, 0.030
1993, 12, 0.071, , 0.040, 0.050, 0.030
1994, 1, 0.029, , 0.040, 0.050, 0.030
1994, 2, -0.064, , 0.039, 0.049, 0.029
1994, 3, 0.089, , 0.039, 0.049, 0.029
1994, 4, 0.046, , 0.038, 0.048, 0.028
1994, 5, 0.075, , 0.038, 0.048, 0.028
1994, 6, 0.005, , 0.037, 0.048, 0.027
1994, 7, 0.043, , 0.037, 0.047, 0.027
1994, 8, -0.050, , 0.037, 0.047, 0.027
1994, 9, 0.023, , 0.036, 0.046, 0.026
1994, 10, 0.019, , 0.036, 0.046, 0.026
1994, 11, -0.167, , 0.035, 0.046, 0.025
1994, 12, 0.051, , 0.035, 0.045, 0.025
1995, 1, 0.093, , 0.035, 0.045, 0.024
1995, 2, 0.009, , 0.034, 0.044, 0.024
1995, 3, -0.070, , 0.034, 0.044, 0.023
1995, 4, 0.075, , 0.033, 0.044, 0.023
1995, 5, 0.063, , 0.033, 0.043, 0.023
1995, 6, 0.010, , 0.032, 0.043, 0.022
1995, 7, 0.038, , 0.032, 0.042, 0.022
1995, 8, -0.020, , 0.032, 0.042, 0.021
1995, 9, 0.108, , 0.031, 0.042, 0.021
1995, 10, 0.023, , 0.031, 0.041, 0.020
1995, 11, -0.048, , 0.030, 0.041, 0.020
1995, 12, 0.179, , 0.030, 0.040, 0.019
1996, 1, -0.038, , 0.029, 0.040, 0.019
1996, 2, -0.048, , 0.029, 0.039, 0.019
1996, 3, -0.038, , 0.029, 0.039, 0.018
1996, 4, 0.077, , 0.028, 0.039, 0.018
1996, 5, -0.072, , 0.028, 0.038, 0.017
1996, 6, -0.040, , 0.027, 0.038, 0.017
1996, 7, 0.003, , 0.027, 0.037, 0.016
1996, 8, -0.043, , 0.026, 0.037, 0.016
1996, 9, -0.053, , 0.026, 0.037, 0.015
1996, 10, -0.034, , 0.026, 0.036, 0.015
1996, 11, -0.063, , 0.025, 0.036, 0.015
1996, 12, -0.080, , 0.025, 0.035, 0.014
1997, 1, 0.062, , 0.024, 0.035, 0.014
1997, 2, 0.118, , 0.024, 0.035, 0.013
1997, 3, -0.072, , 0.024, 0.034, 0.013
1997, 4, 0.048, , 0.023, 0.034, 0.012
1997, 5, -0.026, , 0.023, 0.033, 0.012
1997, 6, 0.034, , 0.022, 0.033, 0.011
1997, 7, 0.046, , 0.022, 0.033, 0.011
1997, 8, 0.013, , 0.021, 0.032, 0.011
1997, 9, 0.072, , 0.021, 0.032, 0.010
1997, 10, 0.011, , 0.021, 0.031, 0.010
1997, 11, 0.115, , 0.020, 0.031, 0.009
1997, 12, 0.067, , 0.020, 0.031, 0.009
1998, 1, 0.102, , 0.019, 0.030, 0.008
1998, 2, 0.244, , 0.019, 0.030, 0.008
1998, 3, 0.162, , 0.018, 0.029, 0.007
1998, 4, 0.023, , 0.018, 0.029, 0.007
1998, 5, -0.005, , 0.018, 0.029, 0.007
1998, 6, -0.052, , 0.017, 0.028, 0.006
1998, 7, -0.016, , 0.017, 0.028, 0.006
1998, 8, -0.030, , 0.016, 0.027, 0.005
1998, 9, -0.024, , 0.016, 0.027, 0.005
1998, 10, -0.048, , 0.015, 0.027, 0.004
1998, 11, 0.052, , 0.015, 0.026, 0.004
1998, 12, -0.047, , 0.015, 0.026, 0.003
1999, 1, -0.038, , 0.014, 0.025, 0.003
1999, 2, -0.007, , 0.014, 0.025, 0.002
1999, 3, 0.020, , 0.013, 0.025, 0.002
1999, 4, -0.096, , 0.013, 0.024, 0.002
1999, 5, -0.103, , 0.013, 0.024, 0.001
1999, 6, -0.025, , 0.012, 0.024, 0.001
1999, 7, -0.059, , 0.012, 0.023, 0.000
1999, 8, 0.002, , 0.011, 0.023, -0.000
1999, 9, -0.045, , 0.011, 0.022, -0.001
1999, 10, -0.080, , 0.010, 0.022, -0.001
1999, 11, -0.029, , 0.010, 0.022, -0.002
1999, 12, -0.102, , 0.010, 0.021, -0.002
2000, 1, -0.140, , 0.009, 0.021, -0.002
2000, 2, 0.126, , 0.009, 0.020, -0.003
2000, 3, 0.157, , 0.008, 0.020, -0.003
2000, 4, -0.001, , 0.008, 0.020, -0.004
2000, 5, -0.064, , 0.007, 0.019, -0.004
2000, 6, -0.012, , 0.007, 0.019, -0.005
2000, 7, -0.015, , 0.007, 0.018, -0.005
2000, 8, -0.106, , 0.006, 0.018, -0.006
2000, 9, -0.114, , 0.006, 0.018, -0.006
2000, 10, -0.051, , 0.005, 0.017, -0.007
2000, 11, 0.052, , 0.005, 0.017, -0.007
2000, 12, 0.092, , 0.004, 0.016, -0.007
2001, 1, 0.153, , 0.004, 0.016, -0.008
2001, 2, -0.061, , 0.004, 0.016, -0.008
2001, 3, -0.031, , 0.003, 0.015, -0.009
2001, 4, -0.060, , 0.003, 0.015, -0.009
2001, 5, -0.063, , 0.002, 0.014, -0.010
2001, 6, -0.081, , 0.002, 0.014, -0.010
2001, 7, -0.022, , 0.002, 0.014, -0.011
2001, 8, -0.029, , 0.001, 0.013, -0.011
2001, 9, 0.011, , 0.001, 0.013, -0.011
2001, 10, -0.049, , 0.000, 0.012, -0.012
2001, 11, 0.048, , -0.000, 0.012, -0.012
2001, 12, -0.033, , -0.001, 0.012, -0.013
2002, 1, 0.016, , -0.001, 0.011, -0.013
2002, 2, -0.031, , -0.001, 0.011, -0.014
2002, 3, -0.091, , -0.002, 0.010, -0.014
2002, 4, -0.155, , -0.002, 0.010, -0.015
2002, 5, -0.104, , -0.003, 0.010, -0.015
2002, 6, -0.000, , -0.003, 0.009, -0.016
2002, 7, -0.016, , -0.004, 0.009, -0.016
2002, 8, -0.014, , -0.004, 0.008, -0.016
2002, 9, -0.039, , -0.004, 0.008, -0.017
2002, 10, 0.029, , -0.005, 0.008, -0.017
2002, 11, 0.152, , -0.005, 0.007, -0.018
2002, 12, 0.140, , -0.006, 0.007, -0.018
2003, 1, 0.201, , -0.006, 0.007, -0.019
2003, 2, 0.043, , -0.007, 0.006, -0.019
2003, 3, -0.079, , -0.007, 0.006, -0.020
2003, 4, -0.019, , -0.007, 0.005, -0.020
2003, 5, -0.043, , -0.008, 0.005, -0.021
2003, 6, 0.034, , -0.008, 0.005, -0.021
2003, 7, -0.010, , -0.009, 0.004, -0.021
2003, 8, 0.002, , -0.009, 0.004, -0.022
2003, 9, 0.029, , -0.009, 0.003, -0.022
2003, 10, 0.071, , -0.010, 0.003, -0.023
2003, 11, -0.124, , -0.010, 0.003, -0.023
2003, 12, 0.022, , -0.011, 0.002, -0.024
2004, 1, -0.000, , -0.011, 0.002, -0.024
2004, 2, 0.141, , -0.012, 0.001, -0.025
2004, 3, -0.057, , -0.012, 0.001, -0.025
2004, 4, 0.071, , -0.012, 0.001, -0.026
2004, 5, -0.039, , -0.013, 0.000, -0.026
2004, 6, -0.015, , -0.013, -0.000, -0.026
2004, 7, 0.046, , -0.014, -0.001, -0.027
2004, 8, 0.002, , -0.014, -0.001, -0.027
2004, 9, -0.047, , -0.015, -0.001, -0.028
2004, 10, -0.008, , -0.015, -0.002, -0.028
2004, 11, -0.020, , -0.015, -0.002, -0.029
2004, 12, -0.096, , -0.016, -0.002, -0.029
2005, 1, 0.005, , -0.016, -0.003, -0.030
2005, 2, 0.071, , -0.017, -0.003, -0.030
2005, 3, 0.124, , -0.017, -0.004, -0.031
2005, 4, 0.024, , -0.018, -0.004, -0.031
2005, 5, 0.069, , -0.018, -0.004, -0.031
2005, 6, 0.003, , -0.018, -0.005, -0.032
2005, 7, 0.002, , -0.019, -0.005, -0.032
2005, 8, -0.005, , -0.019, -0.006, -0.033
2005, 9, -0.028, , -0.020, -0.006, -0.033
2005, 10, 0.003, , -0.020, -0.006, -0.034
2005, 11, -0.109, , -0.020, -0.007, -0.034
2005, 12, 0.133, , -0.021, -0.007, -0.035
2006, 1, 0.025, , -0.021, -0.008, -0.035
2006, 2, -0.091, , -0.022, -0.008, -0.036
2006, 3, -0.089, , -0.022, -0.008, -0.036
2006, 4, -0.001, , -0.023, -0.009, -0.036
2006, 5, -0.073, , -0.023, -0.009, -0.037
2006, 6, -0.016, , -0.023, -0.010, -0.037
2006, 7, 0.038, , -0.024, -0.010, -0.038
2006, 8, -0.030, , -0.024, -0.010, -0.038
2006, 9, -0.025, , -0.025, -0.011, -0.039
2006, 10, -0.059, , -0.025, -0.011, -0.039
2006, 11, -0.162, , -0.026, -0.011, -0.040
2006, 12, 0.097, , -0.026, -0.012, -0.040
2007, 1, -0.001, , -0.026, -0.012, -0.041
2007, 2, -0.062, , -0.027, -0.013, -0.041
2007, 3, -0.157, , -0.027, -0.013, -0.042
2007, 4, 0.089, , -0.028, -0.013, -0.042
2007, 5, -0.043, , -0.028, -0.014, -0.042
2007, 6, -0.069, , -0.029, -0.014, -0.043
2007, 7, -0.026, , -0.029, -0.015, -0.043
2007, 8, -0.016, , -0.029, -0.015, -0.044
2007, 9, -0.031, , -0.030, -0.015, -0.044
2007, 10, -0.055, , -0.030, -0.016, -0.045
2007, 11, -0.030, , -0.031, -0.016, -0.045
2007, 12, -0.068, , -0.031, -0.017, -0.046
2008, 1, -0.070, , -0.032, -0.017, -0.046
2008, 2, 0.005, , -0.032, -0.017, -0.047
2008, 3, -0.012, , -0.032, -0.018, -0.047
2008, 4, -0.128, , -0.033, -0.018, -0.047
2008, 5, 0.007, , -0.033, -0.018, -0.048
2008, 6, -0.050, , -0.034, -0.019, -0.048
2008, 7, 0.030, , -0.034, -0.019, -0.049
2008, 8, 0.041, , -0.034, -0.020, -0.049
2008, 9, -0.030, , -0.035, -0.020, -0.050
2008, 10, -0.058, , -0.035, -0.020, -0.050
2008, 11, -0.048, , -0.036, -0.021, -0.051
2008, 12, -0.124, , -0.036, -0.021, -0.051
2009, 1, -0.048, , -0.037, -0.022, -0.052
2009, 2, -0.219, , -0.037, -0.022, -0.052
2009, 3, -0.144, , -0.037, -0.022, -0.053
2009, 4, -0.110, , -0.038, -0.023, -0.053
2009, 5, -0.136, , -0.038, -0.023, -0.053
2009, 6, -0.005, , -0.039, -0.024, -0.054
2009, 7, -0.006, , -0.039, -0.024, -0.054
2009, 8, -0.009, , -0.040, -0.024, -0.055
2009, 9, 0.037, , -0.040, -0.025, -0.055
2009, 10, 0.002, , -0.040, -0.025, -0.056
2009, 11, 0.021, , -0.041, -0.025, -0.056
2009, 12, 0.052, , -0.041, -0.026, -0.057
2010, 1, 0.125, , -0.042, -0.026, -0.057
2010, 2, 0.112, , -0.042, -0.027, -0.058
2010, 3, 0.084, , -0.043, -0.027, -0.058
2010, 4, 0.037, , -0.043, -0.027, -0.058
2010, 5, -0.042, , -0.043, -0.028, -0.059
2010, 6, -0.005, , -0.044, -0.028, -0.059
2010, 7, -0.038, , -0.044, -0.029, -0.060
2010, 8, -0.072, , -0.045, -0.029, -0.060
2010, 9, -0.050, , -0.045, -0.029, -0.061
2010, 10, 0.057, , -0.045, -0.030, -0.061
2010, 11, -0.072, , -0.046, -0.030, -0.062
2010, 12, -0.172, , -0.046, -0.030, -0.062
2011, 1, 0.053, , -0.047, -0.031, -0.063
2011, 2, -0.232, , -0.047, -0.031, -0.063
2011, 3, 0.013, , -0.048, -0.032, -0.064
2011, 4, 0.003, , -0.048, -0.032, -0.064
2011, 5, 0.010, , -0.048, -0.032, -0.064
2011, 6, 0.003, , -0.049, -0.033, -0.065
2011, 7, -0.039, , -0.049, -0.033, -0.065
2011, 8, -0.029, , -0.050, -0.034, -0.066
2011, 9, -0.006, , -0.050, -0.034, -0.066
2011, 10, -0.015, , -0.051, -0.034, -0.067
2011, 11, -0.156, , -0.051, -0.035, -0.067
2011, 12, -0.117, , -0.051, -0.035, -0.068
2012, 1, -0.162, , -0.052, -0.036, -0.068
2012, 2, 0.030, , -0.052, -0.036, -0.069
2012, 3, -0.114, , -0.053, -0.036, -0.069
2012, 4, -0.040, , -0.053, -0.037, -0.070
2012, 5, -0.042, , -0.054, -0.037, -0.070
2012, 6, -0.074, , -0.054, -0.037, -0.070
2012, 7, -0.036, , -0.054, -0.038, -0.071
2012, 8, -0.056, , -0.055, -0.038, -0.071
2012, 9, -0.029, , -0.055, -0.039, -0.072
2012, 10, -0.123, , -0.056, -0.039, -0.072
2012, 11, -0.074, , -0.056, -0.039, -0.073
2012, 12, , , -0.056, -0.040, -0.073
2013, 1, 0.012, , -0.057, -0.040, -0.074
2013, 2, -0.039, , -0.057, -0.041, -0.074
2013, 3, -0.108, , -0.058, -0.041, -0.075
2013, 4, -0.113, , -0.058, -0.041, -0.075
2013, 5, -0.100, , -0.059, -0.042, -0.076
2013, 6, -0.056, , -0.059, -0.042, -0.076
2013, 7, -0.105, , -0.059, -0.042, -0.076
2013, 8, -0.022, , -0.060, -0.043, -0.077
2013, 9, -0.026, , -0.060, -0.043, -0.077
2013, 10, 0.003, , -0.061, -0.044, -0.078
2013, 11, -0.216, , -0.061, -0.044, -0.078
2013, 12, -0.094, , -0.062, -0.044, -0.079
2014, 1, 0.064, , -0.062, -0.045, -0.079
2014, 2, -0.092, , -0.062, -0.045, -0.080
2014, 3, 0.032, , -0.063, -0.046, -0.080
2014, 4, 0.110, , -0.063, -0.046, -0.081
2014, 5, -0.091, , -0.064, -0.046, -0.081
2014, 6, -0.018, , -0.064, -0.047, -0.082
2014, 7, -0.006, , -0.065, -0.047, -0.082
2014, 8, 0.068, , -0.065, -0.047, -0.082
2014, 9, -0.008, , -0.065, -0.048, -0.083
2014, 10, 0.067, , -0.066, -0.048, -0.083
2014, 11, 0.116, , -0.066, -0.049, -0.084
2014, 12, 0.129, , -0.067, -0.049, -0.084
2015, 1, 0.051, , -0.067, -0.049, -0.085
2015, 2, 0.080, , -0.067, -0.050, -0.085
2015, 3, 0.061, , -0.068, -0.050, -0.086
2015, 4, 0.076, , -0.068, -0.051, -0.086
2015, 5, 0.033, , -0.069, -0.051, -0.087
2015, 6, -0.021, , -0.069, -0.051, -0.087
2015, 7, 0.071, , -0.070, -0.052, -0.088
2015, 8, -0.065, , -0.070, -0.052, -0.088
2015, 9, -0.066, , -0.070, -0.052, -0.088
2015, 10, 0.093, , -0.071, -0.053, -0.089
2015, 11, -0.044, , -0.071, -0.053, -0.089
2015, 12, 0.083, , -0.072, -0.054, -0.090
2016, 1, 0.207, , -0.072, -0.054, -0.090
2016, 2, 0.217, , -0.073, -0.054, -0.091
2016, 3, 0.180, , -0.073, -0.055, -0.091
2016, 4, 0.185, , -0.073, -0.055, -0.092
2016, 5, -0.011, , -0.074, -0.056, -0.092
2016, 6, 0.009, , -0.074, -0.056, -0.093
2016, 7, -0.022, , -0.075, -0.056, -0.093
2016, 8, 0.008, , -0.075, -0.057, -0.094
2016, 9, -0.004, , -0.076, -0.057, -0.094
2016, 10, 0.103, , -0.076, -0.057, -0.094
2016, 11, 0.116, , -0.076, -0.058, -0.095
2016, 12, -0.084, , -0.077, -0.058, -0.095
2017, 1, , , -0.077, -0.059, -0.096
2017, 2, , , -0.078, -0.059, -0.096
2017, 3, , , -0.078, -0.059, -0.097
2017, 4, , , -0.078, -0.060, -0.097
2017, 5, , , -0.079, -0.060, -0.098
2017, 6, , , -0.079, -0.061, -0.098
2017, 7, , , -0.080, -0.061, -0.099
2017, 8, , , -0.080, -0.061, -0.099
2017, 9, , , -0.081, -0.062, -0.100
2017, 10, , , -0.081, -0.062, -0.100
2017, 11, , , -0.081, -0.062, -0.100
2017, 12, , , -0.082, -0.063, -0.101
2018, 1, , , -0.082, -0.063, -0.101
2018, 2, , , -0.083, -0.064, -0.102
2018, 3, , , -0.083, -0.064, -0.102
2018, 4, , , -0.084, -0.064, -0.103
2018, 5, , , -0.084, -0.065, -0.103
2018, 6, , , -0.084, -0.065, -0.104
2018, 7, , , -0.085, -0.066, -0.104
2018, 8, , , -0.085, -0.066, -0.105
2018, 9, , , -0.086, -0.066, -0.105
2018, 10, , , -0.086, -0.067, -0.106
2018, 11, , , -0.087, -0.067, -0.106
2018, 12, , , -0.087, -0.067, -0.106
2019, 1, , , -0.087, -0.068, -0.107
2019, 2, , , -0.088, -0.068, -0.107
2019, 3, , , -0.088, -0.069, -0.108
2019, 4, , , -0.089, -0.069, -0.108
2019, 5, , , -0.089, -0.069, -0.109
2019, 6, , , -0.089, -0.070, -0.109
2019, 7, , , -0.090, -0.070, -0.110
2019, 8, , , -0.090, -0.071, -0.110
2019, 9, , , -0.091, -0.071, -0.111
2019, 10, , , -0.091, -0.071, -0.111
2019, 11, , , -0.092, -0.072, -0.112
2019, 12, , , -0.092, -0.072, -0.112
2020, 1, , , -0.092, -0.072, -0.112
2020, 2, , , -0.093, -0.073, -0.113
2020, 3, , , -0.093, -0.073, -0.113
2020, 4, , , -0.094, -0.074, -0.114
2020, 5, , , -0.094, -0.074, -0.114
2020, 6, , , -0.095, -0.074, -0.115
2020, 7, , , -0.095, -0.075, -0.115
2020, 8, , , -0.095, -0.075, -0.116
2020, 9, , , -0.096, -0.075, -0.116
2020, 10, , , -0.096, -0.076, -0.117
2020, 11, , , -0.097, -0.076, -0.117
2020, 12, , , -0.097, -0.077, -0.118
