TEN_YEAR:
CLUSTER 0:
MEAN: 0.106797951889
0.0578502683537
0.0690356833156
0.0877753429126
0.0933982861185
0.18598710807
0.0762389852598
0.083013653037
0.139756970493
0.109298223839
0.0307244937831
0.0541085085935
0.0549871660743
0.0554289971017
0.0465483046042
0.101835217965
0.124469089289
0.122771021249
0.0576688857719
0.103216939062
0.197041025167
0.148040826964
0.0577247482897
0.0428493545773
0.0879721441543
0.096369162054
0.127773725026
0.172178635342
0.0932590402811
0.113734211322
0.179221765704
0.070556925628
0.0158509626346
0.070027028854
0.0627845193938
0.113044376674
0.186047202501
0.194577443856
0.113787938595
0.0972235339285
0.0691119217223
0.066885895483
0.114462919503
0.110457184095
0.0908189095531
0.0644799937036
0.134811042867
0.12616616526
0.107625397103
0.100493886504
0.168133503138
0.0759803862709
0.0449175936454
0.0903555819168
0.0541839154228
0.0261516931053
0.0781785181533
0.090871684505
0.132163229188
0.167078376923
0.0655898804314
0.0799811205026
0.185985556479
0.0337264977655
0.0171227252167
0.0610436906533
0.0312542548377
0.0984461360942
0.131391240151
0.114352533923
0.0702226160868
0.0896960689722
0.19345785929
0.0595910402559
0.153518847783
0.0619494766575
0.41093277442
0.118608690417
0.0966363549774
0.113258736209
0.151105660709
0.113465794272
0.208434836409
0.0507876151966
0.0910564370511
0.280410283314
0.143795206866
0.0643140474716
0.0874116102895
0.109208094415
0.149496743255
0.131357552324
0.153631079194
0.141820937937
0.090353403855
0.104900470375
0.0488476440402
0.0178064648912
0.0803390169875
0.107766229558
0.13216374831
0.138818224935
0.134380515824
0.157697752741
0.0829924002614
0.128032868694
0.149547580649
0.0275634523196
0.0313009468211
0.0402549011175
0.0699179467983
0.0336895878492
0.100091163562
0.16306676253
0.109370333567
0.103061758605
0.133294018356
0.22618055554
0.117381937585
0.0406994865572
0.0597079506925
0.422757541869
CLUSTER 1:
MEAN: -0.0825570906347
-0.0864227894664
-0.0367181510708
-0.220502915204
-0.0627115843746
-0.00404536109822
-0.291662958898
-0.0943704953328
-0.000187188774966
-0.0625693031309
-0.0615488402335
-5.9644166992e-05
-0.22197116276
-0.0356349229352
-0.146231885661
-0.048496719788
0.00673822527517
-0.173291670196
-0.00999860976263
-0.0188987444803
CLUSTER 2:
MEAN: 1.23573494866
1.52500591397
0.946463983354
TWENTY_YEAR:
CLUSTER 0:
MEAN: 0.106797951889
1.6171188172
0.97527635784
0.556597055094
0.544505127228
CLUSTER 1:
MEAN: -0.0825570906347
0.0729875549736
0.0890311731325
0.110449889854
0.122655032655
0.239994074104
0.0987622323264
0.106372967165
0.178855182546
0.143931049153
0.0453253695472
0.0798758000169
0.069361790287
0.0697830263838
0.0660342665465
0.127661817115
0.161315219996
0.158765129656
0.0784588254689
0.129718946815
0.287948475763
0.18779945975
0.0862450792896
-0.0395718714767
0.0532756667874
0.109113547474
0.123915341763
0.162448144728
0.223329478195
0.126502263993
0.143856370431
0.232062117335
0.091967360768
0.022896701983
-0.00598897986534
0.0897070381925
0.0829499165989
0.142997556331
0.243529358271
0.248995419291
0.14635482456
0.124313073476
0.0907386529565
0.0870998857841
0.00198992291245
0.16036829422
0.141577788271
0.113448504102
0.0879219763568
0.172111520333
0.164144585994
0.139235685956
0.130702453687
0.226825641478
0.0973851716231
0.0587699900474
0.12574757909
0.0752115647979
0.0337203130303
0.0967836999212
0.115705659059
0.169968298798
0.21315496835
0.0867739864208
0.100083677544
0.250613339279
0.043415828632
0.0190265720951
0.000975955780048
0.0734057997434
0.048284421085
0.12688018444
0.171105698892
0.151524932113
0.0955265085634
0.113549967858
0.261836025894
0.0745724654618
0.197533388639
0.0808909566751
0.152394878386
0.113934236325
0.141177778616
0.194615334409
0.144965535703
0.270648048917
0.0735775824657
0.114269573937
0.368788031527
0.179777783135
-0.0436390306571
0.0846167230833
0.111060561056
-0.0162135763317
0.137602491069
0.19006419799
0.166610022629
0.198982344388
0.181122178532
0.113121791605
0.159803531714
0.0588742691662
0.0199934519831
0.0102748120734
0.101522384227
0.131416373454
0.168507594772
0.179455590174
0.170876100977
0.202240754364
0.10593306094
0.162570936625
0.193565053768
0.0362369863143
0.0411828819016
0.0519072260425
-0.00892850411953
0.0870534790125
0.0441129258341
0.127365230899
0.208104466297
0.140737986284
0.132717024032
0.170381093547
0.320652777762
0.137563097132
0.0541448202932
0.0764233418491
-0.0219808548538
CLUSTER 2:
MEAN: 1.23573494866
-0.109467187584
-0.35152947365
-0.0763041153874
-0.467078345712
-0.1356306177
-0.141098922209
-0.0783266559459
-0.276696537553
-0.24463564958
-0.280423826602
FIFTY_YEAR:
CLUSTER 0:
MEAN: 0.106797951889
0.118399414833
0.149017642583
0.178473530679
0.210425272265
0.402014972204
0.166331973526
0.176450909551
0.296149818705
0.247829525096
0.0891279968395
0.157177674287
-0.178600381935
0.112485662925
0.11284511423
0.124492152373
0.205141614564
0.271853612118
0.266747454876
0.14082864456
0.209224970072
0.560670827549
0.30707535811
0.171806072289
-0.0481330326943
-0.117081708426
0.0845546034177
0.172537757435
0.20655388089
0.266471403835
0.376782006753
0.226231935127
0.234222847756
0.390583172228
0.156198666188
0.0440339200281
-0.0118198361667
0.148747066208
0.143446108214
0.232857095303
0.415975825583
0.412249345597
0.244055482455
0.205581692119
0.155618846659
0.147741856687
0.00852125797471
0.298084418368
0.234939600799
0.18133728775
0.158247924316
0.28401295273
0.278079848194
0.234066552515
0.221328155236
0.402902056499
0.16159952768
0.100327179253
-0.128660103083
0.231923570608
0.138294512923
0.0564261728051
0.152599245225
0.19020758272
0.283383507629
0.351384742632
0.150326304389
0.160391348669
0.444496687677
0.0724838212314
0.0247381127303
0.00408275562117
0.110492127014
0.0993749198269
0.212182329478
0.290249075115
0.263042126683
0.171438185993
0.185111664516
0.466970525705
0.11951674108
0.329577011209
0.137715396728
0.253753442294
0.165827880366
0.224934905838
0.325144355509
0.239464759994
0.457287686438
0.141947484273
0.183908984594
0.633921276165
0.287725511942
-0.0676513538229
0.145524749918
0.182007413356
0.0806358540372
0.22278568103
0.311766562196
0.272367433544
0.33503613997
0.299025900317
0.181426954855
0.32451271573
0.0889541445442
0.0265544132589
0.020884572468
0.165072485947
0.202366805141
0.277539134161
0.301367685891
0.280362856436
0.335869759232
0.174755042975
0.266185140419
0.325617473123
0.0622575882983
0.0708286871428
0.0868642008175
-0.00571818719023
0.138460075655
0.0753829397888
0.209187432913
0.343217577598
0.234840944437
0.221682820316
0.28164231912
0.604069444429
0.198106575771
0.0944808215012
0.126569515319
-0.0312271859741
CLUSTER 1:
MEAN: -0.0825570906347
-0.744609148988
-0.993324506154
-0.259410984804
-0.376687779443
-0.44087266193
-0.539846941337
-0.60182029582
CLUSTER 2:
MEAN: 1.23573494866
1.89345752687
1.0617134813
0.993589897116
0.909747883305
HUNDRED_YEAR:
CLUSTER 0:
MEAN: 0.106797951889
0.194085847933
0.248995091668
0.291846265388
0.356709004947
0.672049802371
0.278948208859
0.293247480193
0.49164087897
0.420993651668
0.16213237566
0.286014131405
-0.293822372521
0.184358783989
0.184615260641
0.221921962085
0.334274610314
0.456084265653
0.446717996911
0.244778343045
0.341735008835
0.505868522042
0.314407727289
-0.0624016347236
-0.18504436349
0.136686164468
0.278244774035
0.344284779434
0.439843502346
0.632536221017
0.392448053685
0.384833643297
0.654784930383
0.263250841888
0.0792626167699
-0.0215379300023
0.2471471129
0.24427309424
0.382622993588
0.703386604436
0.684339222774
0.406889912279
0.341029389857
0.26375250283
0.248811808193
0.0194068164118
0.527611291948
0.390542621679
0.294485260497
0.275457837582
0.470515340058
0.467971951862
0.39211799678
0.372370991151
0.696362748199
0.268623454441
0.169589161263
-0.212549181645
0.408883556473
0.243432759799
0.0942692724298
0.245625154064
0.314377455488
0.472408855681
0.581767699767
0.256246834336
0.260904133878
0.767635601675
0.120930475564
0.0342573471224
0.00926075535637
0.172302672464
0.184525751063
0.354352571208
0.48882136882
0.448904117633
0.297957648376
0.304381158946
0.808861358724
0.194423867109
0.549649715492
0.232422796816
0.422684382141
0.252317287102
0.364530117873
0.542692724008
0.396963467147
0.768353748974
0.255897320618
0.299974669022
0.467638393287
-0.107671892433
0.247038127977
0.300252167188
0.242051571319
0.364757664298
0.514603835872
0.448629785069
0.561792465941
0.495532103293
0.295268893605
0.599028022424
0.139087270174
0.0374893487185
0.0385675064591
0.270989322146
0.320617524619
0.459258366475
0.504554512085
0.462840782202
0.558584767346
0.289458346366
0.438875480075
0.545704838714
0.105625258272
0.120238362545
0.145125825442
-0.00036765897473
0.224137736726
0.127499629713
0.345557769601
0.568406096432
0.391679208024
0.369959147454
0.467077695076
0.299012373503
0.161707490181
0.210146471101
-0.0466377378414
CLUSTER 1:
MEAN: -0.0825570906347
1.01520808053
2.354022043
1.20577535373
1.72191130049
1.07581001723
1.07643055554
1.5184858101
CLUSTER 2:
MEAN: 1.23573494866
-1.39974194122
-1.87040144022
-0.465711596642
-0.769335874834
-0.714499535893
-1.03186576093
-1.13748107785
