9461380
9461380
9414750
9414750
9455920
9455920
8575512
8575512
8728690
8728690
1630000
1630000
9416841
9416841
9439040
9439040
8534720
8534720
8574680
8574680
8413320
8413320
8747437
8747437
8656483
8656483
8519483
8519483
2695540
2695540
8443970
8443970
8467150
8467150
8571892
8571892
8536110
8536110
8727520
8727520
8665530
8665530
9432780
9432780
9751639
9751639
9449424
9449424
8638863
8638863
8573927
8573927
1840000
1840000
8726724
8726724
8635150
8635150
9454050
9454050
8775870
8775870
9419750
9419750
8411250
8411250
8735180
8735180
8721120
8721120
8651370
8651370
8410140
8410140
8764311
8764311
8720030
8720030
8725520
8725520
8670870
8670870
8772440
8772440
9449880
9449880
8771450
8771450
8771510
8771510
9437540
9437540
8637624
8637624
8761724
8761724
9731158
9731158
9439011
9439011
1617760
1617760
1612340
1612340
1619000
1619000
9452210
9452210
1615680
1615680
9450460
9450460
8724580
8724580
8516945
8516945
8632200
8632200
9457292
9457292
1820000
1820000
9410230
9410230
8722670
8722670
8557380
8557380
8635750
8635750
9751401
9751401
9410660
9410660
9759110
9759110
8720218
8720218
8723170
8723170
1619910
1619910
8737048
8737048
1612480
1612480
8510560
8510560
9413450
9413450
8449130
8449130
8725110
8725110
1611400
1611400
9443090
9443090
8761927
8761927
8461490
8461490
8452660
8452660
9410580
9410580
9455760
9455760
9418767
9418767
8570283
8570283
8652587
8652587
8779750
8779750
1770000
1770000
8729108
8729108
8729840
8729840
8545240
8545240
9415020
9415020
9444090
9444090
9415144
9415144
8779770
8779770
8514560
8514560
8778490
8778490
9463502
9463502
9431647
9431647
9412110
9412110
9444900
9444900
8418150
8418150
8638660
8638660
8454000
8454000
9497645
9497645
9414523
9414523
8551910
8551910
9411270
9411270
8774770
8774770
8770570
8770570
9410170
9410170
9414290
9414290
9755371
9755371
9459450
9459450
8531680
8531680
9411340
9411340
9410840
9410840
9447130
9447130
8419870
8419870
9455500
9455500
9455090
9455090
8638610
8638610
9451600
9451600
9452400
9452400
8577330
8577330
9435380
9435380
8659084
8659084
8661070
8661070
8726520
8726520
8518750
8518750
9440910
9440910
8573364
8573364
9462620
9462620
8723970
8723970
9454240
9454240
8631044
8631044
1890000
1890000
8594900
8594900
8658120
8658120
8447930
8447930
9453220
9453220
