Year, Month, Monthly_MSL, Unverified, Linear_Trend, High_Conf., Low_Conf.
1900, 1, , , -0.531, -0.433, -0.628
1900, 2, , , -0.530, -0.433, -0.628
1900, 3, , , -0.530, -0.432, -0.627
1900, 4, , , -0.529, -0.432, -0.627
1900, 5, , , -0.529, -0.432, -0.626
1900, 6, , , -0.528, -0.431, -0.625
1900, 7, , , -0.528, -0.431, -0.625
1900, 8, , , -0.527, -0.431, -0.624
1900, 9, , , -0.527, -0.430, -0.624
1900, 10, , , -0.526, -0.430, -0.623
1900, 11, , , -0.526, -0.429, -0.623
1900, 12, , , -0.526, -0.429, -0.622
1901, 1, , , -0.525, -0.429, -0.622
1901, 2, , , -0.525, -0.428, -0.621
1901, 3, , , -0.524, -0.428, -0.620
1901, 4, , , -0.524, -0.427, -0.620
1901, 5, , , -0.523, -0.427, -0.619
1901, 6, , , -0.523, -0.427, -0.619
1901, 7, , , -0.522, -0.426, -0.618
1901, 8, , , -0.522, -0.426, -0.618
1901, 9, , , -0.521, -0.426, -0.617
1901, 10, , , -0.521, -0.425, -0.617
1901, 11, , , -0.520, -0.425, -0.616
1901, 12, , , -0.520, -0.424, -0.616
1902, 1, , , -0.519, -0.424, -0.615
1902, 2, , , -0.519, -0.424, -0.614
1902, 3, , , -0.519, -0.423, -0.614
1902, 4, , , -0.518, -0.423, -0.613
1902, 5, , , -0.518, -0.422, -0.613
1902, 6, , , -0.517, -0.422, -0.612
1902, 7, , , -0.517, -0.422, -0.612
1902, 8, , , -0.516, -0.421, -0.611
1902, 9, , , -0.516, -0.421, -0.611
1902, 10, , , -0.515, -0.421, -0.610
1902, 11, , , -0.515, -0.420, -0.610
1902, 12, , , -0.514, -0.420, -0.609
1903, 1, , , -0.514, -0.419, -0.608
1903, 2, , , -0.513, -0.419, -0.608
1903, 3, , , -0.513, -0.419, -0.607
1903, 4, , , -0.512, -0.418, -0.607
1903, 5, , , -0.512, -0.418, -0.606
1903, 6, , , -0.512, -0.417, -0.606
1903, 7, , , -0.511, -0.417, -0.605
1903, 8, , , -0.511, -0.417, -0.605
1903, 9, , , -0.510, -0.416, -0.604
1903, 10, , , -0.510, -0.416, -0.603
1903, 11, , , -0.509, -0.416, -0.603
1903, 12, , , -0.509, -0.415, -0.602
1904, 1, , , -0.508, -0.415, -0.602
1904, 2, , , -0.508, -0.414, -0.601
1904, 3, , , -0.507, -0.414, -0.601
1904, 4, , , -0.507, -0.414, -0.600
1904, 5, , , -0.506, -0.413, -0.600
1904, 6, , , -0.506, -0.413, -0.599
1904, 7, , , -0.505, -0.412, -0.599
1904, 8, , , -0.505, -0.412, -0.598
1904, 9, , , -0.505, -0.412, -0.597
1904, 10, , , -0.504, -0.411, -0.597
1904, 11, , , -0.504, -0.411, -0.596
1904, 12, , , -0.503, -0.411, -0.596
1905, 1, , , -0.503, -0.410, -0.595
1905, 2, , , -0.502, -0.410, -0.595
1905, 3, , , -0.502, -0.409, -0.594
1905, 4, , , -0.501, -0.409, -0.594
1905, 5, , , -0.501, -0.409, -0.593
1905, 6, , , -0.500, -0.408, -0.593
1905, 7, , , -0.500, -0.408, -0.592
1905, 8, , , -0.499, -0.407, -0.591
1905, 9, , , -0.499, -0.407, -0.591
1905, 10, , , -0.499, -0.407, -0.590
1905, 11, , , -0.498, -0.406, -0.590
1905, 12, , , -0.498, -0.406, -0.589
1906, 1, , , -0.497, -0.406, -0.589
1906, 2, , , -0.497, -0.405, -0.588
1906, 3, , , -0.496, -0.405, -0.588
1906, 4, , , -0.496, -0.404, -0.587
1906, 5, , , -0.495, -0.404, -0.586
1906, 6, , , -0.495, -0.404, -0.586
1906, 7, , , -0.494, -0.403, -0.585
1906, 8, , , -0.494, -0.403, -0.585
1906, 9, , , -0.493, -0.402, -0.584
1906, 10, , , -0.493, -0.402, -0.584
1906, 11, , , -0.492, -0.402, -0.583
1906, 12, , , -0.492, -0.401, -0.583
1907, 1, , , -0.492, -0.401, -0.582
1907, 2, , , -0.491, -0.401, -0.582
1907, 3, , , -0.491, -0.400, -0.581
1907, 4, , , -0.490, -0.400, -0.580
1907, 5, , , -0.490, -0.399, -0.580
1907, 6, , , -0.489, -0.399, -0.579
1907, 7, , , -0.489, -0.399, -0.579
1907, 8, , , -0.488, -0.398, -0.578
1907, 9, , , -0.488, -0.398, -0.578
1907, 10, , , -0.487, -0.397, -0.577
1907, 11, , , -0.487, -0.397, -0.577
1907, 12, , , -0.486, -0.397, -0.576
1908, 1, , , -0.486, -0.396, -0.576
1908, 2, , , -0.485, -0.396, -0.575
1908, 3, , , -0.485, -0.396, -0.574
1908, 4, , , -0.485, -0.395, -0.574
1908, 5, , , -0.484, -0.395, -0.573
1908, 6, , , -0.484, -0.394, -0.573
1908, 7, , , -0.483, -0.394, -0.572
1908, 8, , , -0.483, -0.394, -0.572
1908, 9, , , -0.482, -0.393, -0.571
1908, 10, , , -0.482, -0.393, -0.571
1908, 11, , , -0.481, -0.392, -0.570
1908, 12, , , -0.481, -0.392, -0.569
1909, 1, , , -0.480, -0.392, -0.569
1909, 2, , , -0.480, -0.391, -0.568
1909, 3, , , -0.479, -0.391, -0.568
1909, 4, , , -0.479, -0.391, -0.567
1909, 5, , , -0.478, -0.390, -0.567
1909, 6, , , -0.478, -0.390, -0.566
1909, 7, , , -0.478, -0.389, -0.566
1909, 8, , , -0.477, -0.389, -0.565
1909, 9, , , -0.477, -0.389, -0.565
1909, 10, , , -0.476, -0.388, -0.564
1909, 11, , , -0.476, -0.388, -0.563
1909, 12, , , -0.475, -0.387, -0.563
1910, 1, , , -0.475, -0.387, -0.562
1910, 2, , , -0.474, -0.387, -0.562
1910, 3, , , -0.474, -0.386, -0.561
1910, 4, , , -0.473, -0.386, -0.561
1910, 5, , , -0.473, -0.386, -0.560
1910, 6, , , -0.472, -0.385, -0.560
1910, 7, , , -0.472, -0.385, -0.559
1910, 8, , , -0.471, -0.384, -0.559
1910, 9, , , -0.471, -0.384, -0.558
1910, 10, , , -0.471, -0.384, -0.557
1910, 11, , , -0.470, -0.383, -0.557
1910, 12, , , -0.470, -0.383, -0.556
1911, 1, , , -0.469, -0.382, -0.556
1911, 2, , , -0.469, -0.382, -0.555
1911, 3, , , -0.468, -0.382, -0.555
1911, 4, , , -0.468, -0.381, -0.554
1911, 5, , , -0.467, -0.381, -0.554
1911, 6, , , -0.467, -0.381, -0.553
1911, 7, , , -0.466, -0.380, -0.552
1911, 8, , , -0.466, -0.380, -0.552
1911, 9, , , -0.465, -0.379, -0.551
1911, 10, , , -0.465, -0.379, -0.551
1911, 11, , , -0.464, -0.379, -0.550
1911, 12, , , -0.464, -0.378, -0.550
1912, 1, , , -0.464, -0.378, -0.549
1912, 2, , , -0.463, -0.377, -0.549
1912, 3, , , -0.463, -0.377, -0.548
1912, 4, , , -0.462, -0.377, -0.548
1912, 5, , , -0.462, -0.376, -0.547
1912, 6, , , -0.461, -0.376, -0.546
1912, 7, , , -0.461, -0.376, -0.546
1912, 8, , , -0.460, -0.375, -0.545
1912, 9, , , -0.460, -0.375, -0.545
1912, 10, , , -0.459, -0.374, -0.544
1912, 11, , , -0.459, -0.374, -0.544
1912, 12, , , -0.458, -0.374, -0.543
1913, 1, , , -0.458, -0.373, -0.543
1913, 2, , , -0.457, -0.373, -0.542
1913, 3, , , -0.457, -0.372, -0.542
1913, 4, , , -0.457, -0.372, -0.541
1913, 5, , , -0.456, -0.372, -0.540
1913, 6, , , -0.456, -0.371, -0.540
1913, 7, , , -0.455, -0.371, -0.539
1913, 8, , , -0.455, -0.371, -0.539
1913, 9, , , -0.454, -0.370, -0.538
1913, 10, , , -0.454, -0.370, -0.538
1913, 11, , , -0.453, -0.369, -0.537
1913, 12, , , -0.453, -0.369, -0.537
1914, 1, , , -0.452, -0.369, -0.536
1914, 2, , , -0.452, -0.368, -0.535
1914, 3, , , -0.451, -0.368, -0.535
1914, 4, , , -0.451, -0.367, -0.534
1914, 5, , , -0.450, -0.367, -0.534
1914, 6, , , -0.450, -0.367, -0.533
1914, 7, , , -0.450, -0.366, -0.533
1914, 8, , , -0.449, -0.366, -0.532
1914, 9, , , -0.449, -0.366, -0.532
1914, 10, , , -0.448, -0.365, -0.531
1914, 11, , , -0.448, -0.365, -0.531
1914, 12, , , -0.447, -0.364, -0.530
1915, 1, , , -0.447, -0.364, -0.529
1915, 2, , , -0.446, -0.364, -0.529
1915, 3, , , -0.446, -0.363, -0.528
1915, 4, , , -0.445, -0.363, -0.528
1915, 5, , , -0.445, -0.363, -0.527
1915, 6, , , -0.444, -0.362, -0.527
1915, 7, , , -0.444, -0.362, -0.526
1915, 8, , , -0.443, -0.361, -0.526
1915, 9, , , -0.443, -0.361, -0.525
1915, 10, , , -0.443, -0.361, -0.525
1915, 11, , , -0.442, -0.360, -0.524
1915, 12, , , -0.442, -0.360, -0.523
1916, 1, , , -0.441, -0.359, -0.523
1916, 2, , , -0.441, -0.359, -0.522
1916, 3, , , -0.440, -0.359, -0.522
1916, 4, , , -0.440, -0.358, -0.521
1916, 5, , , -0.439, -0.358, -0.521
1916, 6, , , -0.439, -0.358, -0.520
1916, 7, , , -0.438, -0.357, -0.520
1916, 8, , , -0.438, -0.357, -0.519
1916, 9, , , -0.437, -0.356, -0.518
1916, 10, , , -0.437, -0.356, -0.518
1916, 11, , , -0.436, -0.356, -0.517
1916, 12, , , -0.436, -0.355, -0.517
1917, 1, , , -0.436, -0.355, -0.516
1917, 2, , , -0.435, -0.354, -0.516
1917, 3, , , -0.435, -0.354, -0.515
1917, 4, , , -0.434, -0.354, -0.515
1917, 5, , , -0.434, -0.353, -0.514
1917, 6, , , -0.433, -0.353, -0.514
1917, 7, , , -0.433, -0.353, -0.513
1917, 8, , , -0.432, -0.352, -0.512
1917, 9, , , -0.432, -0.352, -0.512
1917, 10, , , -0.431, -0.351, -0.511
1917, 11, , , -0.431, -0.351, -0.511
1917, 12, , , -0.430, -0.351, -0.510
1918, 1, , , -0.430, -0.350, -0.510
1918, 2, , , -0.429, -0.350, -0.509
1918, 3, , , -0.429, -0.349, -0.509
1918, 4, , , -0.429, -0.349, -0.508
1918, 5, , , -0.428, -0.349, -0.508
1918, 6, , , -0.428, -0.348, -0.507
1918, 7, , , -0.427, -0.348, -0.506
1918, 8, , , -0.427, -0.348, -0.506
1918, 9, , , -0.426, -0.347, -0.505
1918, 10, , , -0.426, -0.347, -0.505
1918, 11, , , -0.425, -0.346, -0.504
1918, 12, , , -0.425, -0.346, -0.504
1919, 1, , , -0.424, -0.346, -0.503
1919, 2, , , -0.424, -0.345, -0.503
1919, 3, , , -0.423, -0.345, -0.502
1919, 4, , , -0.423, -0.344, -0.502
1919, 5, , , -0.423, -0.344, -0.501
1919, 6, , , -0.422, -0.344, -0.500
1919, 7, , , -0.422, -0.343, -0.500
1919, 8, , , -0.421, -0.343, -0.499
1919, 9, , , -0.421, -0.343, -0.499
1919, 10, , , -0.420, -0.342, -0.498
1919, 11, , , -0.420, -0.342, -0.498
1919, 12, , , -0.419, -0.341, -0.497
1920, 1, , , -0.419, -0.341, -0.497
1920, 2, , , -0.418, -0.341, -0.496
1920, 3, , , -0.418, -0.340, -0.495
1920, 4, , , -0.417, -0.340, -0.495
1920, 5, , , -0.417, -0.339, -0.494
1920, 6, , , -0.416, -0.339, -0.494
1920, 7, , , -0.416, -0.339, -0.493
1920, 8, , , -0.416, -0.338, -0.493
1920, 9, , , -0.415, -0.338, -0.492
1920, 10, , , -0.415, -0.338, -0.492
1920, 11, , , -0.414, -0.337, -0.491
1920, 12, , , -0.414, -0.337, -0.491
1921, 1, , , -0.413, -0.336, -0.490
1921, 2, , , -0.413, -0.336, -0.489
1921, 3, , , -0.412, -0.336, -0.489
1921, 4, , , -0.412, -0.335, -0.488
1921, 5, , , -0.411, -0.335, -0.488
1921, 6, , , -0.411, -0.334, -0.487
1921, 7, , , -0.410, -0.334, -0.487
1921, 8, , , -0.410, -0.334, -0.486
1921, 9, , , -0.409, -0.333, -0.486
1921, 10, , , -0.409, -0.333, -0.485
1921, 11, , , -0.409, -0.333, -0.485
1921, 12, , , -0.408, -0.332, -0.484
1922, 1, , , -0.408, -0.332, -0.483
1922, 2, , , -0.407, -0.331, -0.483
1922, 3, , , -0.407, -0.331, -0.482
1922, 4, , , -0.406, -0.331, -0.482
1922, 5, , , -0.406, -0.330, -0.481
1922, 6, , , -0.405, -0.330, -0.481
1922, 7, , , -0.405, -0.329, -0.480
1922, 8, , , -0.404, -0.329, -0.480
1922, 9, , , -0.404, -0.329, -0.479
1922, 10, , , -0.403, -0.328, -0.478
1922, 11, , , -0.403, -0.328, -0.478
1922, 12, , , -0.402, -0.328, -0.477
1923, 1, , , -0.402, -0.327, -0.477
1923, 2, , , -0.402, -0.327, -0.476
1923, 3, , , -0.401, -0.326, -0.476
1923, 4, , , -0.401, -0.326, -0.475
1923, 5, , , -0.400, -0.326, -0.475
1923, 6, , , -0.400, -0.325, -0.474
1923, 7, , , -0.399, -0.325, -0.474
1923, 8, , , -0.399, -0.324, -0.473
1923, 9, , , -0.398, -0.324, -0.472
1923, 10, , , -0.398, -0.324, -0.472
1923, 11, , , -0.397, -0.323, -0.471
1923, 12, , , -0.397, -0.323, -0.471
1924, 1, , , -0.396, -0.323, -0.470
1924, 2, , , -0.396, -0.322, -0.470
1924, 3, , , -0.395, -0.322, -0.469
1924, 4, , , -0.395, -0.321, -0.469
1924, 5, , , -0.395, -0.321, -0.468
1924, 6, , , -0.394, -0.321, -0.468
1924, 7, , , -0.394, -0.320, -0.467
1924, 8, , , -0.393, -0.320, -0.466
1924, 9, , , -0.393, -0.319, -0.466
1924, 10, , , -0.392, -0.319, -0.465
1924, 11, , , -0.392, -0.319, -0.465
1924, 12, , , -0.391, -0.318, -0.464
1925, 1, , , -0.391, -0.318, -0.464
1925, 2, , , -0.390, -0.318, -0.463
1925, 3, , , -0.390, -0.317, -0.463
1925, 4, , , -0.389, -0.317, -0.462
1925, 5, , , -0.389, -0.316, -0.461
1925, 6, , , -0.388, -0.316, -0.461
1925, 7, , , -0.388, -0.316, -0.460
1925, 8, , , -0.388, -0.315, -0.460
1925, 9, , , -0.387, -0.315, -0.459
1925, 10, , , -0.387, -0.314, -0.459
1925, 11, , , -0.386, -0.314, -0.458
1925, 12, , , -0.386, -0.314, -0.458
1926, 1, , , -0.385, -0.313, -0.457
1926, 2, , , -0.385, -0.313, -0.457
1926, 3, , , -0.384, -0.313, -0.456
1926, 4, , , -0.384, -0.312, -0.455
1926, 5, , , -0.383, -0.312, -0.455
1926, 6, , , -0.383, -0.311, -0.454
1926, 7, , , -0.382, -0.311, -0.454
1926, 8, , , -0.382, -0.311, -0.453
1926, 9, , , -0.381, -0.310, -0.453
1926, 10, , , -0.381, -0.310, -0.452
1926, 11, , , -0.381, -0.309, -0.452
1926, 12, , , -0.380, -0.309, -0.451
1927, 1, , , -0.380, -0.309, -0.451
1927, 2, , , -0.379, -0.308, -0.450
1927, 3, , , -0.379, -0.308, -0.449
1927, 4, , , -0.378, -0.308, -0.449
1927, 5, , , -0.378, -0.307, -0.448
1927, 6, , , -0.377, -0.307, -0.448
1927, 7, , , -0.377, -0.306, -0.447
1927, 8, , , -0.376, -0.306, -0.447
1927, 9, , , -0.376, -0.306, -0.446
1927, 10, , , -0.375, -0.305, -0.446
1927, 11, , , -0.375, -0.305, -0.445
1927, 12, , , -0.374, -0.304, -0.445
1928, 1, , , -0.374, -0.304, -0.444
1928, 2, , , -0.374, -0.304, -0.443
1928, 3, , , -0.373, -0.303, -0.443
1928, 4, , , -0.373, -0.303, -0.442
1928, 5, , , -0.372, -0.303, -0.442
1928, 6, , , -0.372, -0.302, -0.441
1928, 7, , , -0.371, -0.302, -0.441
1928, 8, , , -0.371, -0.301, -0.440
1928, 9, , , -0.370, -0.301, -0.440
1928, 10, , , -0.370, -0.301, -0.439
1928, 11, , , -0.369, -0.300, -0.438
1928, 12, , , -0.369, -0.300, -0.438
1929, 1, , , -0.368, -0.299, -0.437
1929, 2, , , -0.368, -0.299, -0.437
1929, 3, , , -0.367, -0.299, -0.436
1929, 4, , , -0.367, -0.298, -0.436
1929, 5, , , -0.367, -0.298, -0.435
1929, 6, , , -0.366, -0.298, -0.435
1929, 7, , , -0.366, -0.297, -0.434
1929, 8, , , -0.365, -0.297, -0.434
1929, 9, , , -0.365, -0.296, -0.433
1929, 10, , , -0.364, -0.296, -0.432
1929, 11, , , -0.364, -0.296, -0.432
1929, 12, , , -0.363, -0.295, -0.431
1930, 1, , , -0.363, -0.295, -0.431
1930, 2, , , -0.362, -0.294, -0.430
1930, 3, , , -0.362, -0.294, -0.430
1930, 4, , , -0.361, -0.294, -0.429
1930, 5, , , -0.361, -0.293, -0.429
1930, 6, , , -0.360, -0.293, -0.428
1930, 7, , , -0.360, -0.293, -0.428
1930, 8, , , -0.360, -0.292, -0.427
1930, 9, , , -0.359, -0.292, -0.426
1930, 10, , , -0.359, -0.291, -0.426
1930, 11, , , -0.358, -0.291, -0.425
1930, 12, , , -0.358, -0.291, -0.425
1931, 1, , , -0.357, -0.290, -0.424
1931, 2, , , -0.357, -0.290, -0.424
1931, 3, , , -0.356, -0.289, -0.423
1931, 4, , , -0.356, -0.289, -0.423
1931, 5, , , -0.355, -0.289, -0.422
1931, 6, , , -0.355, -0.288, -0.422
1931, 7, , , -0.354, -0.288, -0.421
1931, 8, , , -0.354, -0.288, -0.420
1931, 9, , , -0.353, -0.287, -0.420
1931, 10, , , -0.353, -0.287, -0.419
1931, 11, , , -0.353, -0.286, -0.419
1931, 12, , , -0.352, -0.286, -0.418
1932, 1, , , -0.352, -0.286, -0.418
1932, 2, , , -0.351, -0.285, -0.417
1932, 3, , , -0.351, -0.285, -0.417
1932, 4, , , -0.350, -0.284, -0.416
1932, 5, , , -0.350, -0.284, -0.415
1932, 6, , , -0.349, -0.284, -0.415
1932, 7, , , -0.349, -0.283, -0.414
1932, 8, , , -0.348, -0.283, -0.414
1932, 9, , , -0.348, -0.282, -0.413
1932, 10, , , -0.347, -0.282, -0.413
1932, 11, , , -0.347, -0.282, -0.412
1932, 12, , , -0.346, -0.281, -0.412
1933, 1, , , -0.346, -0.281, -0.411
1933, 2, , , -0.346, -0.281, -0.411
1933, 3, , , -0.345, -0.280, -0.410
1933, 4, , , -0.345, -0.280, -0.409
1933, 5, , , -0.344, -0.279, -0.409
1933, 6, , , -0.344, -0.279, -0.408
1933, 7, , , -0.343, -0.279, -0.408
1933, 8, , , -0.343, -0.278, -0.407
1933, 9, , , -0.342, -0.278, -0.407
1933, 10, , , -0.342, -0.277, -0.406
1933, 11, , , -0.341, -0.277, -0.406
1933, 12, , , -0.341, -0.277, -0.405
1934, 1, , , -0.340, -0.276, -0.405
1934, 2, , , -0.340, -0.276, -0.404
1934, 3, , , -0.340, -0.276, -0.403
1934, 4, , , -0.339, -0.275, -0.403
1934, 5, , , -0.339, -0.275, -0.402
1934, 6, , , -0.338, -0.274, -0.402
1934, 7, , , -0.338, -0.274, -0.401
1934, 8, , , -0.337, -0.274, -0.401
1934, 9, , , -0.337, -0.273, -0.400
1934, 10, , , -0.336, -0.273, -0.400
1934, 11, , , -0.336, -0.272, -0.399
1934, 12, , , -0.335, -0.272, -0.399
1935, 1, , , -0.335, -0.272, -0.398
1935, 2, , , -0.334, -0.271, -0.397
1935, 3, , , -0.334, -0.271, -0.397
1935, 4, , , -0.333, -0.271, -0.396
1935, 5, , , -0.333, -0.270, -0.396
1935, 6, , , -0.333, -0.270, -0.395
1935, 7, , , -0.332, -0.269, -0.395
1935, 8, , , -0.332, -0.269, -0.394
1935, 9, , , -0.331, -0.269, -0.394
1935, 10, , , -0.331, -0.268, -0.393
1935, 11, , , -0.330, -0.268, -0.392
1935, 12, , , -0.330, -0.267, -0.392
1936, 1, , , -0.329, -0.267, -0.391
1936, 2, , , -0.329, -0.267, -0.391
1936, 3, , , -0.328, -0.266, -0.390
1936, 4, , , -0.328, -0.266, -0.390
1936, 5, , , -0.327, -0.266, -0.389
1936, 6, , , -0.327, -0.265, -0.389
1936, 7, , , -0.326, -0.265, -0.388
1936, 8, , , -0.326, -0.264, -0.388
1936, 9, , , -0.326, -0.264, -0.387
1936, 10, , , -0.325, -0.264, -0.386
1936, 11, , , -0.325, -0.263, -0.386
1936, 12, , , -0.324, -0.263, -0.385
1937, 1, , , -0.324, -0.262, -0.385
1937, 2, , , -0.323, -0.262, -0.384
1937, 3, , , -0.323, -0.262, -0.384
1937, 4, , , -0.322, -0.261, -0.383
1937, 5, , , -0.322, -0.261, -0.383
1937, 6, , , -0.321, -0.261, -0.382
1937, 7, , , -0.321, -0.260, -0.382
1937, 8, , , -0.320, -0.260, -0.381
1937, 9, , , -0.320, -0.259, -0.380
1937, 10, , , -0.319, -0.259, -0.380
1937, 11, , , -0.319, -0.259, -0.379
1937, 12, , , -0.319, -0.258, -0.379
1938, 1, , , -0.318, -0.258, -0.378
1938, 2, , , -0.318, -0.257, -0.378
1938, 3, , , -0.317, -0.257, -0.377
1938, 4, , , -0.317, -0.257, -0.377
1938, 5, , , -0.316, -0.256, -0.376
1938, 6, , , -0.316, -0.256, -0.376
1938, 7, , , -0.315, -0.256, -0.375
1938, 8, , , -0.315, -0.255, -0.374
1938, 9, , , -0.314, -0.255, -0.374
1938, 10, , , -0.314, -0.254, -0.373
1938, 11, , , -0.313, -0.254, -0.373
1938, 12, , , -0.313, -0.254, -0.372
1939, 1, , , -0.312, -0.253, -0.372
1939, 2, , , -0.312, -0.253, -0.371
1939, 3, , , -0.312, -0.252, -0.371
1939, 4, , , -0.311, -0.252, -0.370
1939, 5, , , -0.311, -0.252, -0.370
1939, 6, , , -0.310, -0.251, -0.369
1939, 7, , , -0.310, -0.251, -0.368
1939, 8, , , -0.309, -0.251, -0.368
1939, 9, , , -0.309, -0.250, -0.367
1939, 10, , , -0.308, -0.250, -0.367
1939, 11, , , -0.308, -0.249, -0.366
1939, 12, , , -0.307, -0.249, -0.366
1940, 1, , , -0.307, -0.249, -0.365
1940, 2, , , -0.306, -0.248, -0.365
1940, 3, , , -0.306, -0.248, -0.364
1940, 4, , , -0.305, -0.247, -0.363
1940, 5, , , -0.305, -0.247, -0.363
1940, 6, , , -0.305, -0.247, -0.362
1940, 7, , , -0.304, -0.246, -0.362
1940, 8, , , -0.304, -0.246, -0.361
1940, 9, , , -0.303, -0.246, -0.361
1940, 10, , , -0.303, -0.245, -0.360
1940, 11, , , -0.302, -0.245, -0.360
1940, 12, , , -0.302, -0.244, -0.359
1941, 1, , , -0.301, -0.244, -0.359
1941, 2, , , -0.301, -0.244, -0.358
1941, 3, , , -0.300, -0.243, -0.357
1941, 4, , , -0.300, -0.243, -0.357
1941, 5, , , -0.299, -0.242, -0.356
1941, 6, , , -0.299, -0.242, -0.356
1941, 7, , , -0.298, -0.242, -0.355
1941, 8, , , -0.298, -0.241, -0.355
1941, 9, , , -0.298, -0.241, -0.354
1941, 10, , , -0.297, -0.241, -0.354
1941, 11, , , -0.297, -0.240, -0.353
1941, 12, , , -0.296, -0.240, -0.353
1942, 1, , , -0.296, -0.239, -0.352
1942, 2, , , -0.295, -0.239, -0.351
1942, 3, , , -0.295, -0.239, -0.351
1942, 4, , , -0.294, -0.238, -0.350
1942, 5, , , -0.294, -0.238, -0.350
1942, 6, , , -0.293, -0.237, -0.349
1942, 7, , , -0.293, -0.237, -0.349
1942, 8, , , -0.292, -0.237, -0.348
1942, 9, , , -0.292, -0.236, -0.348
1942, 10, , , -0.291, -0.236, -0.347
1942, 11, , , -0.291, -0.235, -0.347
1942, 12, , , -0.291, -0.235, -0.346
1943, 1, , , -0.290, -0.235, -0.345
1943, 2, , , -0.290, -0.234, -0.345
1943, 3, , , -0.289, -0.234, -0.344
1943, 4, , , -0.289, -0.234, -0.344
1943, 5, , , -0.288, -0.233, -0.343
1943, 6, , , -0.288, -0.233, -0.343
1943, 7, , , -0.287, -0.232, -0.342
1943, 8, , , -0.287, -0.232, -0.342
1943, 9, , , -0.286, -0.232, -0.341
1943, 10, , , -0.286, -0.231, -0.341
1943, 11, , , -0.285, -0.231, -0.340
1943, 12, , , -0.285, -0.230, -0.339
1944, 1, , , -0.284, -0.230, -0.339
1944, 2, , , -0.284, -0.230, -0.338
1944, 3, , , -0.284, -0.229, -0.338
1944, 4, , , -0.283, -0.229, -0.337
1944, 5, , , -0.283, -0.229, -0.337
1944, 6, , , -0.282, -0.228, -0.336
1944, 7, , , -0.282, -0.228, -0.336
1944, 8, , , -0.281, -0.227, -0.335
1944, 9, , , -0.281, -0.227, -0.334
1944, 10, , , -0.280, -0.227, -0.334
1944, 11, , , -0.280, -0.226, -0.333
1944, 12, , , -0.279, -0.226, -0.333
1945, 1, , , -0.279, -0.225, -0.332
1945, 2, , , -0.278, -0.225, -0.332
1945, 3, , , -0.278, -0.225, -0.331
1945, 4, , , -0.277, -0.224, -0.331
1945, 5, , , -0.277, -0.224, -0.330
1945, 6, , , -0.277, -0.224, -0.330
1945, 7, , , -0.276, -0.223, -0.329
1945, 8, , , -0.276, -0.223, -0.328
1945, 9, , , -0.275, -0.222, -0.328
1945, 10, , , -0.275, -0.222, -0.327
1945, 11, , , -0.274, -0.222, -0.327
1945, 12, , , -0.274, -0.221, -0.326
1946, 1, , , -0.273, -0.221, -0.326
1946, 2, , , -0.273, -0.220, -0.325
1946, 3, , , -0.272, -0.220, -0.325
1946, 4, , , -0.272, -0.220, -0.324
1946, 5, , , -0.271, -0.219, -0.324
1946, 6, , , -0.271, -0.219, -0.323
1946, 7, , , -0.270, -0.219, -0.322
1946, 8, , , -0.270, -0.218, -0.322
1946, 9, , , -0.270, -0.218, -0.321
1946, 10, , , -0.269, -0.217, -0.321
1946, 11, , , -0.269, -0.217, -0.320
1946, 12, , , -0.268, -0.217, -0.320
1947, 1, , , -0.268, -0.216, -0.319
1947, 2, , , -0.267, -0.216, -0.319
1947, 3, , , -0.267, -0.215, -0.318
1947, 4, , , -0.266, -0.215, -0.318
1947, 5, , , -0.266, -0.215, -0.317
1947, 6, , , -0.265, -0.214, -0.316
1947, 7, , , -0.265, -0.214, -0.316
1947, 8, , , -0.264, -0.214, -0.315
1947, 9, , , -0.264, -0.213, -0.315
1947, 10, , , -0.264, -0.213, -0.314
1947, 11, , , -0.263, -0.212, -0.314
1947, 12, , , -0.263, -0.212, -0.313
1948, 1, , , -0.262, -0.212, -0.313
1948, 2, , , -0.262, -0.211, -0.312
1948, 3, , , -0.261, -0.211, -0.312
1948, 4, , , -0.261, -0.210, -0.311
1948, 5, , , -0.260, -0.210, -0.310
1948, 6, , , -0.260, -0.210, -0.310
1948, 7, , , -0.259, -0.209, -0.309
1948, 8, , , -0.259, -0.209, -0.309
1948, 9, , , -0.258, -0.208, -0.308
1948, 10, , , -0.258, -0.208, -0.308
1948, 11, , , -0.257, -0.208, -0.307
1948, 12, , , -0.257, -0.207, -0.307
1949, 1, , , -0.257, -0.207, -0.306
1949, 2, , , -0.256, -0.207, -0.306
1949, 3, , , -0.256, -0.206, -0.305
1949, 4, , , -0.255, -0.206, -0.304
1949, 5, , , -0.255, -0.205, -0.304
1949, 6, , , -0.254, -0.205, -0.303
1949, 7, , , -0.254, -0.205, -0.303
1949, 8, , , -0.253, -0.204, -0.302
1949, 9, , , -0.253, -0.204, -0.302
1949, 10, , , -0.252, -0.203, -0.301
1949, 11, , , -0.252, -0.203, -0.301
1949, 12, , , -0.251, -0.203, -0.300
1950, 1, , , -0.251, -0.202, -0.300
1950, 2, , , -0.250, -0.202, -0.299
1950, 3, , , -0.250, -0.202, -0.298
1950, 4, , , -0.250, -0.201, -0.298
1950, 5, , , -0.249, -0.201, -0.297
1950, 6, , , -0.249, -0.200, -0.297
1950, 7, , , -0.248, -0.200, -0.296
1950, 8, , , -0.248, -0.200, -0.296
1950, 9, , , -0.247, -0.199, -0.295
1950, 10, , , -0.247, -0.199, -0.295
1950, 11, , , -0.246, -0.198, -0.294
1950, 12, , , -0.246, -0.198, -0.294
1951, 1, , , -0.245, -0.198, -0.293
1951, 2, , , -0.245, -0.197, -0.292
1951, 3, , , -0.244, -0.197, -0.292
1951, 4, , , -0.244, -0.197, -0.291
1951, 5, , , -0.243, -0.196, -0.291
1951, 6, , , -0.243, -0.196, -0.290
1951, 7, , , -0.243, -0.195, -0.290
1951, 8, , , -0.242, -0.195, -0.289
1951, 9, , , -0.242, -0.195, -0.289
1951, 10, , , -0.241, -0.194, -0.288
1951, 11, , , -0.241, -0.194, -0.287
1951, 12, , , -0.240, -0.193, -0.287
1952, 1, , , -0.240, -0.193, -0.286
1952, 2, , , -0.239, -0.193, -0.286
1952, 3, , , -0.239, -0.192, -0.285
1952, 4, , , -0.238, -0.192, -0.285
1952, 5, , , -0.238, -0.191, -0.284
1952, 6, , , -0.237, -0.191, -0.284
1952, 7, , , -0.237, -0.191, -0.283
1952, 8, , , -0.236, -0.190, -0.283
1952, 9, , , -0.236, -0.190, -0.282
1952, 10, , , -0.236, -0.190, -0.281
1952, 11, , , -0.235, -0.189, -0.281
1952, 12, , , -0.235, -0.189, -0.280
1953, 1, , , -0.234, -0.188, -0.280
1953, 2, , , -0.234, -0.188, -0.279
1953, 3, , , -0.233, -0.188, -0.279
1953, 4, , , -0.233, -0.187, -0.278
1953, 5, , , -0.232, -0.187, -0.278
1953, 6, , , -0.232, -0.186, -0.277
1953, 7, , , -0.231, -0.186, -0.277
1953, 8, , , -0.231, -0.186, -0.276
1953, 9, , , -0.230, -0.185, -0.275
1953, 10, , , -0.230, -0.185, -0.275
1953, 11, , , -0.229, -0.185, -0.274
1953, 12, , , -0.229, -0.184, -0.274
1954, 1, , , -0.229, -0.184, -0.273
1954, 2, , , -0.228, -0.183, -0.273
1954, 3, , , -0.228, -0.183, -0.272
1954, 4, , , -0.227, -0.183, -0.272
1954, 5, , , -0.227, -0.182, -0.271
1954, 6, , , -0.226, -0.182, -0.271
1954, 7, , , -0.226, -0.181, -0.270
1954, 8, , , -0.225, -0.181, -0.269
1954, 9, , , -0.225, -0.181, -0.269
1954, 10, , , -0.224, -0.180, -0.268
1954, 11, , , -0.224, -0.180, -0.268
1954, 12, , , -0.223, -0.180, -0.267
1955, 1, , , -0.223, -0.179, -0.267
1955, 2, , , -0.222, -0.179, -0.266
1955, 3, , , -0.222, -0.178, -0.266
1955, 4, , , -0.222, -0.178, -0.265
1955, 5, , , -0.221, -0.178, -0.265
1955, 6, , , -0.221, -0.177, -0.264
1955, 7, , , -0.220, -0.177, -0.263
1955, 8, , , -0.220, -0.176, -0.263
1955, 9, , , -0.219, -0.176, -0.262
1955, 10, , , -0.219, -0.176, -0.262
1955, 11, , , -0.218, -0.175, -0.261
1955, 12, , , -0.218, -0.175, -0.261
1956, 1, , , -0.217, -0.174, -0.260
1956, 2, , , -0.217, -0.174, -0.260
1956, 3, , , -0.216, -0.174, -0.259
1956, 4, , , -0.216, -0.173, -0.259
1956, 5, , , -0.215, -0.173, -0.258
1956, 6, , , -0.215, -0.173, -0.257
1956, 7, , , -0.215, -0.172, -0.257
1956, 8, , , -0.214, -0.172, -0.256
1956, 9, , , -0.214, -0.171, -0.256
1956, 10, , , -0.213, -0.171, -0.255
1956, 11, , , -0.213, -0.171, -0.255
1956, 12, , , -0.212, -0.170, -0.254
1957, 1, , , -0.212, -0.170, -0.254
1957, 2, , , -0.211, -0.169, -0.253
1957, 3, , , -0.211, -0.169, -0.253
1957, 4, , , -0.210, -0.169, -0.252
1957, 5, , , -0.210, -0.168, -0.251
1957, 6, , , -0.209, -0.168, -0.251
1957, 7, , , -0.209, -0.168, -0.250
1957, 8, , , -0.208, -0.167, -0.250
1957, 9, , , -0.208, -0.167, -0.249
1957, 10, , , -0.208, -0.166, -0.249
1957, 11, , , -0.207, -0.166, -0.248
1957, 12, , , -0.207, -0.166, -0.248
1958, 1, , , -0.206, -0.165, -0.247
1958, 2, , , -0.206, -0.165, -0.247
1958, 3, , , -0.205, -0.164, -0.246
1958, 4, , , -0.205, -0.164, -0.245
1958, 5, , , -0.204, -0.164, -0.245
1958, 6, , , -0.204, -0.163, -0.244
1958, 7, , , -0.203, -0.163, -0.244
1958, 8, , , -0.203, -0.162, -0.243
1958, 9, , , -0.202, -0.162, -0.243
1958, 10, , , -0.202, -0.162, -0.242
1958, 11, , , -0.201, -0.161, -0.242
1958, 12, , , -0.201, -0.161, -0.241
1959, 1, , , -0.201, -0.161, -0.241
1959, 2, , , -0.200, -0.160, -0.240
1959, 3, , , -0.200, -0.160, -0.239
1959, 4, , , -0.199, -0.159, -0.239
1959, 5, , , -0.199, -0.159, -0.238
1959, 6, , , -0.198, -0.159, -0.238
1959, 7, , , -0.198, -0.158, -0.237
1959, 8, , , -0.197, -0.158, -0.237
1959, 9, , , -0.197, -0.157, -0.236
1959, 10, , , -0.196, -0.157, -0.236
1959, 11, , , -0.196, -0.157, -0.235
1959, 12, , , -0.195, -0.156, -0.235
1960, 1, , , -0.195, -0.156, -0.234
1960, 2, , , -0.194, -0.155, -0.233
1960, 3, , , -0.194, -0.155, -0.233
1960, 4, , , -0.194, -0.155, -0.232
1960, 5, , , -0.193, -0.154, -0.232
1960, 6, , , -0.193, -0.154, -0.231
1960, 7, , , -0.192, -0.154, -0.231
1960, 8, , , -0.192, -0.153, -0.230
1960, 9, , , -0.191, -0.153, -0.230
1960, 10, , , -0.191, -0.152, -0.229
1960, 11, , , -0.190, -0.152, -0.229
1960, 12, , , -0.190, -0.152, -0.228
1961, 1, , , -0.189, -0.151, -0.228
1961, 2, , , -0.189, -0.151, -0.227
1961, 3, , , -0.188, -0.150, -0.226
1961, 4, , , -0.188, -0.150, -0.226
1961, 5, , , -0.187, -0.150, -0.225
1961, 6, , , -0.187, -0.149, -0.225
1961, 7, , , -0.187, -0.149, -0.224
1961, 8, , , -0.186, -0.149, -0.224
1961, 9, , , -0.186, -0.148, -0.223
1961, 10, , , -0.185, -0.148, -0.223
1961, 11, , , -0.185, -0.147, -0.222
1961, 12, , , -0.184, -0.147, -0.222
1962, 1, , , -0.184, -0.147, -0.221
1962, 2, , , -0.183, -0.146, -0.220
1962, 3, , , -0.183, -0.146, -0.220
1962, 4, , , -0.182, -0.145, -0.219
1962, 5, , , -0.182, -0.145, -0.219
1962, 6, , , -0.181, -0.145, -0.218
1962, 7, , , -0.181, -0.144, -0.218
1962, 8, , , -0.181, -0.144, -0.217
1962, 9, , , -0.180, -0.143, -0.217
1962, 10, , , -0.180, -0.143, -0.216
1962, 11, , , -0.179, -0.143, -0.216
1962, 12, , , -0.179, -0.142, -0.215
1963, 1, , , -0.178, -0.142, -0.214
1963, 2, , , -0.178, -0.142, -0.214
1963, 3, , , -0.177, -0.141, -0.213
1963, 4, , , -0.177, -0.141, -0.213
1963, 5, , , -0.176, -0.140, -0.212
1963, 6, , , -0.176, -0.140, -0.212
1963, 7, , , -0.175, -0.140, -0.211
1963, 8, , , -0.175, -0.139, -0.211
1963, 9, , , -0.174, -0.139, -0.210
1963, 10, , , -0.174, -0.138, -0.210
1963, 11, , , -0.174, -0.138, -0.209
1963, 12, , , -0.173, -0.138, -0.208
1964, 1, , , -0.173, -0.137, -0.208
1964, 2, , , -0.172, -0.137, -0.207
1964, 3, , , -0.172, -0.136, -0.207
1964, 4, , , -0.171, -0.136, -0.206
1964, 5, , , -0.171, -0.136, -0.206
1964, 6, , , -0.170, -0.135, -0.205
1964, 7, , , -0.170, -0.135, -0.205
1964, 8, , , -0.169, -0.135, -0.204
1964, 9, , , -0.169, -0.134, -0.204
1964, 10, , , -0.168, -0.134, -0.203
1964, 11, , , -0.168, -0.133, -0.202
1964, 12, , , -0.167, -0.133, -0.202
1965, 1, , , -0.167, -0.133, -0.201
1965, 2, , , -0.167, -0.132, -0.201
1965, 3, , , -0.166, -0.132, -0.200
1965, 4, , , -0.166, -0.131, -0.200
1965, 5, , , -0.165, -0.131, -0.199
1965, 6, , , -0.165, -0.131, -0.199
1965, 7, , , -0.164, -0.130, -0.198
1965, 8, , , -0.164, -0.130, -0.198
1965, 9, , , -0.163, -0.129, -0.197
1965, 10, , , -0.163, -0.129, -0.197
1965, 11, , , -0.162, -0.129, -0.196
1965, 12, , , -0.162, -0.128, -0.195
1966, 1, , , -0.161, -0.128, -0.195
1966, 2, , , -0.161, -0.128, -0.194
1966, 3, , , -0.160, -0.127, -0.194
1966, 4, , , -0.160, -0.127, -0.193
1966, 5, , , -0.160, -0.126, -0.193
1966, 6, , , -0.159, -0.126, -0.192
1966, 7, , , -0.159, -0.126, -0.192
1966, 8, , , -0.158, -0.125, -0.191
1966, 9, , , -0.158, -0.125, -0.191
1966, 10, , , -0.157, -0.124, -0.190
1966, 11, , , -0.157, -0.124, -0.189
1966, 12, , , -0.156, -0.124, -0.189
1967, 1, , , -0.156, -0.123, -0.188
1967, 2, , , -0.155, -0.123, -0.188
1967, 3, , , -0.155, -0.122, -0.187
1967, 4, , , -0.154, -0.122, -0.187
1967, 5, , , -0.154, -0.122, -0.186
1967, 6, , , -0.153, -0.121, -0.186
1967, 7, , , -0.153, -0.121, -0.185
1967, 8, , , -0.153, -0.120, -0.185
1967, 9, , , -0.152, -0.120, -0.184
1967, 10, , , -0.152, -0.120, -0.183
1967, 11, , , -0.151, -0.119, -0.183
1967, 12, , , -0.151, -0.119, -0.182
1968, 1, , , -0.150, -0.119, -0.182
1968, 2, , , -0.150, -0.118, -0.181
1968, 3, , , -0.149, -0.118, -0.181
1968, 4, , , -0.149, -0.117, -0.180
1968, 5, , , -0.148, -0.117, -0.180
1968, 6, , , -0.148, -0.117, -0.179
1968, 7, , , -0.147, -0.116, -0.179
1968, 8, , , -0.147, -0.116, -0.178
1968, 9, , , -0.146, -0.115, -0.178
1968, 10, , , -0.146, -0.115, -0.177
1968, 11, , , -0.146, -0.115, -0.176
1968, 12, , , -0.145, -0.114, -0.176
1969, 1, , , -0.145, -0.114, -0.175
1969, 2, , , -0.144, -0.113, -0.175
1969, 3, , , -0.144, -0.113, -0.174
1969, 4, , , -0.143, -0.113, -0.174
1969, 5, , , -0.143, -0.112, -0.173
1969, 6, , , -0.142, -0.112, -0.173
1969, 7, , , -0.142, -0.112, -0.172
1969, 8, , , -0.141, -0.111, -0.172
1969, 9, , , -0.141, -0.111, -0.171
1969, 10, , , -0.140, -0.110, -0.170
1969, 11, , , -0.140, -0.110, -0.170
1969, 12, , , -0.139, -0.110, -0.169
1970, 1, , , -0.139, -0.109, -0.169
1970, 2, , , -0.139, -0.109, -0.168
1970, 3, , , -0.138, -0.108, -0.168
1970, 4, , , -0.138, -0.108, -0.167
1970, 5, , , -0.137, -0.108, -0.167
1970, 6, , , -0.137, -0.107, -0.166
1970, 7, , , -0.136, -0.107, -0.166
1970, 8, , , -0.136, -0.106, -0.165
1970, 9, , , -0.135, -0.106, -0.165
1970, 10, , , -0.135, -0.106, -0.164
1970, 11, , , -0.134, -0.105, -0.163
1970, 12, , , -0.134, -0.105, -0.163
1971, 1, , , -0.133, -0.104, -0.162
1971, 2, , , -0.133, -0.104, -0.162
1971, 3, , , -0.132, -0.104, -0.161
1971, 4, , , -0.132, -0.103, -0.161
1971, 5, , , -0.132, -0.103, -0.160
1971, 6, , , -0.131, -0.102, -0.160
1971, 7, , , -0.131, -0.102, -0.159
1971, 8, , , -0.130, -0.102, -0.159
1971, 9, , , -0.130, -0.101, -0.158
1971, 10, , , -0.129, -0.101, -0.157
1971, 11, , , -0.129, -0.101, -0.157
1971, 12, , , -0.128, -0.100, -0.156
1972, 1, , , -0.128, -0.100, -0.156
1972, 2, , , -0.127, -0.099, -0.155
1972, 3, , , -0.127, -0.099, -0.155
1972, 4, , , -0.126, -0.099, -0.154
1972, 5, , , -0.126, -0.098, -0.154
1972, 6, , , -0.125, -0.098, -0.153
1972, 7, , , -0.125, -0.097, -0.153
1972, 8, , , -0.125, -0.097, -0.152
1972, 9, , , -0.124, -0.097, -0.152
1972, 10, , , -0.124, -0.096, -0.151
1972, 11, , , -0.123, -0.096, -0.150
1972, 12, , , -0.123, -0.095, -0.150
1973, 1, , , -0.122, -0.095, -0.149
1973, 2, , , -0.122, -0.095, -0.149
1973, 3, , , -0.121, -0.094, -0.148
1973, 4, , , -0.121, -0.094, -0.148
1973, 5, , , -0.120, -0.093, -0.147
1973, 6, , , -0.120, -0.093, -0.147
1973, 7, , , -0.119, -0.093, -0.146
1973, 8, , , -0.119, -0.092, -0.146
1973, 9, , , -0.118, -0.092, -0.145
1973, 10, , , -0.118, -0.092, -0.145
1973, 11, , , -0.118, -0.091, -0.144
1973, 12, , , -0.117, -0.091, -0.143
1974, 1, , , -0.117, -0.090, -0.143
1974, 2, , , -0.116, -0.090, -0.142
1974, 3, , , -0.116, -0.090, -0.142
1974, 4, , , -0.115, -0.089, -0.141
1974, 5, , , -0.115, -0.089, -0.141
1974, 6, , , -0.114, -0.088, -0.140
1974, 7, , , -0.114, -0.088, -0.140
1974, 8, , , -0.113, -0.088, -0.139
1974, 9, , , -0.113, -0.087, -0.139
1974, 10, , , -0.112, -0.087, -0.138
1974, 11, , , -0.112, -0.086, -0.138
1974, 12, , , -0.111, -0.086, -0.137
1975, 1, , , -0.111, -0.086, -0.136
1975, 2, , , -0.111, -0.085, -0.136
1975, 3, , , -0.110, -0.085, -0.135
1975, 4, , , -0.110, -0.084, -0.135
1975, 5, , , -0.109, -0.084, -0.134
1975, 6, -0.036, U, -0.109, -0.084, -0.134
1975, 7, -0.012, U, -0.108, -0.083, -0.133
1975, 8, -0.012, U, -0.108, -0.083, -0.133
1975, 9, -0.012, U, -0.107, -0.082, -0.132
1975, 10, -0.012, U, -0.107, -0.082, -0.132
1975, 11, 0.015, U, -0.106, -0.082, -0.131
1975, 12, 0.045, U, -0.106, -0.081, -0.131
1976, 1, -0.043, U, -0.105, -0.081, -0.130
1976, 2, , , -0.105, -0.080, -0.129
1976, 3, , , -0.105, -0.080, -0.129
1976, 4, , , -0.104, -0.080, -0.128
1976, 5, , , -0.104, -0.079, -0.128
1976, 6, , , -0.103, -0.079, -0.127
1976, 7, , , -0.103, -0.078, -0.127
1976, 8, , , -0.102, -0.078, -0.126
1976, 9, , , -0.102, -0.078, -0.126
1976, 10, -0.076, U, -0.101, -0.077, -0.125
1976, 11, -0.214, U, -0.101, -0.077, -0.125
1976, 12, -0.217, U, -0.100, -0.077, -0.124
1977, 1, -0.217, U, -0.100, -0.076, -0.124
1977, 2, -0.234, U, -0.099, -0.076, -0.123
1977, 3, -0.115, U, -0.099, -0.075, -0.122
1977, 4, -0.138, U, -0.098, -0.075, -0.122
1977, 5, -0.120, U, -0.098, -0.075, -0.121
1977, 6, -0.064, U, -0.098, -0.074, -0.121
1977, 7, -0.125, U, -0.097, -0.074, -0.120
1977, 8, -0.131, U, -0.097, -0.073, -0.120
1977, 9, 0.000, U, -0.096, -0.073, -0.119
1977, 10, -0.089, U, -0.096, -0.073, -0.119
1977, 11, -0.016, U, -0.095, -0.072, -0.118
1977, 12, 0.021, U, -0.095, -0.072, -0.118
1978, 1, , , -0.094, -0.071, -0.117
1978, 2, , , -0.094, -0.071, -0.117
1978, 3, , , -0.093, -0.071, -0.116
1978, 4, , , -0.093, -0.070, -0.116
1978, 5, -0.056, U, -0.092, -0.070, -0.115
1978, 6, -0.134, U, -0.092, -0.069, -0.114
1978, 7, -0.018, U, -0.091, -0.069, -0.114
1978, 8, -0.070, U, -0.091, -0.069, -0.113
1978, 9, -0.028, U, -0.091, -0.068, -0.113
1978, 10, -0.107, U, -0.090, -0.068, -0.112
1978, 11, -0.004, U, -0.090, -0.067, -0.112
1978, 12, -0.162, U, -0.089, -0.067, -0.111
1979, 1, -0.062, U, -0.089, -0.067, -0.111
1979, 2, , , -0.088, -0.066, -0.110
1979, 3, , , -0.088, -0.066, -0.110
1979, 4, , , -0.087, -0.065, -0.109
1979, 5, , , -0.087, -0.065, -0.109
1979, 6, , , -0.086, -0.065, -0.108
1979, 7, , , -0.086, -0.064, -0.108
1979, 8, , , -0.085, -0.064, -0.107
1979, 9, , , -0.085, -0.063, -0.106
1979, 10, , , -0.084, -0.063, -0.106
1979, 11, , , -0.084, -0.063, -0.105
1979, 12, , , -0.084, -0.062, -0.105
1980, 1, , , -0.083, -0.062, -0.104
1980, 2, , , -0.083, -0.061, -0.104
1980, 3, , , -0.082, -0.061, -0.103
1980, 4, , , -0.082, -0.061, -0.103
1980, 5, , , -0.081, -0.060, -0.102
1980, 6, , , -0.081, -0.060, -0.102
1980, 7, , , -0.080, -0.059, -0.101
1980, 8, , , -0.080, -0.059, -0.101
1980, 9, , , -0.079, -0.059, -0.100
1980, 10, , , -0.079, -0.058, -0.100
1980, 11, , , -0.078, -0.058, -0.099
1980, 12, , , -0.078, -0.057, -0.098
1981, 1, , , -0.077, -0.057, -0.098
1981, 2, , , -0.077, -0.057, -0.097
1981, 3, , , -0.077, -0.056, -0.097
1981, 4, , , -0.076, -0.056, -0.096
1981, 5, , , -0.076, -0.055, -0.096
1981, 6, -0.149, U, -0.075, -0.055, -0.095
1981, 7, -0.131, U, -0.075, -0.055, -0.095
1981, 8, -0.152, U, -0.074, -0.054, -0.094
1981, 9, -0.291, U, -0.074, -0.054, -0.094
1981, 10, -0.347, U, -0.073, -0.053, -0.093
1981, 11, -0.245, U, -0.073, -0.053, -0.093
1981, 12, -0.161, U, -0.072, -0.053, -0.092
1982, 1, -0.153, U, -0.072, -0.052, -0.092
1982, 2, -0.158, U, -0.071, -0.052, -0.091
1982, 3, -0.155, U, -0.071, -0.051, -0.091
1982, 4, -0.263, U, -0.070, -0.051, -0.090
1982, 5, -0.099, U, -0.070, -0.051, -0.089
1982, 6, 0.009, U, -0.070, -0.050, -0.089
1982, 7, -0.113, U, -0.069, -0.050, -0.088
1982, 8, -0.115, U, -0.069, -0.049, -0.088
1982, 9, -0.128, U, -0.068, -0.049, -0.087
1982, 10, -0.058, U, -0.068, -0.049, -0.087
1982, 11, -0.153, U, -0.067, -0.048, -0.086
1982, 12, -0.064, U, -0.067, -0.048, -0.086
1983, 1, -0.010, U, -0.066, -0.047, -0.085
1983, 2, 0.098, U, -0.066, -0.047, -0.085
1983, 3, 0.062, U, -0.065, -0.047, -0.084
1983, 4, -0.058, U, -0.065, -0.046, -0.084
1983, 5, -0.172, U, -0.064, -0.046, -0.083
1983, 6, -0.113, U, -0.064, -0.045, -0.083
1983, 7, -0.125, U, -0.063, -0.045, -0.082
1983, 8, -0.088, U, -0.063, -0.044, -0.082
1983, 9, -0.092, U, -0.063, -0.044, -0.081
1983, 10, -0.025, U, -0.062, -0.044, -0.080
1983, 11, -0.095, U, -0.062, -0.043, -0.080
1983, 12, -0.110, U, -0.061, -0.043, -0.079
1984, 1, 0.100, U, -0.061, -0.042, -0.079
1984, 2, 0.000, U, -0.060, -0.042, -0.078
1984, 3, 0.059, U, -0.060, -0.042, -0.078
1984, 4, 0.155, U, -0.059, -0.041, -0.077
1984, 5, -0.059, U, -0.059, -0.041, -0.077
1984, 6, -0.033, U, -0.058, -0.040, -0.076
1984, 7, -0.064, U, -0.058, -0.040, -0.076
1984, 8, 0.013, U, -0.057, -0.040, -0.075
1984, 9, -0.031, U, -0.057, -0.039, -0.075
1984, 10, 0.039, U, -0.056, -0.039, -0.074
1984, 11, 0.039, U, -0.056, -0.038, -0.074
1984, 12, 0.051, U, -0.056, -0.038, -0.073
1985, 1, 0.027, U, -0.055, -0.038, -0.073
1985, 2, 0.013, U, -0.055, -0.037, -0.072
1985, 3, -0.066, U, -0.054, -0.037, -0.072
1985, 4, -0.080, U, -0.054, -0.036, -0.071
1985, 5, -0.020, U, -0.053, -0.036, -0.071
1985, 6, -0.052, U, -0.053, -0.036, -0.070
1985, 7, -0.037, U, -0.052, -0.035, -0.069
1985, 8, -0.027, U, -0.052, -0.035, -0.069
1985, 9, -0.037, U, -0.051, -0.034, -0.068
1985, 10, -0.055, U, -0.051, -0.034, -0.068
1985, 11, 0.100, U, -0.050, -0.033, -0.067
1985, 12, 0.003, U, -0.050, -0.033, -0.067
1986, 1, -0.104, U, -0.049, -0.033, -0.066
1986, 2, 0.089, U, -0.049, -0.032, -0.066
1986, 3, -0.152, U, -0.049, -0.032, -0.065
1986, 4, 0.079, U, -0.048, -0.031, -0.065
1986, 5, -0.008, U, -0.048, -0.031, -0.064
1986, 6, -0.125, U, -0.047, -0.031, -0.064
1986, 7, -0.015, U, -0.047, -0.030, -0.063
1986, 8, -0.061, U, -0.046, -0.030, -0.063
1986, 9, -0.101, U, -0.046, -0.029, -0.062
1986, 10, -0.061, U, -0.045, -0.029, -0.062
1986, 11, -0.012, U, -0.045, -0.029, -0.061
1986, 12, -0.016, U, -0.044, -0.028, -0.061
1987, 1, 0.018, U, -0.044, -0.028, -0.060
1987, 2, -0.018, U, -0.043, -0.027, -0.060
1987, 3, 0.013, U, -0.043, -0.027, -0.059
1987, 4, -0.034, U, -0.042, -0.026, -0.059
1987, 5, -0.126, U, -0.042, -0.026, -0.058
1987, 6, -0.110, U, -0.042, -0.026, -0.058
1987, 7, -0.040, U, -0.041, -0.025, -0.057
1987, 8, -0.009, U, -0.041, -0.025, -0.056
1987, 9, -0.073, U, -0.040, -0.024, -0.056
1987, 10, -0.143, U, -0.040, -0.024, -0.055
1987, 11, -0.116, U, -0.039, -0.024, -0.055
1987, 12, -0.028, U, -0.039, -0.023, -0.054
1988, 1, -0.147, U, -0.038, -0.023, -0.054
1988, 2, -0.122, U, -0.038, -0.022, -0.053
1988, 3, -0.176, U, -0.037, -0.022, -0.053
1988, 4, 0.018, U, -0.037, -0.021, -0.052
1988, 5, -0.014, U, -0.036, -0.021, -0.052
1988, 6, -0.033, U, -0.036, -0.021, -0.051
1988, 7, -0.085, U, -0.035, -0.020, -0.051
1988, 8, -0.085, U, -0.035, -0.020, -0.050
1988, 9, -0.107, U, -0.035, -0.019, -0.050
1988, 10, -0.101, U, -0.034, -0.019, -0.049
1988, 11, -0.113, U, -0.034, -0.018, -0.049
1988, 12, -0.098, U, -0.033, -0.018, -0.048
1989, 1, -0.028, U, -0.033, -0.018, -0.048
1989, 2, -0.012, U, -0.032, -0.017, -0.047
1989, 3, -0.014, U, -0.032, -0.017, -0.047
1989, 4, -0.107, U, -0.031, -0.016, -0.046
1989, 5, -0.087, U, -0.031, -0.016, -0.046
1989, 6, -0.061, U, -0.030, -0.016, -0.045
1989, 7, -0.040, U, -0.030, -0.015, -0.045
1989, 8, -0.015, U, -0.029, -0.015, -0.044
1989, 9, -0.064, U, -0.029, -0.014, -0.044
1989, 10, -0.046, U, -0.028, -0.014, -0.043
1989, 11, -0.076, U, -0.028, -0.013, -0.043
1989, 12, -0.064, U, -0.028, -0.013, -0.042
1990, 1, -0.129, U, -0.027, -0.013, -0.042
1990, 2, -0.106, U, -0.027, -0.012, -0.041
1990, 3, -0.109, U, -0.026, -0.012, -0.041
1990, 4, -0.138, U, -0.026, -0.011, -0.040
1990, 5, -0.026, U, -0.025, -0.011, -0.040
1990, 6, -0.073, U, -0.025, -0.010, -0.039
1990, 7, -0.015, U, -0.024, -0.010, -0.039
1990, 8, 0.025, U, -0.024, -0.010, -0.038
1990, 9, -0.037, U, -0.023, -0.009, -0.038
1990, 10, -0.098, U, -0.023, -0.009, -0.037
1990, 11, -0.028, U, -0.022, -0.008, -0.037
1990, 12, -0.046, U, -0.022, -0.008, -0.036
1991, 1, 0.069, U, -0.022, -0.007, -0.036
1991, 2, -0.036, U, -0.021, -0.007, -0.035
1991, 3, 0.080, U, -0.021, -0.007, -0.035
1991, 4, -0.046, U, -0.020, -0.006, -0.034
1991, 5, -0.041, U, -0.020, -0.006, -0.034
1991, 6, 0.046, U, -0.019, -0.005, -0.033
1991, 7, 0.012, U, -0.019, -0.005, -0.033
1991, 8, -0.058, U, -0.018, -0.004, -0.032
1991, 9, -0.082, U, -0.018, -0.004, -0.032
1991, 10, -0.000, U, -0.017, -0.004, -0.031
1991, 11, , , -0.017, -0.003, -0.031
1991, 12, , , -0.016, -0.003, -0.030
1992, 1, , , -0.016, -0.002, -0.030
1992, 2, , , -0.015, -0.002, -0.029
1992, 3, , , -0.015, -0.001, -0.029
1992, 4, , , -0.015, -0.001, -0.028
1992, 5, , , -0.014, -0.001, -0.028
1992, 6, , , -0.014, -0.000, -0.027
1992, 7, , , -0.013, 0.000, -0.027
1992, 8, , , -0.013, 0.001, -0.026
1992, 9, , , -0.012, 0.001, -0.026
1992, 10, , , -0.012, 0.002, -0.025
1992, 11, , , -0.011, 0.002, -0.025
1992, 12, , , -0.011, 0.003, -0.024
1993, 1, , , -0.010, 0.003, -0.024
1993, 2, , , -0.010, 0.003, -0.023
1993, 3, , , -0.009, 0.004, -0.023
1993, 4, , , -0.009, 0.004, -0.022
1993, 5, , , -0.008, 0.005, -0.022
1993, 6, , , -0.008, 0.005, -0.021
1993, 7, , , -0.008, 0.006, -0.021
1993, 8, , , -0.007, 0.006, -0.020
1993, 9, , , -0.007, 0.007, -0.020
1993, 10, , , -0.006, 0.007, -0.019
1993, 11, , , -0.006, 0.007, -0.019
1993, 12, , , -0.005, 0.008, -0.018
1994, 1, , , -0.005, 0.008, -0.018
1994, 2, , , -0.004, 0.009, -0.017
1994, 3, , , -0.004, 0.009, -0.017
1994, 4, , , -0.003, 0.010, -0.016
1994, 5, , , -0.003, 0.010, -0.016
1994, 6, , , -0.002, 0.011, -0.015
1994, 7, , , -0.002, 0.011, -0.015
1994, 8, , , -0.001, 0.011, -0.014
1994, 9, , , -0.001, 0.012, -0.014
1994, 10, , , -0.001, 0.012, -0.013
1994, 11, , , -0.000, 0.013, -0.013
1994, 12, , , 0.000, 0.013, -0.012
1995, 1, , , 0.001, 0.014, -0.012
1995, 2, , , 0.001, 0.014, -0.011
1995, 3, , , 0.002, 0.015, -0.011
1995, 4, , , 0.002, 0.015, -0.011
1995, 5, , , 0.003, 0.016, -0.010
1995, 6, , , 0.003, 0.016, -0.010
1995, 7, , , 0.004, 0.016, -0.009
1995, 8, , , 0.004, 0.017, -0.009
1995, 9, , , 0.005, 0.017, -0.008
1995, 10, , , 0.005, 0.018, -0.008
1995, 11, , , 0.006, 0.018, -0.007
1995, 12, , , 0.006, 0.019, -0.007
1996, 1, , , 0.006, 0.019, -0.006
1996, 2, , , 0.007, 0.020, -0.006
1996, 3, , , 0.007, 0.020, -0.005
1996, 4, , , 0.008, 0.021, -0.005
1996, 5, , , 0.008, 0.021, -0.004
1996, 6, , , 0.009, 0.021, -0.004
1996, 7, , , 0.009, 0.022, -0.003
1996, 8, , , 0.010, 0.022, -0.003
1996, 9, , , 0.010, 0.023, -0.002
1996, 10, , , 0.011, 0.023, -0.002
1996, 11, , , 0.011, 0.024, -0.002
1996, 12, , , 0.012, 0.024, -0.001
1997, 1, , , 0.012, 0.025, -0.001
1997, 2, , , 0.013, 0.025, -0.000
1997, 3, , , 0.013, 0.026, 0.000
1997, 4, , , 0.013, 0.026, 0.001
1997, 5, , , 0.014, 0.027, 0.001
1997, 6, , , 0.014, 0.027, 0.002
1997, 7, , , 0.015, 0.028, 0.002
1997, 8, , , 0.015, 0.028, 0.003
1997, 9, , , 0.016, 0.028, 0.003
1997, 10, , , 0.016, 0.029, 0.004
1997, 11, , , 0.017, 0.029, 0.004
1997, 12, 0.057, , 0.017, 0.030, 0.005
1998, 1, 0.166, , 0.018, 0.030, 0.005
1998, 2, 0.316, , 0.018, 0.031, 0.005
1998, 3, 0.048, , 0.019, 0.031, 0.006
1998, 4, 0.085, , 0.019, 0.032, 0.006
1998, 5, 0.148, , 0.020, 0.032, 0.007
1998, 6, 0.030, , 0.020, 0.033, 0.007
1998, 7, 0.034, , 0.020, 0.033, 0.008
1998, 8, 0.038, , 0.021, 0.034, 0.008
1998, 9, 0.026, , 0.021, 0.034, 0.009
1998, 10, -0.030, , 0.022, 0.035, 0.009
1998, 11, -0.020, , 0.022, 0.035, 0.010
1998, 12, 0.026, , 0.023, 0.036, 0.010
1999, 1, -0.007, , 0.023, 0.036, 0.010
1999, 2, , , 0.024, 0.037, 0.011
1999, 3, , , 0.024, 0.037, 0.011
1999, 4, , , 0.025, 0.037, 0.012
1999, 5, , , 0.025, 0.038, 0.012
1999, 6, , , 0.026, 0.038, 0.013
1999, 7, , , 0.026, 0.039, 0.013
1999, 8, , , 0.027, 0.039, 0.014
1999, 9, , , 0.027, 0.040, 0.014
1999, 10, , , 0.027, 0.040, 0.015
1999, 11, , , 0.028, 0.041, 0.015
1999, 12, , , 0.028, 0.041, 0.015
2000, 1, , , 0.029, 0.042, 0.016
2000, 2, , , 0.029, 0.042, 0.016
2000, 3, , , 0.030, 0.043, 0.017
2000, 4, , , 0.030, 0.043, 0.017
2000, 5, , , 0.031, 0.044, 0.018
2000, 6, , , 0.031, 0.044, 0.018
2000, 7, , , 0.032, 0.045, 0.019
2000, 8, , , 0.032, 0.045, 0.019
2000, 9, , , 0.033, 0.046, 0.019
2000, 10, , , 0.033, 0.046, 0.020
2000, 11, , , 0.034, 0.047, 0.020
2000, 12, , , 0.034, 0.047, 0.021
2001, 1, , , 0.034, 0.048, 0.021
2001, 2, , , 0.035, 0.048, 0.022
2001, 3, , , 0.035, 0.049, 0.022
2001, 4, , , 0.036, 0.049, 0.023
2001, 5, , , 0.036, 0.050, 0.023
2001, 6, , , 0.037, 0.050, 0.023
2001, 7, , , 0.037, 0.051, 0.024
2001, 8, , , 0.038, 0.051, 0.024
2001, 9, , , 0.038, 0.052, 0.025
2001, 10, , , 0.039, 0.052, 0.025
2001, 11, , , 0.039, 0.053, 0.026
2001, 12, , , 0.040, 0.053, 0.026
2002, 1, , , 0.040, 0.054, 0.027
2002, 2, , , 0.041, 0.054, 0.027
2002, 3, , , 0.041, 0.055, 0.027
2002, 4, , , 0.041, 0.055, 0.028
2002, 5, , , 0.042, 0.056, 0.028
2002, 6, , , 0.042, 0.056, 0.029
2002, 7, , , 0.043, 0.057, 0.029
2002, 8, 0.053, , 0.043, 0.057, 0.030
2002, 9, 0.069, , 0.044, 0.058, 0.030
2002, 10, 0.099, , 0.044, 0.058, 0.030
2002, 11, -0.022, , 0.045, 0.059, 0.031
2002, 12, 0.022, , 0.045, 0.059, 0.031
2003, 1, 0.024, , 0.046, 0.060, 0.032
2003, 2, -0.051, , 0.046, 0.060, 0.032
2003, 3, 0.044, , 0.047, 0.061, 0.033
2003, 4, 0.091, , 0.047, 0.061, 0.033
2003, 5, 0.066, , 0.048, 0.062, 0.033
2003, 6, 0.062, , 0.048, 0.062, 0.034
2003, 7, 0.013, , 0.048, 0.063, 0.034
2003, 8, -0.020, , 0.049, 0.063, 0.035
2003, 9, 0.123, , 0.049, 0.064, 0.035
2003, 10, -0.003, , 0.050, 0.064, 0.036
2003, 11, 0.010, , 0.050, 0.065, 0.036
2003, 12, 0.036, , 0.051, 0.065, 0.036
2004, 1, -0.022, , 0.051, 0.066, 0.037
2004, 2, 0.008, , 0.052, 0.066, 0.037
2004, 3, 0.031, , 0.052, 0.067, 0.038
2004, 4, -0.021, , 0.053, 0.067, 0.038
2004, 5, -0.025, , 0.053, 0.068, 0.039
2004, 6, 0.000, , 0.054, 0.068, 0.039
2004, 7, 0.042, , 0.054, 0.069, 0.039
2004, 8, 0.017, , 0.054, 0.069, 0.040
2004, 9, 0.085, , 0.055, 0.070, 0.040
2004, 10, 0.149, , 0.055, 0.070, 0.041
2004, 11, 0.078, , 0.056, 0.071, 0.041
2004, 12, 0.064, , 0.056, 0.071, 0.042
2005, 1, 0.165, , 0.057, 0.072, 0.042
2005, 2, 0.152, , 0.057, 0.072, 0.042
2005, 3, 0.088, , 0.058, 0.073, 0.043
2005, 4, 0.126, , 0.058, 0.073, 0.043
2005, 5, 0.171, , 0.059, 0.074, 0.044
2005, 6, 0.067, , 0.059, 0.074, 0.044
2005, 7, 0.106, , 0.060, 0.075, 0.045
2005, 8, 0.062, , 0.060, 0.075, 0.045
2005, 9, 0.026, , 0.061, 0.076, 0.045
2005, 10, 0.108, , 0.061, 0.076, 0.046
2005, 11, -0.003, , 0.061, 0.077, 0.046
2005, 12, 0.012, , 0.062, 0.077, 0.047
2006, 1, 0.080, , 0.062, 0.078, 0.047
2006, 2, 0.042, , 0.063, 0.078, 0.047
2006, 3, 0.035, , 0.063, 0.079, 0.048
2006, 4, 0.058, , 0.064, 0.079, 0.048
2006, 5, 0.141, , 0.064, 0.080, 0.049
2006, 6, 0.026, , 0.065, 0.080, 0.049
2006, 7, 0.008, , 0.065, 0.081, 0.050
2006, 8, 0.056, , 0.066, 0.081, 0.050
2006, 9, 0.135, , 0.066, 0.082, 0.050
2006, 10, 0.051, , 0.067, 0.082, 0.051
2006, 11, 0.182, , 0.067, 0.083, 0.051
2006, 12, -0.005, , 0.068, 0.083, 0.052
2007, 1, 0.019, , 0.068, 0.084, 0.052
2007, 2, -0.088, , 0.068, 0.085, 0.052
2007, 3, -0.066, , 0.069, 0.085, 0.053
2007, 4, 0.056, , 0.069, 0.086, 0.053
2007, 5, -0.006, , 0.070, 0.086, 0.054
2007, 6, 0.070, , 0.070, 0.087, 0.054
2007, 7, 0.043, , 0.071, 0.087, 0.055
2007, 8, 0.078, , 0.071, 0.088, 0.055
2007, 9, 0.015, , 0.072, 0.088, 0.055
2007, 10, 0.055, , 0.072, 0.089, 0.056
2007, 11, 0.048, , 0.073, 0.089, 0.056
2007, 12, 0.058, , 0.073, 0.090, 0.057
2008, 1, 0.053, , 0.074, 0.090, 0.057
2008, 2, 0.028, , 0.074, 0.091, 0.057
2008, 3, 0.030, , 0.075, 0.091, 0.058
2008, 4, 0.102, , 0.075, 0.092, 0.058
2008, 5, 0.169, , 0.075, 0.092, 0.059
2008, 6, 0.033, , 0.076, 0.093, 0.059
2008, 7, 0.004, , 0.076, 0.093, 0.059
2008, 8, 0.028, , 0.077, 0.094, 0.060
2008, 9, 0.065, , 0.077, 0.094, 0.060
2008, 10, 0.020, , 0.078, 0.095, 0.061
2008, 11, 0.032, , 0.078, 0.095, 0.061
2008, 12, -0.088, , 0.079, 0.096, 0.062
2009, 1, -0.039, , 0.079, 0.096, 0.062
2009, 2, -0.046, , 0.080, 0.097, 0.062
2009, 3, 0.034, , 0.080, 0.098, 0.063
2009, 4, 0.064, , 0.081, 0.098, 0.063
2009, 5, 0.036, , 0.081, 0.099, 0.064
2009, 6, 0.185, , 0.082, 0.099, 0.064
2009, 7, 0.135, , 0.082, 0.100, 0.064
2009, 8, 0.060, , 0.082, 0.100, 0.065
2009, 9, 0.156, , 0.083, 0.101, 0.065
2009, 10, 0.162, , 0.083, 0.101, 0.066
2009, 11, 0.256, , 0.084, 0.102, 0.066
2009, 12, 0.146, , 0.084, 0.102, 0.066
2010, 1, 0.159, , 0.085, 0.103, 0.067
2010, 2, 0.169, , 0.085, 0.103, 0.067
2010, 3, 0.271, , 0.086, 0.104, 0.068
2010, 4, 0.116, , 0.086, 0.104, 0.068
2010, 5, 0.079, , 0.087, 0.105, 0.068
2010, 6, 0.090, , 0.087, 0.105, 0.069
2010, 7, 0.082, , 0.088, 0.106, 0.069
2010, 8, 0.131, , 0.088, 0.106, 0.070
2010, 9, 0.105, , 0.089, 0.107, 0.070
2010, 10, 0.076, , 0.089, 0.108, 0.071
2010, 11, 0.169, , 0.089, 0.108, 0.071
2010, 12, 0.152, , 0.090, 0.109, 0.071
2011, 1, 0.112, , 0.090, 0.109, 0.072
2011, 2, 0.057, , 0.091, 0.110, 0.072
2011, 3, 0.112, , 0.091, 0.110, 0.073
2011, 4, 0.078, , 0.092, 0.111, 0.073
2011, 5, 0.186, , 0.092, 0.111, 0.073
2011, 6, 0.155, , 0.093, 0.112, 0.074
2011, 7, 0.130, , 0.093, 0.112, 0.074
2011, 8, 0.132, , 0.094, 0.113, 0.075
2011, 9, 0.159, , 0.094, 0.113, 0.075
2011, 10, 0.124, , 0.095, 0.114, 0.075
2011, 11, 0.077, , 0.095, 0.114, 0.076
2011, 12, 0.094, , 0.096, 0.115, 0.076
2012, 1, 0.055, , 0.096, 0.115, 0.077
2012, 2, 0.077, , 0.096, 0.116, 0.077
2012, 3, 0.089, , 0.097, 0.116, 0.077
2012, 4, 0.117, , 0.097, 0.117, 0.078
2012, 5, 0.103, , 0.098, 0.118, 0.078
2012, 6, 0.180, , 0.098, 0.118, 0.079
2012, 7, 0.137, , 0.099, 0.119, 0.079
2012, 8, 0.104, , 0.099, 0.119, 0.079
2012, 9, 0.048, , 0.100, 0.120, 0.080
2012, 10, 0.141, , 0.100, 0.120, 0.080
2012, 11, 0.189, , 0.101, 0.121, 0.081
2012, 12, 0.190, , 0.101, 0.121, 0.081
2013, 1, 0.058, , 0.102, 0.122, 0.081
2013, 2, 0.099, , 0.102, 0.122, 0.082
2013, 3, 0.225, , 0.103, 0.123, 0.082
2013, 4, 0.074, , 0.103, 0.123, 0.083
2013, 5, 0.060, , 0.103, 0.124, 0.083
2013, 6, 0.073, , 0.104, 0.124, 0.083
2013, 7, 0.099, , 0.104, 0.125, 0.084
2013, 8, 0.121, , 0.105, 0.126, 0.084
2013, 9, 0.106, , 0.105, 0.126, 0.085
2013, 10, 0.165, , 0.106, 0.127, 0.085
2013, 11, 0.025, , 0.106, 0.127, 0.085
2013, 12, 0.070, , 0.107, 0.128, 0.086
2014, 1, 0.057, , 0.107, 0.128, 0.086
2014, 2, 0.071, , 0.108, 0.129, 0.087
2014, 3, 0.106, , 0.108, 0.129, 0.087
2014, 4, 0.113, , 0.109, 0.130, 0.087
2014, 5, 0.138, , 0.109, 0.130, 0.088
2014, 6, 0.128, , 0.110, 0.131, 0.088
2014, 7, 0.086, , 0.110, 0.131, 0.089
2014, 8, 0.151, , 0.110, 0.132, 0.089
2014, 9, 0.153, , 0.111, 0.132, 0.089
2014, 10, 0.152, , 0.111, 0.133, 0.090
2014, 11, 0.076, , 0.112, 0.133, 0.090
2014, 12, 0.178, , 0.112, 0.134, 0.091
2015, 1, 0.052, , 0.113, 0.135, 0.091
2015, 2, 0.084, , 0.113, 0.135, 0.091
2015, 3, -0.010, , 0.114, 0.136, 0.092
2015, 4, 0.036, , 0.114, 0.136, 0.092
2015, 5, -0.001, , 0.115, 0.137, 0.093
2015, 6, 0.086, , 0.115, 0.137, 0.093
2015, 7, 0.147, , 0.116, 0.138, 0.093
2015, 8, 0.106, , 0.116, 0.138, 0.094
2015, 9, 0.141, , 0.117, 0.139, 0.094
2015, 10, 0.164, , 0.117, 0.139, 0.095
2015, 11, 0.089, , 0.117, 0.140, 0.095
2015, 12, 0.137, , 0.118, 0.140, 0.095
2016, 1, 0.176, , 0.118, 0.141, 0.096
2016, 2, 0.114, , 0.119, 0.142, 0.096
2016, 3, 0.116, , 0.119, 0.142, 0.097
2016, 4, 0.111, , 0.120, 0.143, 0.097
2016, 5, 0.122, , 0.120, 0.143, 0.097
2016, 6, 0.103, , 0.121, 0.144, 0.098
2016, 7, 0.110, , 0.121, 0.144, 0.098
2016, 8, 0.076, , 0.122, 0.145, 0.099
2016, 9, 0.201, , 0.122, 0.145, 0.099
2016, 10, 0.168, , 0.123, 0.146, 0.099
2016, 11, 0.096, , 0.123, 0.146, 0.100
2016, 12, 0.073, , 0.124, 0.147, 0.100
2017, 1, , , 0.124, 0.147, 0.101
2017, 2, , , 0.124, 0.148, 0.101
2017, 3, , , 0.125, 0.148, 0.101
2017, 4, , , 0.125, 0.149, 0.102
2017, 5, , , 0.126, 0.150, 0.102
2017, 6, , , 0.126, 0.150, 0.103
2017, 7, , , 0.127, 0.151, 0.103
2017, 8, , , 0.127, 0.151, 0.103
2017, 9, , , 0.128, 0.152, 0.104
2017, 10, , , 0.128, 0.152, 0.104
2017, 11, , , 0.129, 0.153, 0.105
2017, 12, , , 0.129, 0.153, 0.105
2018, 1, , , 0.130, 0.154, 0.105
2018, 2, , , 0.130, 0.154, 0.106
2018, 3, , , 0.131, 0.155, 0.106
2018, 4, , , 0.131, 0.155, 0.106
2018, 5, , , 0.131, 0.156, 0.107
2018, 6, , , 0.132, 0.157, 0.107
2018, 7, , , 0.132, 0.157, 0.108
2018, 8, , , 0.133, 0.158, 0.108
2018, 9, , , 0.133, 0.158, 0.108
2018, 10, , , 0.134, 0.159, 0.109
2018, 11, , , 0.134, 0.159, 0.109
2018, 12, , , 0.135, 0.160, 0.110
2019, 1, , , 0.135, 0.160, 0.110
2019, 2, , , 0.136, 0.161, 0.110
2019, 3, , , 0.136, 0.161, 0.111
2019, 4, , , 0.137, 0.162, 0.111
2019, 5, , , 0.137, 0.162, 0.112
2019, 6, , , 0.137, 0.163, 0.112
2019, 7, , , 0.138, 0.164, 0.112
2019, 8, , , 0.138, 0.164, 0.113
2019, 9, , , 0.139, 0.165, 0.113
2019, 10, , , 0.139, 0.165, 0.114
2019, 11, , , 0.140, 0.166, 0.114
2019, 12, , , 0.140, 0.166, 0.114
2020, 1, , , 0.141, 0.167, 0.115
2020, 2, , , 0.141, 0.167, 0.115
2020, 3, , , 0.142, 0.168, 0.116
2020, 4, , , 0.142, 0.168, 0.116
2020, 5, , , 0.143, 0.169, 0.116
2020, 6, , , 0.143, 0.169, 0.117
2020, 7, , , 0.144, 0.170, 0.117
2020, 8, , , 0.144, 0.171, 0.118
2020, 9, , , 0.144, 0.171, 0.118
2020, 10, , , 0.145, 0.172, 0.118
2020, 11, , , 0.145, 0.172, 0.119
2020, 12, , , 0.146, 0.173, 0.119
