Year, Month, Monthly_MSL, Unverified, Linear_Trend, High_Conf., Low_Conf.
1900, 1, , , -0.502, -0.418, -0.586
1900, 2, , , -0.502, -0.418, -0.586
1900, 3, , , -0.501, -0.417, -0.585
1900, 4, , , -0.501, -0.417, -0.585
1900, 5, , , -0.500, -0.416, -0.584
1900, 6, , , -0.500, -0.416, -0.584
1900, 7, , , -0.499, -0.416, -0.583
1900, 8, , , -0.499, -0.415, -0.583
1900, 9, , , -0.499, -0.415, -0.582
1900, 10, , , -0.498, -0.415, -0.582
1900, 11, , , -0.498, -0.414, -0.581
1900, 12, , , -0.497, -0.414, -0.581
1901, 1, , , -0.497, -0.413, -0.580
1901, 2, , , -0.496, -0.413, -0.580
1901, 3, , , -0.496, -0.413, -0.579
1901, 4, , , -0.495, -0.412, -0.579
1901, 5, , , -0.495, -0.412, -0.578
1901, 6, , , -0.495, -0.412, -0.578
1901, 7, , , -0.494, -0.411, -0.577
1901, 8, , , -0.494, -0.411, -0.576
1901, 9, , , -0.493, -0.410, -0.576
1901, 10, , , -0.493, -0.410, -0.575
1901, 11, , , -0.492, -0.410, -0.575
1901, 12, , , -0.492, -0.409, -0.574
1902, 1, , , -0.491, -0.409, -0.574
1902, 2, , , -0.491, -0.409, -0.573
1902, 3, , , -0.491, -0.408, -0.573
1902, 4, , , -0.490, -0.408, -0.572
1902, 5, , , -0.490, -0.407, -0.572
1902, 6, , , -0.489, -0.407, -0.571
1902, 7, , , -0.489, -0.407, -0.571
1902, 8, , , -0.488, -0.406, -0.570
1902, 9, , , -0.488, -0.406, -0.570
1902, 10, , , -0.487, -0.406, -0.569
1902, 11, , , -0.487, -0.405, -0.569
1902, 12, , , -0.486, -0.405, -0.568
1903, 1, , , -0.486, -0.404, -0.568
1903, 2, , , -0.486, -0.404, -0.567
1903, 3, , , -0.485, -0.404, -0.567
1903, 4, , , -0.485, -0.403, -0.566
1903, 5, , , -0.484, -0.403, -0.566
1903, 6, , , -0.484, -0.403, -0.565
1903, 7, , , -0.483, -0.402, -0.565
1903, 8, , , -0.483, -0.402, -0.564
1903, 9, , , -0.482, -0.401, -0.563
1903, 10, , , -0.482, -0.401, -0.563
1903, 11, , , -0.482, -0.401, -0.562
1903, 12, , , -0.481, -0.400, -0.562
1904, 1, , , -0.481, -0.400, -0.561
1904, 2, , , -0.480, -0.400, -0.561
1904, 3, , , -0.480, -0.399, -0.560
1904, 4, , , -0.479, -0.399, -0.560
1904, 5, , , -0.479, -0.398, -0.559
1904, 6, , , -0.478, -0.398, -0.559
1904, 7, , , -0.478, -0.398, -0.558
1904, 8, , , -0.478, -0.397, -0.558
1904, 9, , , -0.477, -0.397, -0.557
1904, 10, , , -0.477, -0.397, -0.557
1904, 11, , , -0.476, -0.396, -0.556
1904, 12, , , -0.476, -0.396, -0.556
1905, 1, , , -0.475, -0.395, -0.555
1905, 2, , , -0.475, -0.395, -0.555
1905, 3, , , -0.474, -0.395, -0.554
1905, 4, , , -0.474, -0.394, -0.554
1905, 5, , , -0.473, -0.394, -0.553
1905, 6, , , -0.473, -0.393, -0.553
1905, 7, , , -0.473, -0.393, -0.552
1905, 8, , , -0.472, -0.393, -0.552
1905, 9, , , -0.472, -0.392, -0.551
1905, 10, , , -0.471, -0.392, -0.550
1905, 11, , , -0.471, -0.392, -0.550
1905, 12, , , -0.470, -0.391, -0.549
1906, 1, , , -0.470, -0.391, -0.549
1906, 2, , , -0.469, -0.390, -0.548
1906, 3, , , -0.469, -0.390, -0.548
1906, 4, , , -0.469, -0.390, -0.547
1906, 5, , , -0.468, -0.389, -0.547
1906, 6, , , -0.468, -0.389, -0.546
1906, 7, , , -0.467, -0.389, -0.546
1906, 8, , , -0.467, -0.388, -0.545
1906, 9, , , -0.466, -0.388, -0.545
1906, 10, , , -0.466, -0.387, -0.544
1906, 11, , , -0.465, -0.387, -0.544
1906, 12, , , -0.465, -0.387, -0.543
1907, 1, , , -0.465, -0.386, -0.543
1907, 2, , , -0.464, -0.386, -0.542
1907, 3, , , -0.464, -0.386, -0.542
1907, 4, , , -0.463, -0.385, -0.541
1907, 5, , , -0.463, -0.385, -0.541
1907, 6, , , -0.462, -0.384, -0.540
1907, 7, , , -0.462, -0.384, -0.540
1907, 8, , , -0.461, -0.384, -0.539
1907, 9, , , -0.461, -0.383, -0.539
1907, 10, , , -0.460, -0.383, -0.538
1907, 11, , , -0.460, -0.383, -0.538
1907, 12, , , -0.460, -0.382, -0.537
1908, 1, , , -0.459, -0.382, -0.536
1908, 2, , , -0.459, -0.381, -0.536
1908, 3, , , -0.458, -0.381, -0.535
1908, 4, , , -0.458, -0.381, -0.535
1908, 5, , , -0.457, -0.380, -0.534
1908, 6, , , -0.457, -0.380, -0.534
1908, 7, , , -0.456, -0.380, -0.533
1908, 8, , , -0.456, -0.379, -0.533
1908, 9, , , -0.456, -0.379, -0.532
1908, 10, , , -0.455, -0.378, -0.532
1908, 11, , , -0.455, -0.378, -0.531
1908, 12, , , -0.454, -0.378, -0.531
1909, 1, , , -0.454, -0.377, -0.530
1909, 2, , , -0.453, -0.377, -0.530
1909, 3, , , -0.453, -0.377, -0.529
1909, 4, , , -0.452, -0.376, -0.529
1909, 5, , , -0.452, -0.376, -0.528
1909, 6, , , -0.452, -0.375, -0.528
1909, 7, , , -0.451, -0.375, -0.527
1909, 8, , , -0.451, -0.375, -0.527
1909, 9, , , -0.450, -0.374, -0.526
1909, 10, , , -0.450, -0.374, -0.526
1909, 11, , , -0.449, -0.374, -0.525
1909, 12, , , -0.449, -0.373, -0.525
1910, 1, , , -0.448, -0.373, -0.524
1910, 2, , , -0.448, -0.372, -0.523
1910, 3, , , -0.448, -0.372, -0.523
1910, 4, , , -0.447, -0.372, -0.522
1910, 5, , , -0.447, -0.371, -0.522
1910, 6, , , -0.446, -0.371, -0.521
1910, 7, , , -0.446, -0.371, -0.521
1910, 8, , , -0.445, -0.370, -0.520
1910, 9, , , -0.445, -0.370, -0.520
1910, 10, , , -0.444, -0.369, -0.519
1910, 11, , , -0.444, -0.369, -0.519
1910, 12, , , -0.443, -0.369, -0.518
1911, 1, , , -0.443, -0.368, -0.518
1911, 2, , , -0.443, -0.368, -0.517
1911, 3, , , -0.442, -0.368, -0.517
1911, 4, , , -0.442, -0.367, -0.516
1911, 5, , , -0.441, -0.367, -0.516
1911, 6, , , -0.441, -0.366, -0.515
1911, 7, , , -0.440, -0.366, -0.515
1911, 8, , , -0.440, -0.366, -0.514
1911, 9, , , -0.439, -0.365, -0.514
1911, 10, , , -0.439, -0.365, -0.513
1911, 11, , , -0.439, -0.365, -0.513
1911, 12, , , -0.438, -0.364, -0.512
1912, 1, , , -0.438, -0.364, -0.512
1912, 2, , , -0.437, -0.363, -0.511
1912, 3, , , -0.437, -0.363, -0.510
1912, 4, , , -0.436, -0.363, -0.510
1912, 5, , , -0.436, -0.362, -0.509
1912, 6, , , -0.435, -0.362, -0.509
1912, 7, , , -0.435, -0.362, -0.508
1912, 8, , , -0.435, -0.361, -0.508
1912, 9, , , -0.434, -0.361, -0.507
1912, 10, , , -0.434, -0.360, -0.507
1912, 11, , , -0.433, -0.360, -0.506
1912, 12, , , -0.433, -0.360, -0.506
1913, 1, , , -0.432, -0.359, -0.505
1913, 2, , , -0.432, -0.359, -0.505
1913, 3, , , -0.431, -0.359, -0.504
1913, 4, , , -0.431, -0.358, -0.504
1913, 5, , , -0.430, -0.358, -0.503
1913, 6, , , -0.430, -0.357, -0.503
1913, 7, , , -0.430, -0.357, -0.502
1913, 8, , , -0.429, -0.357, -0.502
1913, 9, , , -0.429, -0.356, -0.501
1913, 10, , , -0.428, -0.356, -0.501
1913, 11, , , -0.428, -0.355, -0.500
1913, 12, , , -0.427, -0.355, -0.500
1914, 1, , , -0.427, -0.355, -0.499
1914, 2, , , -0.426, -0.354, -0.499
1914, 3, , , -0.426, -0.354, -0.498
1914, 4, , , -0.426, -0.354, -0.498
1914, 5, , , -0.425, -0.353, -0.497
1914, 6, , , -0.425, -0.353, -0.496
1914, 7, , , -0.424, -0.352, -0.496
1914, 8, , , -0.424, -0.352, -0.495
1914, 9, , , -0.423, -0.352, -0.495
1914, 10, , , -0.423, -0.351, -0.494
1914, 11, , , -0.422, -0.351, -0.494
1914, 12, , , -0.422, -0.351, -0.493
1915, 1, , , -0.422, -0.350, -0.493
1915, 2, , , -0.421, -0.350, -0.492
1915, 3, , , -0.421, -0.349, -0.492
1915, 4, , , -0.420, -0.349, -0.491
1915, 5, , , -0.420, -0.349, -0.491
1915, 6, , , -0.419, -0.348, -0.490
1915, 7, , , -0.419, -0.348, -0.490
1915, 8, , , -0.418, -0.348, -0.489
1915, 9, , , -0.418, -0.347, -0.489
1915, 10, , , -0.417, -0.347, -0.488
1915, 11, , , -0.417, -0.346, -0.488
1915, 12, , , -0.417, -0.346, -0.487
1916, 1, , , -0.416, -0.346, -0.487
1916, 2, , , -0.416, -0.345, -0.486
1916, 3, , , -0.415, -0.345, -0.486
1916, 4, , , -0.415, -0.345, -0.485
1916, 5, , , -0.414, -0.344, -0.485
1916, 6, , , -0.414, -0.344, -0.484
1916, 7, , , -0.413, -0.343, -0.483
1916, 8, , , -0.413, -0.343, -0.483
1916, 9, , , -0.413, -0.343, -0.482
1916, 10, , , -0.412, -0.342, -0.482
1916, 11, , , -0.412, -0.342, -0.481
1916, 12, , , -0.411, -0.342, -0.481
1917, 1, , , -0.411, -0.341, -0.480
1917, 2, , , -0.410, -0.341, -0.480
1917, 3, , , -0.410, -0.340, -0.479
1917, 4, , , -0.409, -0.340, -0.479
1917, 5, , , -0.409, -0.340, -0.478
1917, 6, , , -0.409, -0.339, -0.478
1917, 7, , , -0.408, -0.339, -0.477
1917, 8, , , -0.408, -0.339, -0.477
1917, 9, , , -0.407, -0.338, -0.476
1917, 10, , , -0.407, -0.338, -0.476
1917, 11, , , -0.406, -0.337, -0.475
1917, 12, , , -0.406, -0.337, -0.475
1918, 1, , , -0.405, -0.337, -0.474
1918, 2, , , -0.405, -0.336, -0.474
1918, 3, , , -0.405, -0.336, -0.473
1918, 4, , , -0.404, -0.336, -0.473
1918, 5, , , -0.404, -0.335, -0.472
1918, 6, , , -0.403, -0.335, -0.472
1918, 7, , , -0.403, -0.334, -0.471
1918, 8, , , -0.402, -0.334, -0.470
1918, 9, , , -0.402, -0.334, -0.470
1918, 10, , , -0.401, -0.333, -0.469
1918, 11, , , -0.401, -0.333, -0.469
1918, 12, , , -0.400, -0.333, -0.468
1919, 1, , , -0.400, -0.332, -0.468
1919, 2, , , -0.400, -0.332, -0.467
1919, 3, , , -0.399, -0.331, -0.467
1919, 4, , , -0.399, -0.331, -0.466
1919, 5, , , -0.398, -0.331, -0.466
1919, 6, , , -0.398, -0.330, -0.465
1919, 7, , , -0.397, -0.330, -0.465
1919, 8, , , -0.397, -0.330, -0.464
1919, 9, , , -0.396, -0.329, -0.464
1919, 10, , , -0.396, -0.329, -0.463
1919, 11, , , -0.396, -0.328, -0.463
1919, 12, , , -0.395, -0.328, -0.462
1920, 1, , , -0.395, -0.328, -0.462
1920, 2, , , -0.394, -0.327, -0.461
1920, 3, , , -0.394, -0.327, -0.461
1920, 4, , , -0.393, -0.327, -0.460
1920, 5, , , -0.393, -0.326, -0.460
1920, 6, , , -0.392, -0.326, -0.459
1920, 7, , , -0.392, -0.325, -0.459
1920, 8, , , -0.392, -0.325, -0.458
1920, 9, , , -0.391, -0.325, -0.458
1920, 10, , , -0.391, -0.324, -0.457
1920, 11, , , -0.390, -0.324, -0.456
1920, 12, , , -0.390, -0.323, -0.456
1921, 1, , , -0.389, -0.323, -0.455
1921, 2, , , -0.389, -0.323, -0.455
1921, 3, , , -0.388, -0.322, -0.454
1921, 4, , , -0.388, -0.322, -0.454
1921, 5, , , -0.387, -0.322, -0.453
1921, 6, , , -0.387, -0.321, -0.453
1921, 7, , , -0.387, -0.321, -0.452
1921, 8, , , -0.386, -0.320, -0.452
1921, 9, , , -0.386, -0.320, -0.451
1921, 10, , , -0.385, -0.320, -0.451
1921, 11, , , -0.385, -0.319, -0.450
1921, 12, , , -0.384, -0.319, -0.450
1922, 1, , , -0.384, -0.319, -0.449
1922, 2, , , -0.383, -0.318, -0.449
1922, 3, , , -0.383, -0.318, -0.448
1922, 4, , , -0.383, -0.317, -0.448
1922, 5, , , -0.382, -0.317, -0.447
1922, 6, , , -0.382, -0.317, -0.447
1922, 7, , , -0.381, -0.316, -0.446
1922, 8, , , -0.381, -0.316, -0.446
1922, 9, , , -0.380, -0.316, -0.445
1922, 10, , , -0.380, -0.315, -0.445
1922, 11, , , -0.379, -0.315, -0.444
1922, 12, , , -0.379, -0.314, -0.443
1923, 1, , , -0.379, -0.314, -0.443
1923, 2, , , -0.378, -0.314, -0.442
1923, 3, , , -0.378, -0.313, -0.442
1923, 4, , , -0.377, -0.313, -0.441
1923, 5, , , -0.377, -0.313, -0.441
1923, 6, , , -0.376, -0.312, -0.440
1923, 7, , , -0.376, -0.312, -0.440
1923, 8, , , -0.375, -0.311, -0.439
1923, 9, , , -0.375, -0.311, -0.439
1923, 10, , , -0.374, -0.311, -0.438
1923, 11, , , -0.374, -0.310, -0.438
1923, 12, , , -0.374, -0.310, -0.437
1924, 1, , , -0.373, -0.310, -0.437
1924, 2, , , -0.373, -0.309, -0.436
1924, 3, , , -0.372, -0.309, -0.436
1924, 4, , , -0.372, -0.308, -0.435
1924, 5, , , -0.371, -0.308, -0.435
1924, 6, , , -0.371, -0.308, -0.434
1924, 7, , , -0.370, -0.307, -0.434
1924, 8, , , -0.370, -0.307, -0.433
1924, 9, , , -0.370, -0.307, -0.433
1924, 10, , , -0.369, -0.306, -0.432
1924, 11, , , -0.369, -0.306, -0.432
1924, 12, , , -0.368, -0.305, -0.431
1925, 1, , , -0.368, -0.305, -0.431
1925, 2, , , -0.367, -0.305, -0.430
1925, 3, , , -0.367, -0.304, -0.429
1925, 4, , , -0.366, -0.304, -0.429
1925, 5, , , -0.366, -0.304, -0.428
1925, 6, , , -0.366, -0.303, -0.428
1925, 7, , , -0.365, -0.303, -0.427
1925, 8, , , -0.365, -0.302, -0.427
1925, 9, , , -0.364, -0.302, -0.426
1925, 10, , , -0.364, -0.302, -0.426
1925, 11, , , -0.363, -0.301, -0.425
1925, 12, , , -0.363, -0.301, -0.425
1926, 1, , , -0.362, -0.301, -0.424
1926, 2, , , -0.362, -0.300, -0.424
1926, 3, , , -0.362, -0.300, -0.423
1926, 4, , , -0.361, -0.299, -0.423
1926, 5, , , -0.361, -0.299, -0.422
1926, 6, , , -0.360, -0.299, -0.422
1926, 7, , , -0.360, -0.298, -0.421
1926, 8, , , -0.359, -0.298, -0.421
1926, 9, , , -0.359, -0.298, -0.420
1926, 10, , , -0.358, -0.297, -0.420
1926, 11, , , -0.358, -0.297, -0.419
1926, 12, , , -0.357, -0.296, -0.419
1927, 1, , , -0.357, -0.296, -0.418
1927, 2, , , -0.357, -0.296, -0.418
1927, 3, , , -0.356, -0.295, -0.417
1927, 4, , , -0.356, -0.295, -0.416
1927, 5, , , -0.355, -0.294, -0.416
1927, 6, , , -0.355, -0.294, -0.415
1927, 7, , , -0.354, -0.294, -0.415
1927, 8, , , -0.354, -0.293, -0.414
1927, 9, , , -0.353, -0.293, -0.414
1927, 10, , , -0.353, -0.293, -0.413
1927, 11, , , -0.353, -0.292, -0.413
1927, 12, , , -0.352, -0.292, -0.412
1928, 1, , , -0.352, -0.291, -0.412
1928, 2, , , -0.351, -0.291, -0.411
1928, 3, , , -0.351, -0.291, -0.411
1928, 4, , , -0.350, -0.290, -0.410
1928, 5, , , -0.350, -0.290, -0.410
1928, 6, , , -0.349, -0.290, -0.409
1928, 7, , , -0.349, -0.289, -0.409
1928, 8, , , -0.349, -0.289, -0.408
1928, 9, , , -0.348, -0.288, -0.408
1928, 10, , , -0.348, -0.288, -0.407
1928, 11, , , -0.347, -0.288, -0.407
1928, 12, , , -0.347, -0.287, -0.406
1929, 1, , , -0.346, -0.287, -0.406
1929, 2, , , -0.346, -0.287, -0.405
1929, 3, , , -0.345, -0.286, -0.405
1929, 4, , , -0.345, -0.286, -0.404
1929, 5, , , -0.344, -0.285, -0.404
1929, 6, , , -0.344, -0.285, -0.403
1929, 7, , , -0.344, -0.285, -0.402
1929, 8, , , -0.343, -0.284, -0.402
1929, 9, , , -0.343, -0.284, -0.401
1929, 10, , , -0.342, -0.284, -0.401
1929, 11, , , -0.342, -0.283, -0.400
1929, 12, , , -0.341, -0.283, -0.400
1930, 1, , , -0.341, -0.282, -0.399
1930, 2, , , -0.340, -0.282, -0.399
1930, 3, , , -0.340, -0.282, -0.398
1930, 4, , , -0.340, -0.281, -0.398
1930, 5, , , -0.339, -0.281, -0.397
1930, 6, , , -0.339, -0.281, -0.397
1930, 7, , , -0.338, -0.280, -0.396
1930, 8, , , -0.338, -0.280, -0.396
1930, 9, , , -0.337, -0.279, -0.395
1930, 10, , , -0.337, -0.279, -0.395
1930, 11, , , -0.336, -0.279, -0.394
1930, 12, , , -0.336, -0.278, -0.394
1931, 1, , , -0.336, -0.278, -0.393
1931, 2, , , -0.335, -0.278, -0.393
1931, 3, , , -0.335, -0.277, -0.392
1931, 4, , , -0.334, -0.277, -0.392
1931, 5, , , -0.334, -0.276, -0.391
1931, 6, , , -0.333, -0.276, -0.391
1931, 7, , , -0.333, -0.276, -0.390
1931, 8, , , -0.332, -0.275, -0.389
1931, 9, , , -0.332, -0.275, -0.389
1931, 10, , , -0.331, -0.275, -0.388
1931, 11, , , -0.331, -0.274, -0.388
1931, 12, , , -0.331, -0.274, -0.387
1932, 1, , , -0.330, -0.273, -0.387
1932, 2, , , -0.330, -0.273, -0.386
1932, 3, , , -0.329, -0.273, -0.386
1932, 4, , , -0.329, -0.272, -0.385
1932, 5, , , -0.328, -0.272, -0.385
1932, 6, , , -0.328, -0.272, -0.384
1932, 7, , , -0.327, -0.271, -0.384
1932, 8, , , -0.327, -0.271, -0.383
1932, 9, , , -0.327, -0.270, -0.383
1932, 10, , , -0.326, -0.270, -0.382
1932, 11, , , -0.326, -0.270, -0.382
1932, 12, , , -0.325, -0.269, -0.381
1933, 1, , , -0.325, -0.269, -0.381
1933, 2, , , -0.324, -0.269, -0.380
1933, 3, , , -0.324, -0.268, -0.380
1933, 4, , , -0.323, -0.268, -0.379
1933, 5, , , -0.323, -0.267, -0.379
1933, 6, , , -0.323, -0.267, -0.378
1933, 7, , , -0.322, -0.267, -0.378
1933, 8, , , -0.322, -0.266, -0.377
1933, 9, , , -0.321, -0.266, -0.377
1933, 10, , , -0.321, -0.265, -0.376
1933, 11, , , -0.320, -0.265, -0.375
1933, 12, , , -0.320, -0.265, -0.375
1934, 1, , , -0.319, -0.264, -0.374
1934, 2, , , -0.319, -0.264, -0.374
1934, 3, , , -0.319, -0.264, -0.373
1934, 4, , , -0.318, -0.263, -0.373
1934, 5, , , -0.318, -0.263, -0.372
1934, 6, , , -0.317, -0.262, -0.372
1934, 7, , , -0.317, -0.262, -0.371
1934, 8, , , -0.316, -0.262, -0.371
1934, 9, , , -0.316, -0.261, -0.370
1934, 10, , , -0.315, -0.261, -0.370
1934, 11, , , -0.315, -0.261, -0.369
1934, 12, , , -0.314, -0.260, -0.369
1935, 1, , , -0.314, -0.260, -0.368
1935, 2, , , -0.314, -0.259, -0.368
1935, 3, , , -0.313, -0.259, -0.367
1935, 4, , , -0.313, -0.259, -0.367
1935, 5, , , -0.312, -0.258, -0.366
1935, 6, , , -0.312, -0.258, -0.366
1935, 7, , , -0.311, -0.258, -0.365
1935, 8, , , -0.311, -0.257, -0.365
1935, 9, , , -0.310, -0.257, -0.364
1935, 10, , , -0.310, -0.256, -0.364
1935, 11, , , -0.310, -0.256, -0.363
1935, 12, , , -0.309, -0.256, -0.363
1936, 1, , , -0.309, -0.255, -0.362
1936, 2, , , -0.308, -0.255, -0.361
1936, 3, , , -0.308, -0.255, -0.361
1936, 4, , , -0.307, -0.254, -0.360
1936, 5, , , -0.307, -0.254, -0.360
1936, 6, , , -0.306, -0.253, -0.359
1936, 7, , , -0.306, -0.253, -0.359
1936, 8, , , -0.306, -0.253, -0.358
1936, 9, , , -0.305, -0.252, -0.358
1936, 10, , , -0.305, -0.252, -0.357
1936, 11, , , -0.304, -0.252, -0.357
1936, 12, , , -0.304, -0.251, -0.356
1937, 1, , , -0.303, -0.251, -0.356
1937, 2, , , -0.303, -0.250, -0.355
1937, 3, , , -0.302, -0.250, -0.355
1937, 4, , , -0.302, -0.250, -0.354
1937, 5, , , -0.301, -0.249, -0.354
1937, 6, , , -0.301, -0.249, -0.353
1937, 7, , , -0.301, -0.249, -0.353
1937, 8, , , -0.300, -0.248, -0.352
1937, 9, , , -0.300, -0.248, -0.352
1937, 10, , , -0.299, -0.247, -0.351
1937, 11, , , -0.299, -0.247, -0.351
1937, 12, , , -0.298, -0.247, -0.350
1938, 1, , , -0.298, -0.246, -0.350
1938, 2, , , -0.297, -0.246, -0.349
1938, 3, , , -0.297, -0.246, -0.349
1938, 4, , , -0.297, -0.245, -0.348
1938, 5, , , -0.296, -0.245, -0.347
1938, 6, , , -0.296, -0.244, -0.347
1938, 7, , , -0.295, -0.244, -0.346
1938, 8, , , -0.295, -0.244, -0.346
1938, 9, , , -0.294, -0.243, -0.345
1938, 10, , , -0.294, -0.243, -0.345
1938, 11, , , -0.293, -0.242, -0.344
1938, 12, , , -0.293, -0.242, -0.344
1939, 1, , , -0.293, -0.242, -0.343
1939, 2, , , -0.292, -0.241, -0.343
1939, 3, , , -0.292, -0.241, -0.342
1939, 4, , , -0.291, -0.241, -0.342
1939, 5, , , -0.291, -0.240, -0.341
1939, 6, , , -0.290, -0.240, -0.341
1939, 7, , , -0.290, -0.239, -0.340
1939, 8, , , -0.289, -0.239, -0.340
1939, 9, , , -0.289, -0.239, -0.339
1939, 10, , , -0.288, -0.238, -0.339
1939, 11, , , -0.288, -0.238, -0.338
1939, 12, , , -0.288, -0.238, -0.338
1940, 1, , , -0.287, -0.237, -0.337
1940, 2, , , -0.287, -0.237, -0.337
1940, 3, , , -0.286, -0.236, -0.336
1940, 4, , , -0.286, -0.236, -0.336
1940, 5, , , -0.285, -0.236, -0.335
1940, 6, , , -0.285, -0.235, -0.334
1940, 7, , , -0.284, -0.235, -0.334
1940, 8, , , -0.284, -0.235, -0.333
1940, 9, , , -0.284, -0.234, -0.333
1940, 10, , , -0.283, -0.234, -0.332
1940, 11, , , -0.283, -0.233, -0.332
1940, 12, , , -0.282, -0.233, -0.331
1941, 1, , , -0.282, -0.233, -0.331
1941, 2, , , -0.281, -0.232, -0.330
1941, 3, , , -0.281, -0.232, -0.330
1941, 4, , , -0.280, -0.232, -0.329
1941, 5, , , -0.280, -0.231, -0.329
1941, 6, , , -0.280, -0.231, -0.328
1941, 7, , , -0.279, -0.230, -0.328
1941, 8, , , -0.279, -0.230, -0.327
1941, 9, , , -0.278, -0.230, -0.327
1941, 10, , , -0.278, -0.229, -0.326
1941, 11, , , -0.277, -0.229, -0.326
1941, 12, , , -0.277, -0.229, -0.325
1942, 1, , , -0.276, -0.228, -0.325
1942, 2, , , -0.276, -0.228, -0.324
1942, 3, , , -0.276, -0.227, -0.324
1942, 4, , , -0.275, -0.227, -0.323
1942, 5, , , -0.275, -0.227, -0.323
1942, 6, , , -0.274, -0.226, -0.322
1942, 7, , , -0.274, -0.226, -0.322
1942, 8, , , -0.273, -0.226, -0.321
1942, 9, , , -0.273, -0.225, -0.320
1942, 10, , , -0.272, -0.225, -0.320
1942, 11, , , -0.272, -0.224, -0.319
1942, 12, , , -0.271, -0.224, -0.319
1943, 1, , , -0.271, -0.224, -0.318
1943, 2, , , -0.271, -0.223, -0.318
1943, 3, , , -0.270, -0.223, -0.317
1943, 4, , , -0.270, -0.223, -0.317
1943, 5, , , -0.269, -0.222, -0.316
1943, 6, , , -0.269, -0.222, -0.316
1943, 7, , , -0.268, -0.221, -0.315
1943, 8, , , -0.268, -0.221, -0.315
1943, 9, , , -0.267, -0.221, -0.314
1943, 10, , , -0.267, -0.220, -0.314
1943, 11, , , -0.267, -0.220, -0.313
1943, 12, , , -0.266, -0.219, -0.313
1944, 1, , , -0.266, -0.219, -0.312
1944, 2, , , -0.265, -0.219, -0.312
1944, 3, , , -0.265, -0.218, -0.311
1944, 4, , , -0.264, -0.218, -0.311
1944, 5, , , -0.264, -0.218, -0.310
1944, 6, , , -0.263, -0.217, -0.310
1944, 7, , , -0.263, -0.217, -0.309
1944, 8, , , -0.263, -0.216, -0.309
1944, 9, , , -0.262, -0.216, -0.308
1944, 10, , , -0.262, -0.216, -0.308
1944, 11, , , -0.261, -0.215, -0.307
1944, 12, , , -0.261, -0.215, -0.306
1945, 1, , , -0.260, -0.215, -0.306
1945, 2, , , -0.260, -0.214, -0.305
1945, 3, , , -0.259, -0.214, -0.305
1945, 4, , , -0.259, -0.213, -0.304
1945, 5, , , -0.258, -0.213, -0.304
1945, 6, , , -0.258, -0.213, -0.303
1945, 7, , , -0.258, -0.212, -0.303
1945, 8, , , -0.257, -0.212, -0.302
1945, 9, , , -0.257, -0.212, -0.302
1945, 10, , , -0.256, -0.211, -0.301
1945, 11, , , -0.256, -0.211, -0.301
1945, 12, , , -0.255, -0.210, -0.300
1946, 1, , , -0.255, -0.210, -0.300
1946, 2, , , -0.254, -0.210, -0.299
1946, 3, , , -0.254, -0.209, -0.299
1946, 4, , , -0.254, -0.209, -0.298
1946, 5, , , -0.253, -0.209, -0.298
1946, 6, , , -0.253, -0.208, -0.297
1946, 7, , , -0.252, -0.208, -0.297
1946, 8, , , -0.252, -0.207, -0.296
1946, 9, , , -0.251, -0.207, -0.296
1946, 10, , , -0.251, -0.207, -0.295
1946, 11, , , -0.250, -0.206, -0.295
1946, 12, , , -0.250, -0.206, -0.294
1947, 1, , , -0.250, -0.206, -0.294
1947, 2, , , -0.249, -0.205, -0.293
1947, 3, , , -0.249, -0.205, -0.292
1947, 4, , , -0.248, -0.204, -0.292
1947, 5, , , -0.248, -0.204, -0.291
1947, 6, , , -0.247, -0.204, -0.291
1947, 7, , , -0.247, -0.203, -0.290
1947, 8, , , -0.246, -0.203, -0.290
1947, 9, , , -0.246, -0.203, -0.289
1947, 10, , , -0.245, -0.202, -0.289
1947, 11, , , -0.245, -0.202, -0.288
1947, 12, , , -0.245, -0.201, -0.288
1948, 1, , , -0.244, -0.201, -0.287
1948, 2, , , -0.244, -0.201, -0.287
1948, 3, , , -0.243, -0.200, -0.286
1948, 4, , , -0.243, -0.200, -0.286
1948, 5, , , -0.242, -0.199, -0.285
1948, 6, , , -0.242, -0.199, -0.285
1948, 7, , , -0.241, -0.199, -0.284
1948, 8, , , -0.241, -0.198, -0.284
1948, 9, , , -0.241, -0.198, -0.283
1948, 10, , , -0.240, -0.198, -0.283
1948, 11, , , -0.240, -0.197, -0.282
1948, 12, , , -0.239, -0.197, -0.282
1949, 1, , , -0.239, -0.196, -0.281
1949, 2, , , -0.238, -0.196, -0.281
1949, 3, , , -0.238, -0.196, -0.280
1949, 4, , , -0.237, -0.195, -0.280
1949, 5, , , -0.237, -0.195, -0.279
1949, 6, , , -0.237, -0.195, -0.279
1949, 7, , , -0.236, -0.194, -0.278
1949, 8, , , -0.236, -0.194, -0.277
1949, 9, , , -0.235, -0.193, -0.277
1949, 10, , , -0.235, -0.193, -0.276
1949, 11, , , -0.234, -0.193, -0.276
1949, 12, , , -0.234, -0.192, -0.275
1950, 1, , , -0.233, -0.192, -0.275
1950, 2, , , -0.233, -0.192, -0.274
1950, 3, , , -0.233, -0.191, -0.274
1950, 4, , , -0.232, -0.191, -0.273
1950, 5, , , -0.232, -0.190, -0.273
1950, 6, , , -0.231, -0.190, -0.272
1950, 7, , , -0.231, -0.190, -0.272
1950, 8, , , -0.230, -0.189, -0.271
1950, 9, , , -0.230, -0.189, -0.271
1950, 10, , , -0.229, -0.189, -0.270
1950, 11, , , -0.229, -0.188, -0.270
1950, 12, , , -0.228, -0.188, -0.269
1951, 1, , , -0.228, -0.187, -0.269
1951, 2, , , -0.228, -0.187, -0.268
1951, 3, , , -0.227, -0.187, -0.268
1951, 4, , , -0.227, -0.186, -0.267
1951, 5, , , -0.226, -0.186, -0.267
1951, 6, , , -0.226, -0.186, -0.266
1951, 7, , , -0.225, -0.185, -0.266
1951, 8, , , -0.225, -0.185, -0.265
1951, 9, , , -0.224, -0.184, -0.265
1951, 10, , , -0.224, -0.184, -0.264
1951, 11, , , -0.224, -0.184, -0.263
1951, 12, , , -0.223, -0.183, -0.263
1952, 1, , , -0.223, -0.183, -0.262
1952, 2, , , -0.222, -0.182, -0.262
1952, 3, , , -0.222, -0.182, -0.261
1952, 4, , , -0.221, -0.182, -0.261
1952, 5, , , -0.221, -0.181, -0.260
1952, 6, , , -0.220, -0.181, -0.260
1952, 7, , , -0.220, -0.181, -0.259
1952, 8, , , -0.220, -0.180, -0.259
1952, 9, , , -0.219, -0.180, -0.258
1952, 10, , , -0.219, -0.179, -0.258
1952, 11, , , -0.218, -0.179, -0.257
1952, 12, , , -0.218, -0.179, -0.257
1953, 1, , , -0.217, -0.178, -0.256
1953, 2, , , -0.217, -0.178, -0.256
1953, 3, , , -0.216, -0.178, -0.255
1953, 4, , , -0.216, -0.177, -0.255
1953, 5, , , -0.215, -0.177, -0.254
1953, 6, , , -0.215, -0.176, -0.254
1953, 7, , , -0.215, -0.176, -0.253
1953, 8, , , -0.214, -0.176, -0.253
1953, 9, , , -0.214, -0.175, -0.252
1953, 10, , , -0.213, -0.175, -0.252
1953, 11, , , -0.213, -0.175, -0.251
1953, 12, , , -0.212, -0.174, -0.251
1954, 1, , , -0.212, -0.174, -0.250
1954, 2, , , -0.211, -0.173, -0.249
1954, 3, , , -0.211, -0.173, -0.249
1954, 4, , , -0.211, -0.173, -0.248
1954, 5, , , -0.210, -0.172, -0.248
1954, 6, , , -0.210, -0.172, -0.247
1954, 7, , , -0.209, -0.172, -0.247
1954, 8, , , -0.209, -0.171, -0.246
1954, 9, , , -0.208, -0.171, -0.246
1954, 10, , , -0.208, -0.170, -0.245
1954, 11, , , -0.207, -0.170, -0.245
1954, 12, , , -0.207, -0.170, -0.244
1955, 1, , , -0.207, -0.169, -0.244
1955, 2, , , -0.206, -0.169, -0.243
1955, 3, , , -0.206, -0.169, -0.243
1955, 4, , , -0.205, -0.168, -0.242
1955, 5, , , -0.205, -0.168, -0.242
1955, 6, , , -0.204, -0.167, -0.241
1955, 7, , , -0.204, -0.167, -0.241
1955, 8, , , -0.203, -0.167, -0.240
1955, 9, , , -0.203, -0.166, -0.240
1955, 10, , , -0.203, -0.166, -0.239
1955, 11, , , -0.202, -0.165, -0.239
1955, 12, , , -0.202, -0.165, -0.238
1956, 1, , , -0.201, -0.165, -0.238
1956, 2, , , -0.201, -0.164, -0.237
1956, 3, , , -0.200, -0.164, -0.237
1956, 4, , , -0.200, -0.164, -0.236
1956, 5, , , -0.199, -0.163, -0.236
1956, 6, , , -0.199, -0.163, -0.235
1956, 7, , , -0.198, -0.162, -0.234
1956, 8, , , -0.198, -0.162, -0.234
1956, 9, , , -0.198, -0.162, -0.233
1956, 10, , , -0.197, -0.161, -0.233
1956, 11, , , -0.197, -0.161, -0.232
1956, 12, , , -0.196, -0.161, -0.232
1957, 1, , , -0.196, -0.160, -0.231
1957, 2, , , -0.195, -0.160, -0.231
1957, 3, , , -0.195, -0.159, -0.230
1957, 4, , , -0.194, -0.159, -0.230
1957, 5, , , -0.194, -0.159, -0.229
1957, 6, , , -0.194, -0.158, -0.229
1957, 7, , , -0.193, -0.158, -0.228
1957, 8, , , -0.193, -0.158, -0.228
1957, 9, , , -0.192, -0.157, -0.227
1957, 10, , , -0.192, -0.157, -0.227
1957, 11, , , -0.191, -0.156, -0.226
1957, 12, , , -0.191, -0.156, -0.226
1958, 1, , , -0.190, -0.156, -0.225
1958, 2, , , -0.190, -0.155, -0.225
1958, 3, , , -0.190, -0.155, -0.224
1958, 4, , , -0.189, -0.155, -0.224
1958, 5, , , -0.189, -0.154, -0.223
1958, 6, , , -0.188, -0.154, -0.223
1958, 7, , , -0.188, -0.153, -0.222
1958, 8, , , -0.187, -0.153, -0.222
1958, 9, , , -0.187, -0.153, -0.221
1958, 10, , , -0.186, -0.152, -0.221
1958, 11, , , -0.186, -0.152, -0.220
1958, 12, , , -0.185, -0.151, -0.219
1959, 1, , , -0.185, -0.151, -0.219
1959, 2, , , -0.185, -0.151, -0.218
1959, 3, , , -0.184, -0.150, -0.218
1959, 4, , , -0.184, -0.150, -0.217
1959, 5, , , -0.183, -0.150, -0.217
1959, 6, , , -0.183, -0.149, -0.216
1959, 7, , , -0.182, -0.149, -0.216
1959, 8, , , -0.182, -0.148, -0.215
1959, 9, , , -0.181, -0.148, -0.215
1959, 10, , , -0.181, -0.148, -0.214
1959, 11, , , -0.181, -0.147, -0.214
1959, 12, , , -0.180, -0.147, -0.213
1960, 1, , , -0.180, -0.147, -0.213
1960, 2, , , -0.179, -0.146, -0.212
1960, 3, , , -0.179, -0.146, -0.212
1960, 4, , , -0.178, -0.145, -0.211
1960, 5, , , -0.178, -0.145, -0.211
1960, 6, , , -0.177, -0.145, -0.210
1960, 7, , , -0.177, -0.144, -0.210
1960, 8, , , -0.177, -0.144, -0.209
1960, 9, , , -0.176, -0.144, -0.209
1960, 10, , , -0.176, -0.143, -0.208
1960, 11, , , -0.175, -0.143, -0.208
1960, 12, , , -0.175, -0.142, -0.207
1961, 1, , , -0.174, -0.142, -0.207
1961, 2, , , -0.174, -0.142, -0.206
1961, 3, , , -0.173, -0.141, -0.206
1961, 4, , , -0.173, -0.141, -0.205
1961, 5, , , -0.172, -0.140, -0.204
1961, 6, , , -0.172, -0.140, -0.204
1961, 7, , , -0.172, -0.140, -0.203
1961, 8, , , -0.171, -0.139, -0.203
1961, 9, , , -0.171, -0.139, -0.202
1961, 10, , , -0.170, -0.139, -0.202
1961, 11, , , -0.170, -0.138, -0.201
1961, 12, , , -0.169, -0.138, -0.201
1962, 1, , , -0.169, -0.137, -0.200
1962, 2, , , -0.168, -0.137, -0.200
1962, 3, , , -0.168, -0.137, -0.199
1962, 4, , , -0.168, -0.136, -0.199
1962, 5, , , -0.167, -0.136, -0.198
1962, 6, , , -0.167, -0.136, -0.198
1962, 7, , , -0.166, -0.135, -0.197
1962, 8, , , -0.166, -0.135, -0.197
1962, 9, , , -0.165, -0.134, -0.196
1962, 10, , , -0.165, -0.134, -0.196
1962, 11, , , -0.164, -0.134, -0.195
1962, 12, , , -0.164, -0.133, -0.195
1963, 1, , , -0.164, -0.133, -0.194
1963, 2, , , -0.163, -0.133, -0.194
1963, 3, , , -0.163, -0.132, -0.193
1963, 4, , , -0.162, -0.132, -0.193
1963, 5, , , -0.162, -0.131, -0.192
1963, 6, , , -0.161, -0.131, -0.192
1963, 7, , , -0.161, -0.131, -0.191
1963, 8, , , -0.160, -0.130, -0.191
1963, 9, , , -0.160, -0.130, -0.190
1963, 10, , , -0.160, -0.129, -0.190
1963, 11, , , -0.159, -0.129, -0.189
1963, 12, , , -0.159, -0.129, -0.188
1964, 1, , , -0.158, -0.128, -0.188
1964, 2, , , -0.158, -0.128, -0.187
1964, 3, , , -0.157, -0.128, -0.187
1964, 4, , , -0.157, -0.127, -0.186
1964, 5, , , -0.156, -0.127, -0.186
1964, 6, , , -0.156, -0.126, -0.185
1964, 7, , , -0.155, -0.126, -0.185
1964, 8, , , -0.155, -0.126, -0.184
1964, 9, , , -0.155, -0.125, -0.184
1964, 10, , , -0.154, -0.125, -0.183
1964, 11, , , -0.154, -0.125, -0.183
1964, 12, , , -0.153, -0.124, -0.182
1965, 1, , , -0.153, -0.124, -0.182
1965, 2, , , -0.152, -0.123, -0.181
1965, 3, , , -0.152, -0.123, -0.181
1965, 4, , , -0.151, -0.123, -0.180
1965, 5, , , -0.151, -0.122, -0.180
1965, 6, , , -0.151, -0.122, -0.179
1965, 7, , , -0.150, -0.122, -0.179
1965, 8, , , -0.150, -0.121, -0.178
1965, 9, , , -0.149, -0.121, -0.178
1965, 10, , , -0.149, -0.120, -0.177
1965, 11, , , -0.148, -0.120, -0.177
1965, 12, , , -0.148, -0.120, -0.176
1966, 1, , , -0.147, -0.119, -0.176
1966, 2, , , -0.147, -0.119, -0.175
1966, 3, , , -0.147, -0.118, -0.175
1966, 4, , , -0.146, -0.118, -0.174
1966, 5, , , -0.146, -0.118, -0.174
1966, 6, , , -0.145, -0.117, -0.173
1966, 7, , , -0.145, -0.117, -0.172
1966, 8, , , -0.144, -0.117, -0.172
1966, 9, , , -0.144, -0.116, -0.171
1966, 10, , , -0.143, -0.116, -0.171
1966, 11, , , -0.143, -0.115, -0.170
1966, 12, , , -0.142, -0.115, -0.170
1967, 1, , , -0.142, -0.115, -0.169
1967, 2, , , -0.142, -0.114, -0.169
1967, 3, , , -0.141, -0.114, -0.168
1967, 4, , , -0.141, -0.114, -0.168
1967, 5, , , -0.140, -0.113, -0.167
1967, 6, , , -0.140, -0.113, -0.167
1967, 7, , , -0.139, -0.112, -0.166
1967, 8, , , -0.139, -0.112, -0.166
1967, 9, , , -0.138, -0.112, -0.165
1967, 10, , , -0.138, -0.111, -0.165
1967, 11, , , -0.138, -0.111, -0.164
1967, 12, , , -0.137, -0.110, -0.164
1968, 1, , , -0.137, -0.110, -0.163
1968, 2, , , -0.136, -0.110, -0.163
1968, 3, , , -0.136, -0.109, -0.162
1968, 4, , , -0.135, -0.109, -0.162
1968, 5, , , -0.135, -0.109, -0.161
1968, 6, , , -0.134, -0.108, -0.161
1968, 7, , , -0.134, -0.108, -0.160
1968, 8, , , -0.134, -0.107, -0.160
1968, 9, , , -0.133, -0.107, -0.159
1968, 10, , , -0.133, -0.107, -0.159
1968, 11, , , -0.132, -0.106, -0.158
1968, 12, , , -0.132, -0.106, -0.158
1969, 1, , , -0.131, -0.106, -0.157
1969, 2, , , -0.131, -0.105, -0.157
1969, 3, , , -0.130, -0.105, -0.156
1969, 4, , , -0.130, -0.104, -0.155
1969, 5, , , -0.129, -0.104, -0.155
1969, 6, , , -0.129, -0.104, -0.154
1969, 7, , , -0.129, -0.103, -0.154
1969, 8, , , -0.128, -0.103, -0.153
1969, 9, , , -0.128, -0.103, -0.153
1969, 10, , , -0.127, -0.102, -0.152
1969, 11, , , -0.127, -0.102, -0.152
1969, 12, , , -0.126, -0.101, -0.151
1970, 1, , , -0.126, -0.101, -0.151
1970, 2, , , -0.125, -0.101, -0.150
1970, 3, , , -0.125, -0.100, -0.150
1970, 4, , , -0.125, -0.100, -0.149
1970, 5, , , -0.124, -0.099, -0.149
1970, 6, , , -0.124, -0.099, -0.148
1970, 7, , , -0.123, -0.099, -0.148
1970, 8, , , -0.123, -0.098, -0.147
1970, 9, , , -0.122, -0.098, -0.147
1970, 10, , , -0.122, -0.098, -0.146
1970, 11, , , -0.121, -0.097, -0.146
1970, 12, , , -0.121, -0.097, -0.145
1971, 1, , , -0.121, -0.096, -0.145
1971, 2, , , -0.120, -0.096, -0.144
1971, 3, , , -0.120, -0.096, -0.144
1971, 4, , , -0.119, -0.095, -0.143
1971, 5, , , -0.119, -0.095, -0.143
1971, 6, , , -0.118, -0.094, -0.142
1971, 7, , , -0.118, -0.094, -0.142
1971, 8, , , -0.117, -0.094, -0.141
1971, 9, , , -0.117, -0.093, -0.141
1971, 10, , , -0.117, -0.093, -0.140
1971, 11, , , -0.116, -0.093, -0.140
1971, 12, , , -0.116, -0.092, -0.139
1972, 1, , , -0.115, -0.092, -0.139
1972, 2, , , -0.115, -0.091, -0.138
1972, 3, , , -0.114, -0.091, -0.137
1972, 4, , , -0.114, -0.091, -0.137
1972, 5, , , -0.113, -0.090, -0.136
1972, 6, , , -0.113, -0.090, -0.136
1972, 7, , , -0.112, -0.090, -0.135
1972, 8, , , -0.112, -0.089, -0.135
1972, 9, , , -0.112, -0.089, -0.134
1972, 10, , , -0.111, -0.088, -0.134
1972, 11, , , -0.111, -0.088, -0.133
1972, 12, , , -0.110, -0.088, -0.133
1973, 1, , , -0.110, -0.087, -0.132
1973, 2, , , -0.109, -0.087, -0.132
1973, 3, , , -0.109, -0.086, -0.131
1973, 4, , , -0.108, -0.086, -0.131
1973, 5, , , -0.108, -0.086, -0.130
1973, 6, , , -0.108, -0.085, -0.130
1973, 7, , , -0.107, -0.085, -0.129
1973, 8, , , -0.107, -0.085, -0.129
1973, 9, , , -0.106, -0.084, -0.128
1973, 10, , , -0.106, -0.084, -0.128
1973, 11, , , -0.105, -0.083, -0.127
1973, 12, , , -0.105, -0.083, -0.127
1974, 1, , , -0.104, -0.083, -0.126
1974, 2, , , -0.104, -0.082, -0.126
1974, 3, , , -0.104, -0.082, -0.125
1974, 4, , , -0.103, -0.081, -0.125
1974, 5, , , -0.103, -0.081, -0.124
1974, 6, , , -0.102, -0.081, -0.124
1974, 7, , , -0.102, -0.080, -0.123
1974, 8, , , -0.101, -0.080, -0.123
1974, 9, , , -0.101, -0.080, -0.122
1974, 10, , , -0.100, -0.079, -0.122
1974, 11, , , -0.100, -0.079, -0.121
1974, 12, , , -0.099, -0.078, -0.121
1975, 1, , , -0.099, -0.078, -0.120
1975, 2, , , -0.099, -0.078, -0.120
1975, 3, , , -0.098, -0.077, -0.119
1975, 4, , , -0.098, -0.077, -0.118
1975, 5, , , -0.097, -0.077, -0.118
1975, 6, , , -0.097, -0.076, -0.117
1975, 7, , , -0.096, -0.076, -0.117
1975, 8, , , -0.096, -0.075, -0.116
1975, 9, , , -0.095, -0.075, -0.116
1975, 10, , , -0.095, -0.075, -0.115
1975, 11, , , -0.095, -0.074, -0.115
1975, 12, , , -0.094, -0.074, -0.114
1976, 1, , , -0.094, -0.073, -0.114
1976, 2, , , -0.093, -0.073, -0.113
1976, 3, , , -0.093, -0.073, -0.113
1976, 4, , , -0.092, -0.072, -0.112
1976, 5, , , -0.092, -0.072, -0.112
1976, 6, , , -0.091, -0.072, -0.111
1976, 7, , , -0.091, -0.071, -0.111
1976, 8, , , -0.091, -0.071, -0.110
1976, 9, , , -0.090, -0.070, -0.110
1976, 10, , , -0.090, -0.070, -0.109
1976, 11, , , -0.089, -0.070, -0.109
1976, 12, , , -0.089, -0.069, -0.108
1977, 1, , , -0.088, -0.069, -0.108
1977, 2, , , -0.088, -0.068, -0.107
1977, 3, , , -0.087, -0.068, -0.107
1977, 4, , , -0.087, -0.068, -0.106
1977, 5, , , -0.086, -0.067, -0.106
1977, 6, , , -0.086, -0.067, -0.105
1977, 7, , , -0.086, -0.067, -0.105
1977, 8, , , -0.085, -0.066, -0.104
1977, 9, , , -0.085, -0.066, -0.104
1977, 10, , , -0.084, -0.065, -0.103
1977, 11, , , -0.084, -0.065, -0.103
1977, 12, , , -0.083, -0.065, -0.102
1978, 1, , , -0.083, -0.064, -0.102
1978, 2, , , -0.082, -0.064, -0.101
1978, 3, , , -0.082, -0.063, -0.101
1978, 4, , , -0.082, -0.063, -0.100
1978, 5, , , -0.081, -0.063, -0.100
1978, 6, , , -0.081, -0.062, -0.099
1978, 7, -0.037, , -0.080, -0.062, -0.099
1978, 8, -0.075, , -0.080, -0.061, -0.098
1978, 9, -0.010, , -0.079, -0.061, -0.098
1978, 10, -0.085, , -0.079, -0.061, -0.097
1978, 11, 0.041, , -0.078, -0.060, -0.097
1978, 12, -0.142, , -0.078, -0.060, -0.096
1979, 1, -0.054, , -0.078, -0.060, -0.096
1979, 2, -0.042, , -0.077, -0.059, -0.095
1979, 3, -0.116, , -0.077, -0.059, -0.094
1979, 4, -0.076, , -0.076, -0.058, -0.094
1979, 5, -0.125, , -0.076, -0.058, -0.093
1979, 6, -0.078, , -0.075, -0.058, -0.093
1979, 7, -0.050, , -0.075, -0.057, -0.092
1979, 8, -0.066, , -0.074, -0.057, -0.092
1979, 9, -0.087, , -0.074, -0.056, -0.091
1979, 10, -0.164, , -0.074, -0.056, -0.091
1979, 11, -0.096, , -0.073, -0.056, -0.090
1979, 12, -0.115, , -0.073, -0.055, -0.090
1980, 1, -0.018, , -0.072, -0.055, -0.089
1980, 2, -0.050, , -0.072, -0.055, -0.089
1980, 3, -0.136, , -0.071, -0.054, -0.088
1980, 4, -0.067, , -0.071, -0.054, -0.088
1980, 5, -0.052, , -0.070, -0.053, -0.087
1980, 6, -0.124, , -0.070, -0.053, -0.087
1980, 7, -0.126, , -0.069, -0.053, -0.086
1980, 8, -0.094, , -0.069, -0.052, -0.086
1980, 9, -0.145, , -0.069, -0.052, -0.085
1980, 10, -0.152, , -0.068, -0.051, -0.085
1980, 11, -0.127, , -0.068, -0.051, -0.084
1980, 12, -0.118, , -0.067, -0.051, -0.084
1981, 1, -0.152, , -0.067, -0.050, -0.083
1981, 2, -0.142, , -0.066, -0.050, -0.083
1981, 3, -0.062, , -0.066, -0.049, -0.082
1981, 4, -0.207, , -0.065, -0.049, -0.082
1981, 5, -0.021, , -0.065, -0.049, -0.081
1981, 6, -0.066, , -0.065, -0.048, -0.081
1981, 7, -0.050, , -0.064, -0.048, -0.080
1981, 8, -0.027, , -0.064, -0.048, -0.080
1981, 9, -0.059, , -0.063, -0.047, -0.079
1981, 10, -0.106, , -0.063, -0.047, -0.079
1981, 11, -0.008, , -0.062, -0.046, -0.078
1981, 12, -0.060, , -0.062, -0.046, -0.078
1982, 1, -0.127, , -0.061, -0.046, -0.077
1982, 2, -0.022, , -0.061, -0.045, -0.077
1982, 3, -0.086, , -0.061, -0.045, -0.076
1982, 4, -0.207, , -0.060, -0.044, -0.076
1982, 5, -0.073, , -0.060, -0.044, -0.075
1982, 6, 0.038, , -0.059, -0.044, -0.075
1982, 7, -0.071, , -0.059, -0.043, -0.074
1982, 8, -0.091, , -0.058, -0.043, -0.074
1982, 9, -0.071, , -0.058, -0.042, -0.073
1982, 10, 0.055, , -0.057, -0.042, -0.073
1982, 11, -0.096, , -0.057, -0.042, -0.072
1982, 12, 0.004, , -0.056, -0.041, -0.072
1983, 1, 0.062, , -0.056, -0.041, -0.071
1983, 2, 0.164, , -0.056, -0.041, -0.071
1983, 3, 0.148, , -0.055, -0.040, -0.070
1983, 4, 0.018, , -0.055, -0.040, -0.070
1983, 5, -0.076, , -0.054, -0.039, -0.069
1983, 6, -0.029, , -0.054, -0.039, -0.069
1983, 7, 0.002, , -0.053, -0.039, -0.068
1983, 8, -0.014, , -0.053, -0.038, -0.068
1983, 9, -0.014, , -0.052, -0.038, -0.067
1983, 10, 0.058, , -0.052, -0.037, -0.067
1983, 11, 0.001, , -0.052, -0.037, -0.066
1983, 12, -0.011, , -0.051, -0.037, -0.066
1984, 1, 0.071, , -0.051, -0.036, -0.065
1984, 2, 0.002, , -0.050, -0.036, -0.065
1984, 3, 0.038, , -0.050, -0.035, -0.064
1984, 4, 0.122, , -0.049, -0.035, -0.064
1984, 5, -0.082, , -0.049, -0.035, -0.063
1984, 6, -0.057, , -0.048, -0.034, -0.063
1984, 7, -0.086, , -0.048, -0.034, -0.062
1984, 8, 0.007, , -0.048, -0.033, -0.062
1984, 9, -0.032, , -0.047, -0.033, -0.061
1984, 10, 0.031, , -0.047, -0.033, -0.061
1984, 11, 0.001, , -0.046, -0.032, -0.060
1984, 12, -0.072, , -0.046, -0.032, -0.060
1985, 1, -0.051, , -0.045, -0.031, -0.059
1985, 2, -0.072, , -0.045, -0.031, -0.059
1985, 3, -0.098, , -0.044, -0.031, -0.058
1985, 4, -0.086, , -0.044, -0.030, -0.058
1985, 5, -0.027, , -0.043, -0.030, -0.057
1985, 6, -0.069, , -0.043, -0.029, -0.057
1985, 7, -0.044, , -0.043, -0.029, -0.056
1985, 8, -0.042, , -0.042, -0.029, -0.056
1985, 9, -0.065, , -0.042, -0.028, -0.055
1985, 10, -0.036, , -0.041, -0.028, -0.055
1985, 11, 0.117, , -0.041, -0.027, -0.054
1985, 12, -0.045, , -0.040, -0.027, -0.054
1986, 1, -0.140, , -0.040, -0.027, -0.053
1986, 2, 0.050, , -0.039, -0.026, -0.053
1986, 3, -0.150, , -0.039, -0.026, -0.052
1986, 4, 0.094, , -0.039, -0.025, -0.052
1986, 5, -0.003, , -0.038, -0.025, -0.051
1986, 6, -0.084, , -0.038, -0.025, -0.051
1986, 7, -0.013, , -0.037, -0.024, -0.050
1986, 8, -0.020, , -0.037, -0.024, -0.050
1986, 9, -0.111, , -0.036, -0.024, -0.049
1986, 10, -0.036, , -0.036, -0.023, -0.049
1986, 11, -0.026, , -0.035, -0.023, -0.048
1986, 12, 0.026, , -0.035, -0.022, -0.048
1987, 1, 0.065, , -0.035, -0.022, -0.047
1987, 2, 0.010, , -0.034, -0.022, -0.047
1987, 3, 0.124, , -0.034, -0.021, -0.046
1987, 4, 0.106, , -0.033, -0.021, -0.046
1987, 5, -0.030, , -0.033, -0.020, -0.045
1987, 6, -0.054, , -0.032, -0.020, -0.045
1987, 7, -0.013, , -0.032, -0.019, -0.044
1987, 8, -0.005, , -0.031, -0.019, -0.044
1987, 9, -0.056, , -0.031, -0.019, -0.043
1987, 10, -0.079, , -0.031, -0.018, -0.043
1987, 11, -0.057, , -0.030, -0.018, -0.042
1987, 12, 0.023, , -0.030, -0.017, -0.042
1988, 1, -0.063, , -0.029, -0.017, -0.041
1988, 2, -0.048, , -0.029, -0.017, -0.041
1988, 3, -0.120, , -0.028, -0.016, -0.040
1988, 4, 0.100, , -0.028, -0.016, -0.040
1988, 5, -0.003, , -0.027, -0.015, -0.039
1988, 6, -0.023, , -0.027, -0.015, -0.039
1988, 7, -0.111, , -0.026, -0.015, -0.038
1988, 8, -0.115, , -0.026, -0.014, -0.038
1988, 9, -0.117, , -0.026, -0.014, -0.037
1988, 10, -0.106, , -0.025, -0.013, -0.037
1988, 11, -0.127, , -0.025, -0.013, -0.036
1988, 12, -0.115, , -0.024, -0.013, -0.036
1989, 1, -0.033, , -0.024, -0.012, -0.035
1989, 2, -0.030, , -0.023, -0.012, -0.035
1989, 3, 0.014, , -0.023, -0.011, -0.034
1989, 4, -0.101, , -0.022, -0.011, -0.034
1989, 5, -0.076, , -0.022, -0.011, -0.033
1989, 6, -0.057, , -0.022, -0.010, -0.033
1989, 7, -0.016, , -0.021, -0.010, -0.032
1989, 8, 0.019, , -0.021, -0.009, -0.032
1989, 9, -0.020, , -0.020, -0.009, -0.031
1989, 10, -0.079, , -0.020, -0.009, -0.031
1989, 11, -0.127, , -0.019, -0.008, -0.030
1989, 12, -0.084, , -0.019, -0.008, -0.030
1990, 1, -0.127, , -0.018, -0.007, -0.030
1990, 2, -0.112, , -0.018, -0.007, -0.029
1990, 3, -0.114, , -0.018, -0.007, -0.029
1990, 4, -0.125, , -0.017, -0.006, -0.028
1990, 5, -0.030, , -0.017, -0.006, -0.028
1990, 6, -0.081, , -0.016, -0.005, -0.027
1990, 7, -0.028, , -0.016, -0.005, -0.027
1990, 8, 0.013, , -0.015, -0.004, -0.026
1990, 9, -0.056, , -0.015, -0.004, -0.026
1990, 10, -0.094, , -0.014, -0.004, -0.025
1990, 11, -0.090, , -0.014, -0.003, -0.025
1990, 12, -0.081, , -0.013, -0.003, -0.024
1991, 1, 0.052, , -0.013, -0.002, -0.024
1991, 2, -0.078, , -0.013, -0.002, -0.023
1991, 3, 0.062, , -0.012, -0.002, -0.023
1991, 4, -0.028, , -0.012, -0.001, -0.022
1991, 5, -0.055, , -0.011, -0.001, -0.022
1991, 6, 0.023, , -0.011, -0.000, -0.021
1991, 7, 0.030, , -0.010, 0.000, -0.021
1991, 8, -0.066, , -0.010, 0.001, -0.020
1991, 9, -0.087, , -0.009, 0.001, -0.020
1991, 10, -0.006, , -0.009, 0.001, -0.019
1991, 11, 0.023, , -0.009, 0.002, -0.019
1991, 12, -0.066, , -0.008, 0.002, -0.018
1992, 1, 0.031, , -0.008, 0.003, -0.018
1992, 2, 0.048, , -0.007, 0.003, -0.017
1992, 3, -0.038, , -0.007, 0.003, -0.017
1992, 4, -0.006, , -0.006, 0.004, -0.017
1992, 5, 0.064, , -0.006, 0.004, -0.016
1992, 6, 0.010, , -0.005, 0.005, -0.016
1992, 7, 0.005, , -0.005, 0.005, -0.015
1992, 8, -0.030, , -0.005, 0.006, -0.015
1992, 9, -0.026, , -0.004, 0.006, -0.014
1992, 10, -0.042, , -0.004, 0.006, -0.014
1992, 11, 0.007, , -0.003, 0.007, -0.013
1992, 12, 0.044, , -0.003, 0.007, -0.013
1993, 1, 0.084, , -0.002, 0.008, -0.012
1993, 2, 0.102, , -0.002, 0.008, -0.012
1993, 3, 0.016, , -0.001, 0.009, -0.011
1993, 4, 0.116, , -0.001, 0.009, -0.011
1993, 5, 0.020, , -0.000, 0.009, -0.010
1993, 6, -0.012, , -0.000, 0.010, -0.010
1993, 7, 0.036, , 0.000, 0.010, -0.009
1993, 8, 0.011, , 0.001, 0.011, -0.009
1993, 9, -0.048, , 0.001, 0.011, -0.009
1993, 10, -0.014, , 0.002, 0.012, -0.008
1993, 11, -0.044, , 0.002, 0.012, -0.008
1993, 12, 0.104, , 0.003, 0.012, -0.007
1994, 1, -0.080, , 0.003, 0.013, -0.007
1994, 2, 0.004, , 0.004, 0.013, -0.006
1994, 3, 0.012, , 0.004, 0.014, -0.006
1994, 4, -0.125, , 0.004, 0.014, -0.005
1994, 5, 0.014, , 0.005, 0.015, -0.005
1994, 6, -0.080, , 0.005, 0.015, -0.004
1994, 7, -0.073, , 0.006, 0.015, -0.004
1994, 8, -0.085, , 0.006, 0.016, -0.003
1994, 9, -0.036, , 0.007, 0.016, -0.003
1994, 10, 0.013, , 0.007, 0.017, -0.003
1994, 11, -0.053, , 0.008, 0.017, -0.002
1994, 12, 0.115, , 0.008, 0.018, -0.002
1995, 1, -0.001, , 0.008, 0.018, -0.001
1995, 2, -0.122, , 0.009, 0.018, -0.001
1995, 3, 0.022, , 0.009, 0.019, -0.000
1995, 4, -0.054, , 0.010, 0.019, 0.000
1995, 5, 0.032, , 0.010, 0.020, 0.001
1995, 6, 0.005, , 0.011, 0.020, 0.001
1995, 7, -0.012, , 0.011, 0.021, 0.002
1995, 8, 0.122, , 0.012, 0.021, 0.002
1995, 9, 0.041, , 0.012, 0.022, 0.003
1995, 10, -0.049, , 0.012, 0.022, 0.003
1995, 11, -0.023, , 0.013, 0.022, 0.003
1995, 12, -0.001, , 0.013, 0.023, 0.004
1996, 1, 0.125, , 0.014, 0.023, 0.004
1996, 2, 0.006, , 0.014, 0.024, 0.005
1996, 3, -0.026, , 0.015, 0.024, 0.005
1996, 4, 0.002, , 0.015, 0.025, 0.006
1996, 5, -0.008, , 0.016, 0.025, 0.006
1996, 6, 0.014, , 0.016, 0.026, 0.007
1996, 7, 0.010, , 0.017, 0.026, 0.007
1996, 8, 0.037, , 0.017, 0.026, 0.007
1996, 9, 0.119, , 0.017, 0.027, 0.008
1996, 10, 0.085, , 0.018, 0.027, 0.008
1996, 11, 0.067, , 0.018, 0.028, 0.009
1996, 12, 0.147, , 0.019, 0.028, 0.009
1997, 1, 0.033, , 0.019, 0.029, 0.010
1997, 2, 0.030, , 0.020, 0.029, 0.010
1997, 3, 0.020, , 0.020, 0.030, 0.011
1997, 4, 0.118, , 0.021, 0.030, 0.011
1997, 5, -0.047, , 0.021, 0.031, 0.011
1997, 6, 0.119, , 0.021, 0.031, 0.012
1997, 7, 0.024, , 0.022, 0.031, 0.012
1997, 8, 0.013, , 0.022, 0.032, 0.013
1997, 9, -0.016, , 0.023, 0.032, 0.013
1997, 10, 0.040, , 0.023, 0.033, 0.014
1997, 11, 0.088, , 0.024, 0.033, 0.014
1997, 12, 0.064, , 0.024, 0.034, 0.015
1998, 1, 0.185, , 0.025, 0.034, 0.015
1998, 2, 0.344, , 0.025, 0.035, 0.015
1998, 3, 0.040, , 0.025, 0.035, 0.016
1998, 4, 0.098, , 0.026, 0.036, 0.016
1998, 5, 0.158, , 0.026, 0.036, 0.017
1998, 6, 0.055, , 0.027, 0.036, 0.017
1998, 7, 0.066, , 0.027, 0.037, 0.018
1998, 8, 0.079, , 0.028, 0.037, 0.018
1998, 9, 0.021, , 0.028, 0.038, 0.019
1998, 10, -0.026, , 0.029, 0.038, 0.019
1998, 11, -0.025, , 0.029, 0.039, 0.019
1998, 12, 0.044, , 0.030, 0.039, 0.020
1999, 1, -0.005, , 0.030, 0.040, 0.020
1999, 2, 0.146, , 0.030, 0.040, 0.021
1999, 3, 0.012, , 0.031, 0.041, 0.021
1999, 4, 0.074, , 0.031, 0.041, 0.022
1999, 5, 0.114, , 0.032, 0.042, 0.022
1999, 6, 0.038, , 0.032, 0.042, 0.022
1999, 7, 0.037, , 0.033, 0.042, 0.023
1999, 8, 0.084, , 0.033, 0.043, 0.023
1999, 9, 0.078, , 0.034, 0.043, 0.024
1999, 10, , , 0.034, 0.044, 0.024
1999, 11, -0.066, , 0.034, 0.044, 0.025
1999, 12, -0.038, , 0.035, 0.045, 0.025
2000, 1, , , 0.035, 0.045, 0.025
2000, 2, , , 0.036, 0.046, 0.026
2000, 3, , , 0.036, 0.046, 0.026
2000, 4, , , 0.037, 0.047, 0.027
2000, 5, , , 0.037, 0.047, 0.027
2000, 6, -0.110, , 0.038, 0.048, 0.028
2000, 7, 0.041, , 0.038, 0.048, 0.028
2000, 8, 0.028, , 0.038, 0.049, 0.028
2000, 9, 0.017, , 0.039, 0.049, 0.029
2000, 10, -0.012, , 0.039, 0.049, 0.029
2000, 11, 0.034, , 0.040, 0.050, 0.030
2000, 12, , , 0.040, 0.050, 0.030
2001, 1, 0.027, , 0.041, 0.051, 0.030
2001, 2, -0.054, , 0.041, 0.051, 0.031
2001, 3, 0.068, , 0.042, 0.052, 0.031
2001, 4, 0.007, , 0.042, 0.052, 0.032
2001, 5, 0.043, , 0.043, 0.053, 0.032
2001, 6, -0.008, , 0.043, 0.053, 0.033
2001, 7, 0.030, , 0.043, 0.054, 0.033
2001, 8, -0.043, , 0.044, 0.054, 0.033
2001, 9, , , 0.044, 0.055, 0.034
2001, 10, -0.079, , 0.045, 0.055, 0.034
2001, 11, -0.041, , 0.045, 0.056, 0.035
2001, 12, , , 0.046, 0.056, 0.035
2002, 1, , , 0.046, 0.057, 0.036
2002, 2, , , 0.047, 0.057, 0.036
2002, 3, , , 0.047, 0.058, 0.036
2002, 4, -0.053, , 0.047, 0.058, 0.037
2002, 5, -0.080, , 0.048, 0.059, 0.037
2002, 6, -0.009, , 0.048, 0.059, 0.038
2002, 7, 0.005, , 0.049, 0.060, 0.038
2002, 8, -0.006, , 0.049, 0.060, 0.038
2002, 9, 0.036, , 0.050, 0.060, 0.039
2002, 10, 0.107, , 0.050, 0.061, 0.039
2002, 11, -0.065, , 0.051, 0.061, 0.040
2002, 12, -0.019, , 0.051, 0.062, 0.040
2003, 1, -0.022, , 0.051, 0.062, 0.040
2003, 2, -0.050, , 0.052, 0.063, 0.041
2003, 3, 0.026, , 0.052, 0.063, 0.041
2003, 4, 0.107, , 0.053, 0.064, 0.042
2003, 5, 0.055, , 0.053, 0.064, 0.042
2003, 6, 0.048, , 0.054, 0.065, 0.043
2003, 7, -0.012, , 0.054, 0.065, 0.043
2003, 8, -0.059, , 0.055, 0.066, 0.043
2003, 9, 0.152, , 0.055, 0.066, 0.044
2003, 10, 0.003, , 0.055, 0.067, 0.044
2003, 11, 0.004, , 0.056, 0.067, 0.045
2003, 12, 0.027, , 0.056, 0.068, 0.045
2004, 1, , , 0.057, 0.068, 0.045
2004, 2, , , 0.057, 0.069, 0.046
2004, 3, 0.018, , 0.058, 0.069, 0.046
2004, 4, -0.042, , 0.058, 0.070, 0.047
2004, 5, -0.062, , 0.059, 0.070, 0.047
2004, 6, 0.011, , 0.059, 0.071, 0.047
2004, 7, 0.050, , 0.060, 0.071, 0.048
2004, 8, 0.008, , 0.060, 0.072, 0.048
2004, 9, 0.075, , 0.060, 0.072, 0.049
2004, 10, 0.128, , 0.061, 0.073, 0.049
2004, 11, 0.046, , 0.061, 0.073, 0.049
2004, 12, , , 0.062, 0.074, 0.050
2005, 1, , , 0.062, 0.074, 0.050
2005, 2, 0.162, , 0.063, 0.075, 0.051
2005, 3, 0.060, , 0.063, 0.075, 0.051
2005, 4, 0.126, , 0.064, 0.076, 0.051
2005, 5, 0.144, , 0.064, 0.076, 0.052
2005, 6, 0.066, , 0.064, 0.077, 0.052
2005, 7, 0.100, , 0.065, 0.077, 0.053
2005, 8, , , 0.065, 0.078, 0.053
2005, 9, , , 0.066, 0.078, 0.053
2005, 10, , , 0.066, 0.079, 0.054
2005, 11, , , 0.067, 0.079, 0.054
2005, 12, 0.080, , 0.067, 0.080, 0.055
2006, 1, 0.136, U, 0.068, 0.080, 0.055
2006, 2, 0.090, U, 0.068, 0.081, 0.056
2006, 3, 0.098, U, 0.068, 0.081, 0.056
2006, 4, 0.145, U, 0.069, 0.082, 0.056
2006, 5, 0.220, U, 0.069, 0.082, 0.057
2006, 6, 0.118, U, 0.070, 0.083, 0.057
2006, 7, 0.088, U, 0.070, 0.083, 0.058
2006, 8, 0.138, U, 0.071, 0.084, 0.058
2006, 9, 0.219, U, 0.071, 0.084, 0.058
2006, 10, 0.152, U, 0.072, 0.085, 0.059
2006, 11, 0.263, U, 0.072, 0.085, 0.059
2006, 12, 0.061, U, 0.073, 0.086, 0.060
2007, 1, 0.081, U, 0.073, 0.086, 0.060
2007, 2, , , 0.073, 0.087, 0.060
2007, 3, , , 0.074, 0.087, 0.061
2007, 4, -0.084, U, 0.074, 0.088, 0.061
2007, 5, , , 0.075, 0.088, 0.061
2007, 6, 0.168, U, 0.075, 0.089, 0.062
2007, 7, 0.132, U, 0.076, 0.089, 0.062
2007, 8, 0.158, U, 0.076, 0.090, 0.063
2007, 9, 0.088, U, 0.077, 0.090, 0.063
2007, 10, 0.137, U, 0.077, 0.090, 0.063
2007, 11, , , 0.077, 0.091, 0.064
2007, 12, , , 0.078, 0.091, 0.064
2008, 1, 0.094, U, 0.078, 0.092, 0.065
2008, 2, 0.040, U, 0.079, 0.092, 0.065
2008, 3, 0.060, U, 0.079, 0.093, 0.065
2008, 4, 0.178, U, 0.080, 0.093, 0.066
2008, 5, 0.152, , 0.080, 0.094, 0.066
2008, 6, 0.039, , 0.081, 0.094, 0.067
2008, 7, 0.014, , 0.081, 0.095, 0.067
2008, 8, 0.047, , 0.081, 0.096, 0.067
2008, 9, 0.109, , 0.082, 0.096, 0.068
2008, 10, 0.060, , 0.082, 0.097, 0.068
2008, 11, 0.070, , 0.083, 0.097, 0.069
2008, 12, -0.061, , 0.083, 0.098, 0.069
2009, 1, 0.011, , 0.084, 0.098, 0.069
2009, 2, -0.006, , 0.084, 0.099, 0.070
2009, 3, 0.092, , 0.085, 0.099, 0.070
2009, 4, 0.063, , 0.085, 0.100, 0.071
2009, 5, 0.028, , 0.085, 0.100, 0.071
2009, 6, 0.209, , 0.086, 0.101, 0.071
2009, 7, 0.142, , 0.086, 0.101, 0.072
2009, 8, 0.049, , 0.087, 0.102, 0.072
2009, 9, 0.165, , 0.087, 0.102, 0.073
2009, 10, , , 0.088, 0.103, 0.073
2009, 11, 0.298, , 0.088, 0.103, 0.073
2009, 12, 0.156, , 0.089, 0.104, 0.074
2010, 1, 0.148, , 0.089, 0.104, 0.074
2010, 2, 0.134, , 0.090, 0.105, 0.075
2010, 3, 0.260, , 0.090, 0.105, 0.075
2010, 4, 0.113, , 0.090, 0.106, 0.075
2010, 5, , , 0.091, 0.106, 0.076
2010, 6, , , 0.091, 0.107, 0.076
2010, 7, , , 0.092, 0.107, 0.076
2010, 8, , , 0.092, 0.108, 0.077
2010, 9, 0.082, , 0.093, 0.108, 0.077
2010, 10, 0.054, , 0.093, 0.109, 0.078
2010, 11, 0.166, , 0.094, 0.109, 0.078
2010, 12, 0.123, , 0.094, 0.110, 0.078
2011, 1, 0.108, , 0.094, 0.110, 0.079
2011, 2, 0.034, , 0.095, 0.111, 0.079
2011, 3, 0.108, , 0.095, 0.111, 0.080
2011, 4, 0.063, , 0.096, 0.112, 0.080
2011, 5, 0.164, , 0.096, 0.112, 0.080
2011, 6, 0.156, , 0.097, 0.113, 0.081
2011, 7, 0.126, , 0.097, 0.113, 0.081
2011, 8, , , 0.098, 0.114, 0.082
2011, 9, 0.145, , 0.098, 0.114, 0.082
2011, 10, 0.110, , 0.098, 0.115, 0.082
2011, 11, 0.071, , 0.099, 0.115, 0.083
2011, 12, 0.074, , 0.099, 0.116, 0.083
2012, 1, 0.039, , 0.100, 0.116, 0.083
2012, 2, 0.056, , 0.100, 0.117, 0.084
2012, 3, 0.086, , 0.101, 0.117, 0.084
2012, 4, 0.129, , 0.101, 0.118, 0.085
2012, 5, 0.109, , 0.102, 0.118, 0.085
2012, 6, 0.206, , 0.102, 0.119, 0.085
2012, 7, 0.146, , 0.103, 0.119, 0.086
2012, 8, 0.094, , 0.103, 0.120, 0.086
2012, 9, 0.014, , 0.103, 0.120, 0.087
2012, 10, 0.124, , 0.104, 0.121, 0.087
2012, 11, 0.211, , 0.104, 0.121, 0.087
2012, 12, 0.177, , 0.105, 0.122, 0.088
2013, 1, 0.061, , 0.105, 0.122, 0.088
2013, 2, 0.080, , 0.106, 0.123, 0.089
2013, 3, 0.208, , 0.106, 0.123, 0.089
2013, 4, 0.101, , 0.107, 0.124, 0.089
2013, 5, 0.056, , 0.107, 0.124, 0.090
2013, 6, 0.059, , 0.107, 0.125, 0.090
2013, 7, 0.074, , 0.108, 0.125, 0.090
2013, 8, 0.109, , 0.108, 0.126, 0.091
2013, 9, 0.084, , 0.109, 0.126, 0.091
2013, 10, 0.184, , 0.109, 0.127, 0.092
2013, 11, 0.033, , 0.110, 0.127, 0.092
2013, 12, 0.057, , 0.110, 0.128, 0.092
2014, 1, 0.055, , 0.111, 0.128, 0.093
2014, 2, 0.056, , 0.111, 0.129, 0.093
2014, 3, 0.112, , 0.111, 0.129, 0.094
2014, 4, 0.133, , 0.112, 0.130, 0.094
2014, 5, 0.123, , 0.112, 0.130, 0.094
2014, 6, 0.147, , 0.113, 0.131, 0.095
2014, 7, 0.084, , 0.113, 0.131, 0.095
2014, 8, 0.167, , 0.114, 0.132, 0.096
2014, 9, 0.153, , 0.114, 0.132, 0.096
2014, 10, 0.133, , 0.115, 0.133, 0.096
2014, 11, 0.060, , 0.115, 0.133, 0.097
2014, 12, 0.177, , 0.116, 0.134, 0.097
2015, 1, 0.051, , 0.116, 0.134, 0.097
2015, 2, 0.044, , 0.116, 0.135, 0.098
2015, 3, -0.030, , 0.117, 0.135, 0.098
2015, 4, 0.030, , 0.117, 0.136, 0.099
2015, 5, -0.011, , 0.118, 0.137, 0.099
2015, 6, 0.100, , 0.118, 0.137, 0.099
2015, 7, 0.151, , 0.119, 0.138, 0.100
2015, 8, 0.115, , 0.119, 0.138, 0.100
2015, 9, 0.163, , 0.120, 0.139, 0.101
2015, 10, 0.214, , 0.120, 0.139, 0.101
2015, 11, 0.099, , 0.120, 0.140, 0.101
2015, 12, 0.140, , 0.121, 0.140, 0.102
2016, 1, 0.195, , 0.121, 0.141, 0.102
2016, 2, 0.102, , 0.122, 0.141, 0.102
2016, 3, 0.118, , 0.122, 0.142, 0.103
2016, 4, 0.104, , 0.123, 0.142, 0.103
2016, 5, 0.127, , 0.123, 0.143, 0.104
2016, 6, 0.112, , 0.124, 0.143, 0.104
2016, 7, , , 0.124, 0.144, 0.104
2016, 8, 0.064, , 0.124, 0.144, 0.105
2016, 9, 0.212, , 0.125, 0.145, 0.105
2016, 10, 0.180, , 0.125, 0.145, 0.106
2016, 11, 0.086, , 0.126, 0.146, 0.106
2016, 12, 0.072, , 0.126, 0.146, 0.106
2017, 1, , , 0.127, 0.147, 0.107
2017, 2, , , 0.127, 0.147, 0.107
2017, 3, , , 0.128, 0.148, 0.107
2017, 4, , , 0.128, 0.148, 0.108
2017, 5, , , 0.128, 0.149, 0.108
2017, 6, , , 0.129, 0.149, 0.109
2017, 7, , , 0.129, 0.150, 0.109
2017, 8, , , 0.130, 0.150, 0.109
2017, 9, , , 0.130, 0.151, 0.110
2017, 10, , , 0.131, 0.151, 0.110
2017, 11, , , 0.131, 0.152, 0.111
2017, 12, , , 0.132, 0.152, 0.111
2018, 1, , , 0.132, 0.153, 0.111
2018, 2, , , 0.133, 0.153, 0.112
2018, 3, , , 0.133, 0.154, 0.112
2018, 4, , , 0.133, 0.154, 0.112
2018, 5, , , 0.134, 0.155, 0.113
2018, 6, , , 0.134, 0.155, 0.113
2018, 7, , , 0.135, 0.156, 0.114
2018, 8, , , 0.135, 0.156, 0.114
2018, 9, , , 0.136, 0.157, 0.114
2018, 10, , , 0.136, 0.157, 0.115
2018, 11, , , 0.137, 0.158, 0.115
2018, 12, , , 0.137, 0.159, 0.116
2019, 1, , , 0.137, 0.159, 0.116
2019, 2, , , 0.138, 0.160, 0.116
2019, 3, , , 0.138, 0.160, 0.117
2019, 4, , , 0.139, 0.161, 0.117
2019, 5, , , 0.139, 0.161, 0.117
2019, 6, , , 0.140, 0.162, 0.118
2019, 7, , , 0.140, 0.162, 0.118
2019, 8, , , 0.141, 0.163, 0.119
2019, 9, , , 0.141, 0.163, 0.119
2019, 10, , , 0.141, 0.164, 0.119
2019, 11, , , 0.142, 0.164, 0.120
2019, 12, , , 0.142, 0.165, 0.120
2020, 1, , , 0.143, 0.165, 0.120
2020, 2, , , 0.143, 0.166, 0.121
2020, 3, , , 0.144, 0.166, 0.121
2020, 4, , , 0.144, 0.167, 0.122
2020, 5, , , 0.145, 0.167, 0.122
2020, 6, , , 0.145, 0.168, 0.122
2020, 7, , , 0.146, 0.168, 0.123
2020, 8, , , 0.146, 0.169, 0.123
2020, 9, , , 0.146, 0.169, 0.124
2020, 10, , , 0.147, 0.170, 0.124
2020, 11, , , 0.147, 0.170, 0.124
2020, 12, , , 0.148, 0.171, 0.125
