Year, Month, Monthly_MSL, Unverified, Linear_Trend, High_Conf., Low_Conf.
1900, 1, , , -0.458, -0.369, -0.547
1900, 2, , , -0.458, -0.369, -0.546
1900, 3, , , -0.457, -0.369, -0.546
1900, 4, , , -0.457, -0.368, -0.545
1900, 5, , , -0.456, -0.368, -0.545
1900, 6, , , -0.456, -0.368, -0.544
1900, 7, , , -0.456, -0.367, -0.544
1900, 8, , , -0.455, -0.367, -0.543
1900, 9, , , -0.455, -0.367, -0.543
1900, 10, , , -0.454, -0.366, -0.542
1900, 11, , , -0.454, -0.366, -0.542
1900, 12, , , -0.454, -0.366, -0.542
1901, 1, , , -0.453, -0.365, -0.541
1901, 2, , , -0.453, -0.365, -0.541
1901, 3, , , -0.452, -0.365, -0.540
1901, 4, , , -0.452, -0.364, -0.540
1901, 5, , , -0.452, -0.364, -0.539
1901, 6, , , -0.451, -0.364, -0.539
1901, 7, , , -0.451, -0.363, -0.538
1901, 8, , , -0.450, -0.363, -0.538
1901, 9, , , -0.450, -0.363, -0.537
1901, 10, , , -0.450, -0.362, -0.537
1901, 11, , , -0.449, -0.362, -0.536
1901, 12, , , -0.449, -0.362, -0.536
1902, 1, , , -0.448, -0.361, -0.535
1902, 2, , , -0.448, -0.361, -0.535
1902, 3, , , -0.447, -0.361, -0.534
1902, 4, , , -0.447, -0.360, -0.534
1902, 5, , , -0.447, -0.360, -0.533
1902, 6, , , -0.446, -0.360, -0.533
1902, 7, , , -0.446, -0.359, -0.532
1902, 8, , , -0.445, -0.359, -0.532
1902, 9, , , -0.445, -0.359, -0.531
1902, 10, , , -0.445, -0.358, -0.531
1902, 11, , , -0.444, -0.358, -0.530
1902, 12, , , -0.444, -0.358, -0.530
1903, 1, , , -0.443, -0.358, -0.529
1903, 2, , , -0.443, -0.357, -0.529
1903, 3, , , -0.443, -0.357, -0.528
1903, 4, , , -0.442, -0.357, -0.528
1903, 5, , , -0.442, -0.356, -0.527
1903, 6, , , -0.441, -0.356, -0.527
1903, 7, , , -0.441, -0.356, -0.526
1903, 8, , , -0.441, -0.355, -0.526
1903, 9, , , -0.440, -0.355, -0.525
1903, 10, , , -0.440, -0.355, -0.525
1903, 11, , , -0.439, -0.354, -0.524
1903, 12, , , -0.439, -0.354, -0.524
1904, 1, , , -0.439, -0.354, -0.523
1904, 2, , , -0.438, -0.353, -0.523
1904, 3, , , -0.438, -0.353, -0.522
1904, 4, , , -0.437, -0.353, -0.522
1904, 5, , , -0.437, -0.352, -0.521
1904, 6, , , -0.436, -0.352, -0.521
1904, 7, , , -0.436, -0.352, -0.520
1904, 8, , , -0.436, -0.351, -0.520
1904, 9, , , -0.435, -0.351, -0.520
1904, 10, , , -0.435, -0.351, -0.519
1904, 11, , , -0.434, -0.350, -0.519
1904, 12, , , -0.434, -0.350, -0.518
1905, 1, , , -0.434, -0.350, -0.518
1905, 2, , , -0.433, -0.349, -0.517
1905, 3, , , -0.433, -0.349, -0.517
1905, 4, , , -0.432, -0.349, -0.516
1905, 5, , , -0.432, -0.348, -0.516
1905, 6, , , -0.432, -0.348, -0.515
1905, 7, , , -0.431, -0.348, -0.515
1905, 8, , , -0.431, -0.347, -0.514
1905, 9, , , -0.430, -0.347, -0.514
1905, 10, , , -0.430, -0.347, -0.513
1905, 11, , , -0.430, -0.346, -0.513
1905, 12, , , -0.429, -0.346, -0.512
1906, 1, , , -0.429, -0.346, -0.512
1906, 2, , , -0.428, -0.345, -0.511
1906, 3, , , -0.428, -0.345, -0.511
1906, 4, , , -0.428, -0.345, -0.510
1906, 5, , , -0.427, -0.344, -0.510
1906, 6, , , -0.427, -0.344, -0.509
1906, 7, , , -0.426, -0.344, -0.509
1906, 8, , , -0.426, -0.343, -0.508
1906, 9, , , -0.425, -0.343, -0.508
1906, 10, , , -0.425, -0.343, -0.507
1906, 11, , , -0.425, -0.343, -0.507
1906, 12, , , -0.424, -0.342, -0.506
1907, 1, , , -0.424, -0.342, -0.506
1907, 2, , , -0.423, -0.342, -0.505
1907, 3, , , -0.423, -0.341, -0.505
1907, 4, , , -0.423, -0.341, -0.504
1907, 5, , , -0.422, -0.341, -0.504
1907, 6, , , -0.422, -0.340, -0.503
1907, 7, , , -0.421, -0.340, -0.503
1907, 8, , , -0.421, -0.340, -0.502
1907, 9, , , -0.421, -0.339, -0.502
1907, 10, , , -0.420, -0.339, -0.501
1907, 11, , , -0.420, -0.339, -0.501
1907, 12, , , -0.419, -0.338, -0.500
1908, 1, , , -0.419, -0.338, -0.500
1908, 2, , , -0.419, -0.338, -0.499
1908, 3, , , -0.418, -0.337, -0.499
1908, 4, , , -0.418, -0.337, -0.499
1908, 5, , , -0.417, -0.337, -0.498
1908, 6, , , -0.417, -0.336, -0.498
1908, 7, , , -0.417, -0.336, -0.497
1908, 8, , , -0.416, -0.336, -0.497
1908, 9, , , -0.416, -0.335, -0.496
1908, 10, , , -0.415, -0.335, -0.496
1908, 11, , , -0.415, -0.335, -0.495
1908, 12, , , -0.414, -0.334, -0.495
1909, 1, , , -0.414, -0.334, -0.494
1909, 2, , , -0.414, -0.334, -0.494
1909, 3, , , -0.413, -0.333, -0.493
1909, 4, , , -0.413, -0.333, -0.493
1909, 5, , , -0.412, -0.333, -0.492
1909, 6, , , -0.412, -0.332, -0.492
1909, 7, , , -0.412, -0.332, -0.491
1909, 8, , , -0.411, -0.332, -0.491
1909, 9, , , -0.411, -0.331, -0.490
1909, 10, , , -0.410, -0.331, -0.490
1909, 11, , , -0.410, -0.331, -0.489
1909, 12, , , -0.410, -0.330, -0.489
1910, 1, , , -0.409, -0.330, -0.488
1910, 2, , , -0.409, -0.330, -0.488
1910, 3, , , -0.408, -0.329, -0.487
1910, 4, , , -0.408, -0.329, -0.487
1910, 5, , , -0.408, -0.329, -0.486
1910, 6, , , -0.407, -0.328, -0.486
1910, 7, , , -0.407, -0.328, -0.485
1910, 8, , , -0.406, -0.328, -0.485
1910, 9, , , -0.406, -0.328, -0.484
1910, 10, , , -0.406, -0.327, -0.484
1910, 11, , , -0.405, -0.327, -0.483
1910, 12, , , -0.405, -0.327, -0.483
1911, 1, , , -0.404, -0.326, -0.482
1911, 2, , , -0.404, -0.326, -0.482
1911, 3, , , -0.403, -0.326, -0.481
1911, 4, , , -0.403, -0.325, -0.481
1911, 5, , , -0.403, -0.325, -0.480
1911, 6, , , -0.402, -0.325, -0.480
1911, 7, , , -0.402, -0.324, -0.479
1911, 8, , , -0.401, -0.324, -0.479
1911, 9, , , -0.401, -0.324, -0.478
1911, 10, , , -0.401, -0.323, -0.478
1911, 11, , , -0.400, -0.323, -0.477
1911, 12, , , -0.400, -0.323, -0.477
1912, 1, , , -0.399, -0.322, -0.477
1912, 2, , , -0.399, -0.322, -0.476
1912, 3, , , -0.399, -0.322, -0.476
1912, 4, , , -0.398, -0.321, -0.475
1912, 5, , , -0.398, -0.321, -0.475
1912, 6, , , -0.397, -0.321, -0.474
1912, 7, , , -0.397, -0.320, -0.474
1912, 8, , , -0.397, -0.320, -0.473
1912, 9, , , -0.396, -0.320, -0.473
1912, 10, , , -0.396, -0.319, -0.472
1912, 11, , , -0.395, -0.319, -0.472
1912, 12, , , -0.395, -0.319, -0.471
1913, 1, , , -0.395, -0.318, -0.471
1913, 2, , , -0.394, -0.318, -0.470
1913, 3, , , -0.394, -0.318, -0.470
1913, 4, , , -0.393, -0.317, -0.469
1913, 5, , , -0.393, -0.317, -0.469
1913, 6, , , -0.392, -0.317, -0.468
1913, 7, , , -0.392, -0.316, -0.468
1913, 8, , , -0.392, -0.316, -0.467
1913, 9, , , -0.391, -0.316, -0.467
1913, 10, , , -0.391, -0.315, -0.466
1913, 11, , , -0.390, -0.315, -0.466
1913, 12, , , -0.390, -0.315, -0.465
1914, 1, , , -0.390, -0.314, -0.465
1914, 2, , , -0.389, -0.314, -0.464
1914, 3, , , -0.389, -0.314, -0.464
1914, 4, , , -0.388, -0.313, -0.463
1914, 5, , , -0.388, -0.313, -0.463
1914, 6, , , -0.388, -0.313, -0.462
1914, 7, , , -0.387, -0.312, -0.462
1914, 8, , , -0.387, -0.312, -0.461
1914, 9, , , -0.386, -0.312, -0.461
1914, 10, , , -0.386, -0.312, -0.460
1914, 11, , , -0.386, -0.311, -0.460
1914, 12, , , -0.385, -0.311, -0.459
1915, 1, , , -0.385, -0.311, -0.459
1915, 2, , , -0.384, -0.310, -0.458
1915, 3, , , -0.384, -0.310, -0.458
1915, 4, , , -0.384, -0.310, -0.457
1915, 5, , , -0.383, -0.309, -0.457
1915, 6, , , -0.383, -0.309, -0.456
1915, 7, , , -0.382, -0.309, -0.456
1915, 8, , , -0.382, -0.308, -0.456
1915, 9, , , -0.381, -0.308, -0.455
1915, 10, , , -0.381, -0.308, -0.455
1915, 11, , , -0.381, -0.307, -0.454
1915, 12, , , -0.380, -0.307, -0.454
1916, 1, , , -0.380, -0.307, -0.453
1916, 2, , , -0.379, -0.306, -0.453
1916, 3, , , -0.379, -0.306, -0.452
1916, 4, , , -0.379, -0.306, -0.452
1916, 5, , , -0.378, -0.305, -0.451
1916, 6, , , -0.378, -0.305, -0.451
1916, 7, , , -0.377, -0.305, -0.450
1916, 8, , , -0.377, -0.304, -0.450
1916, 9, , , -0.377, -0.304, -0.449
1916, 10, , , -0.376, -0.304, -0.449
1916, 11, , , -0.376, -0.303, -0.448
1916, 12, , , -0.375, -0.303, -0.448
1917, 1, , , -0.375, -0.303, -0.447
1917, 2, , , -0.375, -0.302, -0.447
1917, 3, , , -0.374, -0.302, -0.446
1917, 4, , , -0.374, -0.302, -0.446
1917, 5, , , -0.373, -0.301, -0.445
1917, 6, , , -0.373, -0.301, -0.445
1917, 7, , , -0.373, -0.301, -0.444
1917, 8, , , -0.372, -0.300, -0.444
1917, 9, , , -0.372, -0.300, -0.443
1917, 10, , , -0.371, -0.300, -0.443
1917, 11, , , -0.371, -0.299, -0.442
1917, 12, , , -0.370, -0.299, -0.442
1918, 1, , , -0.370, -0.299, -0.441
1918, 2, , , -0.370, -0.298, -0.441
1918, 3, , , -0.369, -0.298, -0.440
1918, 4, , , -0.369, -0.298, -0.440
1918, 5, , , -0.368, -0.297, -0.439
1918, 6, , , -0.368, -0.297, -0.439
1918, 7, , , -0.368, -0.297, -0.438
1918, 8, , , -0.367, -0.297, -0.438
1918, 9, , , -0.367, -0.296, -0.437
1918, 10, , , -0.366, -0.296, -0.437
1918, 11, , , -0.366, -0.296, -0.436
1918, 12, , , -0.366, -0.295, -0.436
1919, 1, , , -0.365, -0.295, -0.435
1919, 2, , , -0.365, -0.295, -0.435
1919, 3, , , -0.364, -0.294, -0.435
1919, 4, , , -0.364, -0.294, -0.434
1919, 5, , , -0.364, -0.294, -0.434
1919, 6, , , -0.363, -0.293, -0.433
1919, 7, , , -0.363, -0.293, -0.433
1919, 8, , , -0.362, -0.293, -0.432
1919, 9, , , -0.362, -0.292, -0.432
1919, 10, , , -0.362, -0.292, -0.431
1919, 11, , , -0.361, -0.292, -0.431
1919, 12, , , -0.361, -0.291, -0.430
1920, 1, , , -0.360, -0.291, -0.430
1920, 2, , , -0.360, -0.291, -0.429
1920, 3, , , -0.359, -0.290, -0.429
1920, 4, , , -0.359, -0.290, -0.428
1920, 5, , , -0.359, -0.290, -0.428
1920, 6, , , -0.358, -0.289, -0.427
1920, 7, , , -0.358, -0.289, -0.427
1920, 8, , , -0.357, -0.289, -0.426
1920, 9, , , -0.357, -0.288, -0.426
1920, 10, , , -0.357, -0.288, -0.425
1920, 11, , , -0.356, -0.288, -0.425
1920, 12, , , -0.356, -0.287, -0.424
1921, 1, , , -0.355, -0.287, -0.424
1921, 2, , , -0.355, -0.287, -0.423
1921, 3, , , -0.355, -0.286, -0.423
1921, 4, , , -0.354, -0.286, -0.422
1921, 5, , , -0.354, -0.286, -0.422
1921, 6, , , -0.353, -0.285, -0.421
1921, 7, , , -0.353, -0.285, -0.421
1921, 8, , , -0.353, -0.285, -0.420
1921, 9, , , -0.352, -0.284, -0.420
1921, 10, , , -0.352, -0.284, -0.419
1921, 11, , , -0.351, -0.284, -0.419
1921, 12, , , -0.351, -0.283, -0.418
1922, 1, , , -0.351, -0.283, -0.418
1922, 2, , , -0.350, -0.283, -0.417
1922, 3, , , -0.350, -0.282, -0.417
1922, 4, , , -0.349, -0.282, -0.416
1922, 5, , , -0.349, -0.282, -0.416
1922, 6, , , -0.348, -0.281, -0.415
1922, 7, , , -0.348, -0.281, -0.415
1922, 8, , , -0.348, -0.281, -0.414
1922, 9, , , -0.347, -0.281, -0.414
1922, 10, , , -0.347, -0.280, -0.414
1922, 11, , , -0.346, -0.280, -0.413
1922, 12, , , -0.346, -0.280, -0.413
1923, 1, , , -0.346, -0.279, -0.412
1923, 2, , , -0.345, -0.279, -0.412
1923, 3, , , -0.345, -0.279, -0.411
1923, 4, , , -0.344, -0.278, -0.411
1923, 5, , , -0.344, -0.278, -0.410
1923, 6, , , -0.344, -0.278, -0.410
1923, 7, , , -0.343, -0.277, -0.409
1923, 8, , , -0.343, -0.277, -0.409
1923, 9, , , -0.342, -0.277, -0.408
1923, 10, , , -0.342, -0.276, -0.408
1923, 11, , , -0.342, -0.276, -0.407
1923, 12, , , -0.341, -0.276, -0.407
1924, 1, , , -0.341, -0.275, -0.406
1924, 2, , , -0.340, -0.275, -0.406
1924, 3, , , -0.340, -0.275, -0.405
1924, 4, , , -0.340, -0.274, -0.405
1924, 5, , , -0.339, -0.274, -0.404
1924, 6, , , -0.339, -0.274, -0.404
1924, 7, , , -0.338, -0.273, -0.403
1924, 8, , , -0.338, -0.273, -0.403
1924, 9, , , -0.337, -0.273, -0.402
1924, 10, , , -0.337, -0.272, -0.402
1924, 11, , , -0.337, -0.272, -0.401
1924, 12, , , -0.336, -0.272, -0.401
1925, 1, , , -0.336, -0.271, -0.400
1925, 2, , , -0.335, -0.271, -0.400
1925, 3, , , -0.335, -0.271, -0.399
1925, 4, , , -0.335, -0.270, -0.399
1925, 5, , , -0.334, -0.270, -0.398
1925, 6, , , -0.334, -0.270, -0.398
1925, 7, , , -0.333, -0.269, -0.397
1925, 8, , , -0.333, -0.269, -0.397
1925, 9, , , -0.333, -0.269, -0.396
1925, 10, , , -0.332, -0.268, -0.396
1925, 11, , , -0.332, -0.268, -0.395
1925, 12, , , -0.331, -0.268, -0.395
1926, 1, , , -0.331, -0.267, -0.394
1926, 2, , , -0.331, -0.267, -0.394
1926, 3, , , -0.330, -0.267, -0.393
1926, 4, , , -0.330, -0.266, -0.393
1926, 5, , , -0.329, -0.266, -0.393
1926, 6, , , -0.329, -0.266, -0.392
1926, 7, , , -0.329, -0.266, -0.392
1926, 8, , , -0.328, -0.265, -0.391
1926, 9, , , -0.328, -0.265, -0.391
1926, 10, , , -0.327, -0.265, -0.390
1926, 11, , , -0.327, -0.264, -0.390
1926, 12, , , -0.326, -0.264, -0.389
1927, 1, , , -0.326, -0.264, -0.389
1927, 2, , , -0.326, -0.263, -0.388
1927, 3, , , -0.325, -0.263, -0.388
1927, 4, , , -0.325, -0.263, -0.387
1927, 5, , , -0.324, -0.262, -0.387
1927, 6, , , -0.324, -0.262, -0.386
1927, 7, , , -0.324, -0.262, -0.386
1927, 8, , , -0.323, -0.261, -0.385
1927, 9, , , -0.323, -0.261, -0.385
1927, 10, , , -0.322, -0.261, -0.384
1927, 11, , , -0.322, -0.260, -0.384
1927, 12, , , -0.322, -0.260, -0.383
1928, 1, , , -0.321, -0.260, -0.383
1928, 2, , , -0.321, -0.259, -0.382
1928, 3, , , -0.320, -0.259, -0.382
1928, 4, , , -0.320, -0.259, -0.381
1928, 5, , , -0.320, -0.258, -0.381
1928, 6, , , -0.319, -0.258, -0.380
1928, 7, , , -0.319, -0.258, -0.380
1928, 8, , , -0.318, -0.257, -0.379
1928, 9, , , -0.318, -0.257, -0.379
1928, 10, , , -0.318, -0.257, -0.378
1928, 11, , , -0.317, -0.256, -0.378
1928, 12, , , -0.317, -0.256, -0.377
1929, 1, , , -0.316, -0.256, -0.377
1929, 2, , , -0.316, -0.255, -0.376
1929, 3, , , -0.315, -0.255, -0.376
1929, 4, , , -0.315, -0.255, -0.375
1929, 5, , , -0.315, -0.254, -0.375
1929, 6, , , -0.314, -0.254, -0.374
1929, 7, , , -0.314, -0.254, -0.374
1929, 8, , , -0.313, -0.253, -0.373
1929, 9, , , -0.313, -0.253, -0.373
1929, 10, , , -0.313, -0.253, -0.373
1929, 11, , , -0.312, -0.252, -0.372
1929, 12, , , -0.312, -0.252, -0.372
1930, 1, , , -0.311, -0.252, -0.371
1930, 2, , , -0.311, -0.251, -0.371
1930, 3, , , -0.311, -0.251, -0.370
1930, 4, , , -0.310, -0.251, -0.370
1930, 5, , , -0.310, -0.250, -0.369
1930, 6, , , -0.309, -0.250, -0.369
1930, 7, , , -0.309, -0.250, -0.368
1930, 8, , , -0.309, -0.249, -0.368
1930, 9, , , -0.308, -0.249, -0.367
1930, 10, , , -0.308, -0.249, -0.367
1930, 11, , , -0.307, -0.249, -0.366
1930, 12, , , -0.307, -0.248, -0.366
1931, 1, , , -0.307, -0.248, -0.365
1931, 2, , , -0.306, -0.248, -0.365
1931, 3, , , -0.306, -0.247, -0.364
1931, 4, , , -0.305, -0.247, -0.364
1931, 5, , , -0.305, -0.247, -0.363
1931, 6, , , -0.304, -0.246, -0.363
1931, 7, , , -0.304, -0.246, -0.362
1931, 8, , , -0.304, -0.246, -0.362
1931, 9, , , -0.303, -0.245, -0.361
1931, 10, , , -0.303, -0.245, -0.361
1931, 11, , , -0.302, -0.245, -0.360
1931, 12, , , -0.302, -0.244, -0.360
1932, 1, , , -0.302, -0.244, -0.359
1932, 2, , , -0.301, -0.244, -0.359
1932, 3, , , -0.301, -0.243, -0.358
1932, 4, , , -0.300, -0.243, -0.358
1932, 5, , , -0.300, -0.243, -0.357
1932, 6, , , -0.300, -0.242, -0.357
1932, 7, , , -0.299, -0.242, -0.356
1932, 8, , , -0.299, -0.242, -0.356
1932, 9, , , -0.298, -0.241, -0.355
1932, 10, , , -0.298, -0.241, -0.355
1932, 11, , , -0.298, -0.241, -0.354
1932, 12, , , -0.297, -0.240, -0.354
1933, 1, , , -0.297, -0.240, -0.353
1933, 2, , , -0.296, -0.240, -0.353
1933, 3, , , -0.296, -0.239, -0.352
1933, 4, , , -0.296, -0.239, -0.352
1933, 5, , , -0.295, -0.239, -0.352
1933, 6, , , -0.295, -0.238, -0.351
1933, 7, , , -0.294, -0.238, -0.351
1933, 8, , , -0.294, -0.238, -0.350
1933, 9, , , -0.293, -0.237, -0.350
1933, 10, , , -0.293, -0.237, -0.349
1933, 11, , , -0.293, -0.237, -0.349
1933, 12, , , -0.292, -0.236, -0.348
1934, 1, , , -0.292, -0.236, -0.348
1934, 2, , , -0.291, -0.236, -0.347
1934, 3, , , -0.291, -0.235, -0.347
1934, 4, , , -0.291, -0.235, -0.346
1934, 5, , , -0.290, -0.235, -0.346
1934, 6, , , -0.290, -0.234, -0.345
1934, 7, , , -0.289, -0.234, -0.345
1934, 8, , , -0.289, -0.234, -0.344
1934, 9, , , -0.289, -0.233, -0.344
1934, 10, , , -0.288, -0.233, -0.343
1934, 11, , , -0.288, -0.233, -0.343
1934, 12, , , -0.287, -0.233, -0.342
1935, 1, , , -0.287, -0.232, -0.342
1935, 2, , , -0.287, -0.232, -0.341
1935, 3, , , -0.286, -0.232, -0.341
1935, 4, , , -0.286, -0.231, -0.340
1935, 5, , , -0.285, -0.231, -0.340
1935, 6, , , -0.285, -0.231, -0.339
1935, 7, , , -0.285, -0.230, -0.339
1935, 8, , , -0.284, -0.230, -0.338
1935, 9, , , -0.284, -0.230, -0.338
1935, 10, , , -0.283, -0.229, -0.337
1935, 11, , , -0.283, -0.229, -0.337
1935, 12, , , -0.282, -0.229, -0.336
1936, 1, , , -0.282, -0.228, -0.336
1936, 2, , , -0.282, -0.228, -0.335
1936, 3, , , -0.281, -0.228, -0.335
1936, 4, , , -0.281, -0.227, -0.334
1936, 5, , , -0.280, -0.227, -0.334
1936, 6, , , -0.280, -0.227, -0.333
1936, 7, , , -0.280, -0.226, -0.333
1936, 8, , , -0.279, -0.226, -0.332
1936, 9, , , -0.279, -0.226, -0.332
1936, 10, , , -0.278, -0.225, -0.332
1936, 11, , , -0.278, -0.225, -0.331
1936, 12, , , -0.278, -0.225, -0.331
1937, 1, , , -0.277, -0.224, -0.330
1937, 2, , , -0.277, -0.224, -0.330
1937, 3, , , -0.276, -0.224, -0.329
1937, 4, , , -0.276, -0.223, -0.329
1937, 5, , , -0.276, -0.223, -0.328
1937, 6, , , -0.275, -0.223, -0.328
1937, 7, , , -0.275, -0.222, -0.327
1937, 8, , , -0.274, -0.222, -0.327
1937, 9, , , -0.274, -0.222, -0.326
1937, 10, , , -0.274, -0.221, -0.326
1937, 11, , , -0.273, -0.221, -0.325
1937, 12, , , -0.273, -0.221, -0.325
1938, 1, , , -0.272, -0.220, -0.324
1938, 2, , , -0.272, -0.220, -0.324
1938, 3, , , -0.271, -0.220, -0.323
1938, 4, , , -0.271, -0.219, -0.323
1938, 5, , , -0.271, -0.219, -0.322
1938, 6, , , -0.270, -0.219, -0.322
1938, 7, , , -0.270, -0.218, -0.321
1938, 8, , , -0.269, -0.218, -0.321
1938, 9, , , -0.269, -0.218, -0.320
1938, 10, , , -0.269, -0.217, -0.320
1938, 11, , , -0.268, -0.217, -0.319
1938, 12, , , -0.268, -0.217, -0.319
1939, 1, , , -0.267, -0.216, -0.318
1939, 2, , , -0.267, -0.216, -0.318
1939, 3, , , -0.267, -0.216, -0.317
1939, 4, , , -0.266, -0.216, -0.317
1939, 5, , , -0.266, -0.215, -0.316
1939, 6, , , -0.265, -0.215, -0.316
1939, 7, , , -0.265, -0.215, -0.315
1939, 8, , , -0.265, -0.214, -0.315
1939, 9, , , -0.264, -0.214, -0.314
1939, 10, , , -0.264, -0.214, -0.314
1939, 11, , , -0.263, -0.213, -0.313
1939, 12, , , -0.263, -0.213, -0.313
1940, 1, , , -0.263, -0.213, -0.312
1940, 2, , , -0.262, -0.212, -0.312
1940, 3, , , -0.262, -0.212, -0.312
1940, 4, , , -0.261, -0.212, -0.311
1940, 5, , , -0.261, -0.211, -0.311
1940, 6, , , -0.260, -0.211, -0.310
1940, 7, , , -0.260, -0.211, -0.310
1940, 8, , , -0.260, -0.210, -0.309
1940, 9, , , -0.259, -0.210, -0.309
1940, 10, , , -0.259, -0.210, -0.308
1940, 11, , , -0.258, -0.209, -0.308
1940, 12, , , -0.258, -0.209, -0.307
1941, 1, , , -0.258, -0.209, -0.307
1941, 2, , , -0.257, -0.208, -0.306
1941, 3, , , -0.257, -0.208, -0.306
1941, 4, , , -0.256, -0.208, -0.305
1941, 5, , , -0.256, -0.207, -0.305
1941, 6, , , -0.256, -0.207, -0.304
1941, 7, , , -0.255, -0.207, -0.304
1941, 8, , , -0.255, -0.206, -0.303
1941, 9, , , -0.254, -0.206, -0.303
1941, 10, , , -0.254, -0.206, -0.302
1941, 11, , , -0.254, -0.205, -0.302
1941, 12, , , -0.253, -0.205, -0.301
1942, 1, , , -0.253, -0.205, -0.301
1942, 2, , , -0.252, -0.204, -0.300
1942, 3, , , -0.252, -0.204, -0.300
1942, 4, , , -0.252, -0.204, -0.299
1942, 5, , , -0.251, -0.203, -0.299
1942, 6, , , -0.251, -0.203, -0.298
1942, 7, , , -0.250, -0.203, -0.298
1942, 8, , , -0.250, -0.202, -0.297
1942, 9, , , -0.249, -0.202, -0.297
1942, 10, , , -0.249, -0.202, -0.296
1942, 11, , , -0.249, -0.201, -0.296
1942, 12, , , -0.248, -0.201, -0.295
1943, 1, , , -0.248, -0.201, -0.295
1943, 2, , , -0.247, -0.200, -0.294
1943, 3, , , -0.247, -0.200, -0.294
1943, 4, , , -0.247, -0.200, -0.293
1943, 5, , , -0.246, -0.199, -0.293
1943, 6, , , -0.246, -0.199, -0.293
1943, 7, , , -0.245, -0.199, -0.292
1943, 8, , , -0.245, -0.198, -0.292
1943, 9, , , -0.245, -0.198, -0.291
1943, 10, , , -0.244, -0.198, -0.291
1943, 11, , , -0.244, -0.198, -0.290
1943, 12, , , -0.243, -0.197, -0.290
1944, 1, , , -0.243, -0.197, -0.289
1944, 2, , , -0.243, -0.197, -0.289
1944, 3, , , -0.242, -0.196, -0.288
1944, 4, , , -0.242, -0.196, -0.288
1944, 5, , , -0.241, -0.196, -0.287
1944, 6, , , -0.241, -0.195, -0.287
1944, 7, , , -0.241, -0.195, -0.286
1944, 8, , , -0.240, -0.195, -0.286
1944, 9, , , -0.240, -0.194, -0.285
1944, 10, , , -0.239, -0.194, -0.285
1944, 11, , , -0.239, -0.194, -0.284
1944, 12, , , -0.238, -0.193, -0.284
1945, 1, , , -0.238, -0.193, -0.283
1945, 2, , , -0.238, -0.193, -0.283
1945, 3, , , -0.237, -0.192, -0.282
1945, 4, , , -0.237, -0.192, -0.282
1945, 5, , , -0.236, -0.192, -0.281
1945, 6, , , -0.236, -0.191, -0.281
1945, 7, , , -0.236, -0.191, -0.280
1945, 8, , , -0.235, -0.191, -0.280
1945, 9, , , -0.235, -0.190, -0.279
1945, 10, , , -0.234, -0.190, -0.279
1945, 11, , , -0.234, -0.190, -0.278
1945, 12, , , -0.234, -0.189, -0.278
1946, 1, , , -0.233, -0.189, -0.277
1946, 2, , , -0.233, -0.189, -0.277
1946, 3, , , -0.232, -0.188, -0.276
1946, 4, , , -0.232, -0.188, -0.276
1946, 5, , , -0.232, -0.188, -0.275
1946, 6, , , -0.231, -0.187, -0.275
1946, 7, , , -0.231, -0.187, -0.274
1946, 8, , , -0.230, -0.187, -0.274
1946, 9, , , -0.230, -0.186, -0.274
1946, 10, , , -0.230, -0.186, -0.273
1946, 11, , , -0.229, -0.186, -0.273
1946, 12, , , -0.229, -0.185, -0.272
1947, 1, , , -0.228, -0.185, -0.272
1947, 2, , , -0.228, -0.185, -0.271
1947, 3, , , -0.227, -0.184, -0.271
1947, 4, , , -0.227, -0.184, -0.270
1947, 5, , , -0.227, -0.184, -0.270
1947, 6, , , -0.226, -0.183, -0.269
1947, 7, , , -0.226, -0.183, -0.269
1947, 8, , , -0.225, -0.183, -0.268
1947, 9, , , -0.225, -0.182, -0.268
1947, 10, , , -0.225, -0.182, -0.267
1947, 11, , , -0.224, -0.182, -0.267
1947, 12, , , -0.224, -0.181, -0.266
1948, 1, , , -0.223, -0.181, -0.266
1948, 2, , , -0.223, -0.181, -0.265
1948, 3, , , -0.223, -0.180, -0.265
1948, 4, , , -0.222, -0.180, -0.264
1948, 5, , , -0.222, -0.180, -0.264
1948, 6, , , -0.221, -0.179, -0.263
1948, 7, , , -0.221, -0.179, -0.263
1948, 8, , , -0.221, -0.179, -0.262
1948, 9, , , -0.220, -0.178, -0.262
1948, 10, , , -0.220, -0.178, -0.261
1948, 11, , , -0.219, -0.178, -0.261
1948, 12, , , -0.219, -0.178, -0.260
1949, 1, , , -0.219, -0.177, -0.260
1949, 2, , , -0.218, -0.177, -0.259
1949, 3, , , -0.218, -0.177, -0.259
1949, 4, , , -0.217, -0.176, -0.258
1949, 5, , , -0.217, -0.176, -0.258
1949, 6, , , -0.216, -0.176, -0.257
1949, 7, , , -0.216, -0.175, -0.257
1949, 8, , , -0.216, -0.175, -0.256
1949, 9, , , -0.215, -0.175, -0.256
1949, 10, , , -0.215, -0.174, -0.255
1949, 11, , , -0.214, -0.174, -0.255
1949, 12, , , -0.214, -0.174, -0.255
1950, 1, , , -0.214, -0.173, -0.254
1950, 2, , , -0.213, -0.173, -0.254
1950, 3, , , -0.213, -0.173, -0.253
1950, 4, , , -0.212, -0.172, -0.253
1950, 5, , , -0.212, -0.172, -0.252
1950, 6, , , -0.212, -0.172, -0.252
1950, 7, , , -0.211, -0.171, -0.251
1950, 8, , , -0.211, -0.171, -0.251
1950, 9, , , -0.210, -0.171, -0.250
1950, 10, , , -0.210, -0.170, -0.250
1950, 11, , , -0.210, -0.170, -0.249
1950, 12, , , -0.209, -0.170, -0.249
1951, 1, , , -0.209, -0.169, -0.248
1951, 2, , , -0.208, -0.169, -0.248
1951, 3, , , -0.208, -0.169, -0.247
1951, 4, , , -0.208, -0.168, -0.247
1951, 5, , , -0.207, -0.168, -0.246
1951, 6, , , -0.207, -0.168, -0.246
1951, 7, , , -0.206, -0.167, -0.245
1951, 8, , , -0.206, -0.167, -0.245
1951, 9, , , -0.205, -0.167, -0.244
1951, 10, , , -0.205, -0.166, -0.244
1951, 11, , , -0.205, -0.166, -0.243
1951, 12, , , -0.204, -0.166, -0.243
1952, 1, , , -0.204, -0.165, -0.242
1952, 2, , , -0.203, -0.165, -0.242
1952, 3, , , -0.203, -0.165, -0.241
1952, 4, , , -0.203, -0.164, -0.241
1952, 5, , , -0.202, -0.164, -0.240
1952, 6, , , -0.202, -0.164, -0.240
1952, 7, , , -0.201, -0.163, -0.239
1952, 8, , , -0.201, -0.163, -0.239
1952, 9, , , -0.201, -0.163, -0.238
1952, 10, , , -0.200, -0.162, -0.238
1952, 11, , , -0.200, -0.162, -0.237
1952, 12, , , -0.199, -0.162, -0.237
1953, 1, , , -0.199, -0.161, -0.237
1953, 2, , , -0.199, -0.161, -0.236
1953, 3, , , -0.198, -0.161, -0.236
1953, 4, , , -0.198, -0.160, -0.235
1953, 5, , , -0.197, -0.160, -0.235
1953, 6, , , -0.197, -0.160, -0.234
1953, 7, , , -0.197, -0.159, -0.234
1953, 8, , , -0.196, -0.159, -0.233
1953, 9, , , -0.196, -0.159, -0.233
1953, 10, , , -0.195, -0.158, -0.232
1953, 11, , , -0.195, -0.158, -0.232
1953, 12, , , -0.194, -0.158, -0.231
1954, 1, , , -0.194, -0.157, -0.231
1954, 2, , , -0.194, -0.157, -0.230
1954, 3, , , -0.193, -0.157, -0.230
1954, 4, , , -0.193, -0.157, -0.229
1954, 5, , , -0.192, -0.156, -0.229
1954, 6, , , -0.192, -0.156, -0.228
1954, 7, , , -0.192, -0.156, -0.228
1954, 8, , , -0.191, -0.155, -0.227
1954, 9, , , -0.191, -0.155, -0.227
1954, 10, , , -0.190, -0.155, -0.226
1954, 11, , , -0.190, -0.154, -0.226
1954, 12, , , -0.190, -0.154, -0.225
1955, 1, , , -0.189, -0.154, -0.225
1955, 2, , , -0.189, -0.153, -0.224
1955, 3, , , -0.188, -0.153, -0.224
1955, 4, , , -0.188, -0.153, -0.223
1955, 5, , , -0.188, -0.152, -0.223
1955, 6, , , -0.187, -0.152, -0.222
1955, 7, , , -0.187, -0.152, -0.222
1955, 8, , , -0.186, -0.151, -0.221
1955, 9, , , -0.186, -0.151, -0.221
1955, 10, , , -0.186, -0.151, -0.220
1955, 11, , , -0.185, -0.150, -0.220
1955, 12, , , -0.185, -0.150, -0.220
1956, 1, , , -0.184, -0.150, -0.219
1956, 2, , , -0.184, -0.149, -0.219
1956, 3, , , -0.183, -0.149, -0.218
1956, 4, , , -0.183, -0.149, -0.218
1956, 5, , , -0.183, -0.148, -0.217
1956, 6, , , -0.182, -0.148, -0.217
1956, 7, , , -0.182, -0.148, -0.216
1956, 8, , , -0.181, -0.147, -0.216
1956, 9, , , -0.181, -0.147, -0.215
1956, 10, , , -0.181, -0.147, -0.215
1956, 11, , , -0.180, -0.146, -0.214
1956, 12, , , -0.180, -0.146, -0.214
1957, 1, , , -0.179, -0.146, -0.213
1957, 2, , , -0.179, -0.145, -0.213
1957, 3, , , -0.179, -0.145, -0.212
1957, 4, , , -0.178, -0.145, -0.212
1957, 5, , , -0.178, -0.144, -0.211
1957, 6, , , -0.177, -0.144, -0.211
1957, 7, , , -0.177, -0.144, -0.210
1957, 8, , , -0.177, -0.143, -0.210
1957, 9, , , -0.176, -0.143, -0.209
1957, 10, , , -0.176, -0.143, -0.209
1957, 11, , , -0.175, -0.142, -0.208
1957, 12, , , -0.175, -0.142, -0.208
1958, 1, , , -0.175, -0.142, -0.207
1958, 2, , , -0.174, -0.141, -0.207
1958, 3, , , -0.174, -0.141, -0.206
1958, 4, , , -0.173, -0.141, -0.206
1958, 5, , , -0.173, -0.140, -0.205
1958, 6, , , -0.172, -0.140, -0.205
1958, 7, , , -0.172, -0.140, -0.204
1958, 8, , , -0.172, -0.139, -0.204
1958, 9, , , -0.171, -0.139, -0.203
1958, 10, , , -0.171, -0.139, -0.203
1958, 11, , , -0.170, -0.138, -0.203
1958, 12, , , -0.170, -0.138, -0.202
1959, 1, , , -0.170, -0.138, -0.202
1959, 2, , , -0.169, -0.137, -0.201
1959, 3, , , -0.169, -0.137, -0.201
1959, 4, , , -0.168, -0.137, -0.200
1959, 5, , , -0.168, -0.136, -0.200
1959, 6, , , -0.168, -0.136, -0.199
1959, 7, , , -0.167, -0.136, -0.199
1959, 8, , , -0.167, -0.135, -0.198
1959, 9, , , -0.166, -0.135, -0.198
1959, 10, , , -0.166, -0.135, -0.197
1959, 11, , , -0.166, -0.134, -0.197
1959, 12, , , -0.165, -0.134, -0.196
1960, 1, , , -0.165, -0.134, -0.196
1960, 2, , , -0.164, -0.133, -0.195
1960, 3, , , -0.164, -0.133, -0.195
1960, 4, , , -0.164, -0.133, -0.194
1960, 5, , , -0.163, -0.132, -0.194
1960, 6, , , -0.163, -0.132, -0.193
1960, 7, , , -0.162, -0.132, -0.193
1960, 8, , , -0.162, -0.131, -0.192
1960, 9, , , -0.162, -0.131, -0.192
1960, 10, , , -0.161, -0.131, -0.191
1960, 11, , , -0.161, -0.130, -0.191
1960, 12, , , -0.160, -0.130, -0.190
1961, 1, , , -0.160, -0.130, -0.190
1961, 2, , , -0.159, -0.129, -0.189
1961, 3, , , -0.159, -0.129, -0.189
1961, 4, , , -0.159, -0.129, -0.188
1961, 5, , , -0.158, -0.128, -0.188
1961, 6, , , -0.158, -0.128, -0.188
1961, 7, , , -0.157, -0.128, -0.187
1961, 8, , , -0.157, -0.128, -0.187
1961, 9, , , -0.157, -0.127, -0.186
1961, 10, , , -0.156, -0.127, -0.186
1961, 11, , , -0.156, -0.127, -0.185
1961, 12, , , -0.155, -0.126, -0.185
1962, 1, , , -0.155, -0.126, -0.184
1962, 2, , , -0.155, -0.126, -0.184
1962, 3, , , -0.154, -0.125, -0.183
1962, 4, , , -0.154, -0.125, -0.183
1962, 5, , , -0.153, -0.125, -0.182
1962, 6, , , -0.153, -0.124, -0.182
1962, 7, , , -0.153, -0.124, -0.181
1962, 8, , , -0.152, -0.124, -0.181
1962, 9, , , -0.152, -0.123, -0.180
1962, 10, , , -0.151, -0.123, -0.180
1962, 11, , , -0.151, -0.123, -0.179
1962, 12, , , -0.151, -0.122, -0.179
1963, 1, , , -0.150, -0.122, -0.178
1963, 2, , , -0.150, -0.122, -0.178
1963, 3, , , -0.149, -0.121, -0.177
1963, 4, , , -0.149, -0.121, -0.177
1963, 5, , , -0.148, -0.121, -0.176
1963, 6, , , -0.148, -0.120, -0.176
1963, 7, , , -0.148, -0.120, -0.175
1963, 8, , , -0.147, -0.120, -0.175
1963, 9, , , -0.147, -0.119, -0.174
1963, 10, , , -0.146, -0.119, -0.174
1963, 11, , , -0.146, -0.119, -0.173
1963, 12, , , -0.146, -0.118, -0.173
1964, 1, , , -0.145, -0.118, -0.173
1964, 2, , , -0.145, -0.118, -0.172
1964, 3, , , -0.144, -0.117, -0.172
1964, 4, , , -0.144, -0.117, -0.171
1964, 5, , , -0.144, -0.117, -0.171
1964, 6, , , -0.143, -0.116, -0.170
1964, 7, , , -0.143, -0.116, -0.170
1964, 8, , , -0.142, -0.116, -0.169
1964, 9, , , -0.142, -0.115, -0.169
1964, 10, , , -0.142, -0.115, -0.168
1964, 11, , , -0.141, -0.115, -0.168
1964, 12, , , -0.141, -0.114, -0.167
1965, 1, , , -0.140, -0.114, -0.167
1965, 2, , , -0.140, -0.114, -0.166
1965, 3, , , -0.140, -0.113, -0.166
1965, 4, , , -0.139, -0.113, -0.165
1965, 5, , , -0.139, -0.113, -0.165
1965, 6, , , -0.138, -0.112, -0.164
1965, 7, , , -0.138, -0.112, -0.164
1965, 8, , , -0.137, -0.112, -0.163
1965, 9, , , -0.137, -0.111, -0.163
1965, 10, , , -0.137, -0.111, -0.162
1965, 11, , , -0.136, -0.111, -0.162
1965, 12, , , -0.136, -0.110, -0.161
1966, 1, , , -0.135, -0.110, -0.161
1966, 2, , , -0.135, -0.110, -0.160
1966, 3, , , -0.135, -0.109, -0.160
1966, 4, , , -0.134, -0.109, -0.159
1966, 5, , , -0.134, -0.109, -0.159
1966, 6, , , -0.133, -0.108, -0.159
1966, 7, , , -0.133, -0.108, -0.158
1966, 8, , , -0.133, -0.108, -0.158
1966, 9, , , -0.132, -0.107, -0.157
1966, 10, , , -0.132, -0.107, -0.157
1966, 11, , , -0.131, -0.107, -0.156
1966, 12, , , -0.131, -0.106, -0.156
1967, 1, , , -0.131, -0.106, -0.155
1967, 2, , , -0.130, -0.106, -0.155
1967, 3, , , -0.130, -0.105, -0.154
1967, 4, , , -0.129, -0.105, -0.154
1967, 5, , , -0.129, -0.105, -0.153
1967, 6, , , -0.129, -0.104, -0.153
1967, 7, , , -0.128, -0.104, -0.152
1967, 8, , , -0.128, -0.104, -0.152
1967, 9, , , -0.127, -0.103, -0.151
1967, 10, , , -0.127, -0.103, -0.151
1967, 11, , , -0.126, -0.103, -0.150
1967, 12, , , -0.126, -0.102, -0.150
1968, 1, , , -0.126, -0.102, -0.149
1968, 2, , , -0.125, -0.102, -0.149
1968, 3, , , -0.125, -0.101, -0.148
1968, 4, , , -0.124, -0.101, -0.148
1968, 5, , , -0.124, -0.101, -0.147
1968, 6, , , -0.124, -0.100, -0.147
1968, 7, , , -0.123, -0.100, -0.146
1968, 8, , , -0.123, -0.100, -0.146
1968, 9, , , -0.122, -0.099, -0.145
1968, 10, , , -0.122, -0.099, -0.145
1968, 11, , , -0.122, -0.099, -0.145
1968, 12, , , -0.121, -0.098, -0.144
1969, 1, , , -0.121, -0.098, -0.144
1969, 2, , , -0.120, -0.098, -0.143
1969, 3, , , -0.120, -0.097, -0.143
1969, 4, , , -0.120, -0.097, -0.142
1969, 5, , , -0.119, -0.097, -0.142
1969, 6, , , -0.119, -0.096, -0.141
1969, 7, , , -0.118, -0.096, -0.141
1969, 8, , , -0.118, -0.096, -0.140
1969, 9, , , -0.118, -0.095, -0.140
1969, 10, , , -0.117, -0.095, -0.139
1969, 11, , , -0.117, -0.095, -0.139
1969, 12, , , -0.116, -0.094, -0.138
1970, 1, , , -0.116, -0.094, -0.138
1970, 2, , , -0.115, -0.094, -0.137
1970, 3, , , -0.115, -0.093, -0.137
1970, 4, , , -0.115, -0.093, -0.136
1970, 5, , , -0.114, -0.093, -0.136
1970, 6, , , -0.114, -0.092, -0.135
1970, 7, , , -0.113, -0.092, -0.135
1970, 8, , , -0.113, -0.092, -0.134
1970, 9, , , -0.113, -0.091, -0.134
1970, 10, , , -0.112, -0.091, -0.133
1970, 11, , , -0.112, -0.091, -0.133
1970, 12, , , -0.111, -0.090, -0.133
1971, 1, , , -0.111, -0.090, -0.132
1971, 2, , , -0.111, -0.090, -0.132
1971, 3, , , -0.110, -0.089, -0.131
1971, 4, , , -0.110, -0.089, -0.131
1971, 5, , , -0.109, -0.089, -0.130
1971, 6, , , -0.109, -0.088, -0.130
1971, 7, , , -0.109, -0.088, -0.129
1971, 8, , , -0.108, -0.088, -0.129
1971, 9, , , -0.108, -0.087, -0.128
1971, 10, , , -0.107, -0.087, -0.128
1971, 11, , , -0.107, -0.087, -0.127
1971, 12, , , -0.107, -0.086, -0.127
1972, 1, , , -0.106, -0.086, -0.126
1972, 2, , , -0.106, -0.086, -0.126
1972, 3, , , -0.105, -0.085, -0.125
1972, 4, , , -0.105, -0.085, -0.125
1972, 5, , , -0.104, -0.085, -0.124
1972, 6, , , -0.104, -0.084, -0.124
1972, 7, -0.031, , -0.104, -0.084, -0.123
1972, 8, -0.049, , -0.103, -0.084, -0.123
1972, 9, -0.030, , -0.103, -0.083, -0.122
1972, 10, -0.055, , -0.102, -0.083, -0.122
1972, 11, 0.052, , -0.102, -0.083, -0.122
1972, 12, 0.023, , -0.102, -0.082, -0.121
1973, 1, 0.023, , -0.101, -0.082, -0.121
1973, 2, 0.008, , -0.101, -0.081, -0.120
1973, 3, 0.042, , -0.100, -0.081, -0.120
1973, 4, -0.029, , -0.100, -0.081, -0.119
1973, 5, -0.043, , -0.100, -0.080, -0.119
1973, 6, -0.075, , -0.099, -0.080, -0.118
1973, 7, -0.056, , -0.099, -0.080, -0.118
1973, 8, -0.062, , -0.098, -0.079, -0.117
1973, 9, -0.052, , -0.098, -0.079, -0.117
1973, 10, -0.052, , -0.098, -0.079, -0.116
1973, 11, -0.204, , -0.097, -0.078, -0.116
1973, 12, -0.077, , -0.097, -0.078, -0.115
1974, 1, 0.044, , -0.096, -0.078, -0.115
1974, 2, -0.050, , -0.096, -0.077, -0.114
1974, 3, -0.144, , -0.096, -0.077, -0.114
1974, 4, -0.191, , -0.095, -0.077, -0.113
1974, 5, -0.064, , -0.095, -0.076, -0.113
1974, 6, 0.001, , -0.094, -0.076, -0.112
1974, 7, -0.059, , -0.094, -0.076, -0.112
1974, 8, -0.089, , -0.093, -0.075, -0.112
1974, 9, -0.094, , -0.093, -0.075, -0.111
1974, 10, -0.192, , -0.093, -0.075, -0.111
1974, 11, -0.134, , -0.092, -0.074, -0.110
1974, 12, 0.002, , -0.092, -0.074, -0.110
1975, 1, -0.075, , -0.091, -0.074, -0.109
1975, 2, -0.020, , -0.091, -0.073, -0.109
1975, 3, -0.092, , -0.091, -0.073, -0.108
1975, 4, -0.246, , -0.090, -0.073, -0.108
1975, 5, -0.049, , -0.090, -0.072, -0.107
1975, 6, -0.054, , -0.089, -0.072, -0.107
1975, 7, -0.056, , -0.089, -0.072, -0.106
1975, 8, -0.113, , -0.089, -0.071, -0.106
1975, 9, -0.067, , -0.088, -0.071, -0.105
1975, 10, -0.024, , -0.088, -0.071, -0.105
1975, 11, -0.015, , -0.087, -0.070, -0.104
1975, 12, -0.022, , -0.087, -0.070, -0.104
1976, 1, -0.072, , -0.087, -0.070, -0.103
1976, 2, -0.148, , -0.086, -0.069, -0.103
1976, 3, -0.092, , -0.086, -0.069, -0.103
1976, 4, -0.169, , -0.085, -0.069, -0.102
1976, 5, -0.183, , -0.085, -0.068, -0.102
1976, 6, -0.093, , -0.085, -0.068, -0.101
1976, 7, -0.120, , -0.084, -0.068, -0.101
1976, 8, -0.104, , -0.084, -0.067, -0.100
1976, 9, -0.116, , -0.083, -0.067, -0.100
1976, 10, -0.091, , -0.083, -0.067, -0.099
1976, 11, -0.235, , -0.082, -0.066, -0.099
1976, 12, -0.242, , -0.082, -0.066, -0.098
1977, 1, -0.294, , -0.082, -0.065, -0.098
1977, 2, -0.303, , -0.081, -0.065, -0.097
1977, 3, -0.186, , -0.081, -0.065, -0.097
1977, 4, -0.194, , -0.080, -0.064, -0.096
1977, 5, -0.174, , -0.080, -0.064, -0.096
1977, 6, -0.127, , -0.080, -0.064, -0.095
1977, 7, -0.132, , -0.079, -0.063, -0.095
1977, 8, -0.153, , -0.079, -0.063, -0.095
1977, 9, -0.046, , -0.078, -0.063, -0.094
1977, 10, -0.122, , -0.078, -0.062, -0.094
1977, 11, -0.067, , -0.078, -0.062, -0.093
1977, 12, -0.007, , -0.077, -0.062, -0.093
1978, 1, -0.096, , -0.077, -0.061, -0.092
1978, 2, -0.035, , -0.076, -0.061, -0.092
1978, 3, -0.061, , -0.076, -0.061, -0.091
1978, 4, -0.008, , -0.076, -0.060, -0.091
1978, 5, -0.018, , -0.075, -0.060, -0.090
1978, 6, -0.127, , -0.075, -0.060, -0.090
1978, 7, -0.038, , -0.074, -0.059, -0.089
1978, 8, -0.058, , -0.074, -0.059, -0.089
1978, 9, -0.012, , -0.074, -0.059, -0.088
1978, 10, -0.070, , -0.073, -0.058, -0.088
1978, 11, 0.037, , -0.073, -0.058, -0.088
1978, 12, -0.138, , -0.072, -0.058, -0.087
1979, 1, -0.038, , -0.072, -0.057, -0.087
1979, 2, -0.074, , -0.071, -0.057, -0.086
1979, 3, -0.037, , -0.071, -0.056, -0.086
1979, 4, -0.054, , -0.071, -0.056, -0.085
1979, 5, -0.094, , -0.070, -0.056, -0.085
1979, 6, -0.072, , -0.070, -0.055, -0.084
1979, 7, -0.053, , -0.069, -0.055, -0.084
1979, 8, -0.062, , -0.069, -0.055, -0.083
1979, 9, -0.027, , -0.069, -0.054, -0.083
1979, 10, -0.085, , -0.068, -0.054, -0.082
1979, 11, -0.061, , -0.068, -0.054, -0.082
1979, 12, -0.117, , -0.067, -0.053, -0.081
1980, 1, 0.004, , -0.067, -0.053, -0.081
1980, 2, -0.123, , -0.067, -0.053, -0.081
1980, 3, -0.165, , -0.066, -0.052, -0.080
1980, 4, -0.020, , -0.066, -0.052, -0.080
1980, 5, -0.046, , -0.065, -0.052, -0.079
1980, 6, -0.136, , -0.065, -0.051, -0.079
1980, 7, -0.135, , -0.065, -0.051, -0.078
1980, 8, -0.113, , -0.064, -0.051, -0.078
1980, 9, -0.131, , -0.064, -0.050, -0.077
1980, 10, -0.143, , -0.063, -0.050, -0.077
1980, 11, -0.168, , -0.063, -0.049, -0.076
1980, 12, -0.160, , -0.063, -0.049, -0.076
1981, 1, -0.178, , -0.062, -0.049, -0.075
1981, 2, -0.145, , -0.062, -0.048, -0.075
1981, 3, -0.147, , -0.061, -0.048, -0.075
1981, 4, -0.212, , -0.061, -0.048, -0.074
1981, 5, -0.058, , -0.060, -0.047, -0.074
1981, 6, -0.099, , -0.060, -0.047, -0.073
1981, 7, -0.080, , -0.060, -0.047, -0.073
1981, 8, -0.055, , -0.059, -0.046, -0.072
1981, 9, -0.088, , -0.059, -0.046, -0.072
1981, 10, -0.125, , -0.058, -0.046, -0.071
1981, 11, -0.061, , -0.058, -0.045, -0.071
1981, 12, -0.144, , -0.058, -0.045, -0.070
1982, 1, -0.145, , -0.057, -0.044, -0.070
1982, 2, -0.032, , -0.057, -0.044, -0.069
1982, 3, -0.077, , -0.056, -0.044, -0.069
1982, 4, -0.224, , -0.056, -0.043, -0.069
1982, 5, -0.079, , -0.056, -0.043, -0.068
1982, 6, 0.050, , -0.055, -0.043, -0.068
1982, 7, -0.068, , -0.055, -0.042, -0.067
1982, 8, -0.092, , -0.054, -0.042, -0.067
1982, 9, -0.070, , -0.054, -0.042, -0.066
1982, 10, 0.034, , -0.054, -0.041, -0.066
1982, 11, -0.067, , -0.053, -0.041, -0.065
1982, 12, 0.002, , -0.053, -0.041, -0.065
1983, 1, 0.004, , -0.052, -0.040, -0.064
1983, 2, 0.075, , -0.052, -0.040, -0.064
1983, 3, 0.085, , -0.052, -0.039, -0.064
1983, 4, 0.029, , -0.051, -0.039, -0.063
1983, 5, -0.052, , -0.051, -0.039, -0.063
1983, 6, -0.005, , -0.050, -0.038, -0.062
1983, 7, -0.025, , -0.050, -0.038, -0.062
1983, 8, -0.001, , -0.049, -0.038, -0.061
1983, 9, -0.034, , -0.049, -0.037, -0.061
1983, 10, 0.070, , -0.049, -0.037, -0.060
1983, 11, 0.012, , -0.048, -0.037, -0.060
1983, 12, -0.007, , -0.048, -0.036, -0.060
1984, 1, 0.017, , -0.047, -0.036, -0.059
1984, 2, 0.005, , -0.047, -0.035, -0.059
1984, 3, 0.009, , -0.047, -0.035, -0.058
1984, 4, 0.145, , -0.046, -0.035, -0.058
1984, 5, -0.088, , -0.046, -0.034, -0.057
1984, 6, -0.045, , -0.045, -0.034, -0.057
1984, 7, -0.077, , -0.045, -0.034, -0.056
1984, 8, -0.010, , -0.045, -0.033, -0.056
1984, 9, -0.058, , -0.044, -0.033, -0.056
1984, 10, 0.046, , -0.044, -0.032, -0.055
1984, 11, -0.034, , -0.043, -0.032, -0.055
1984, 12, -0.026, , -0.043, -0.032, -0.054
1985, 1, -0.114, , -0.043, -0.031, -0.054
1985, 2, -0.084, , -0.042, -0.031, -0.053
1985, 3, -0.113, , -0.042, -0.031, -0.053
1985, 4, -0.081, , -0.041, -0.030, -0.052
1985, 5, -0.049, , -0.041, -0.030, -0.052
1985, 6, -0.084, , -0.041, -0.029, -0.052
1985, 7, -0.047, , -0.040, -0.029, -0.051
1985, 8, -0.046, , -0.040, -0.029, -0.051
1985, 9, -0.122, , -0.039, -0.028, -0.050
1985, 10, -0.012, , -0.039, -0.028, -0.050
1985, 11, 0.134, , -0.038, -0.028, -0.049
1985, 12, -0.050, , -0.038, -0.027, -0.049
1986, 1, -0.145, , -0.038, -0.027, -0.049
1986, 2, 0.035, , -0.037, -0.026, -0.048
1986, 3, -0.141, , -0.037, -0.026, -0.048
1986, 4, 0.041, , -0.036, -0.026, -0.047
1986, 5, -0.030, , -0.036, -0.025, -0.047
1986, 6, -0.093, , -0.036, -0.025, -0.046
1986, 7, -0.038, , -0.035, -0.025, -0.046
1986, 8, -0.034, , -0.035, -0.024, -0.045
1986, 9, -0.094, , -0.034, -0.024, -0.045
1986, 10, -0.027, , -0.034, -0.023, -0.045
1986, 11, -0.034, , -0.034, -0.023, -0.044
1986, 12, 0.014, , -0.033, -0.023, -0.044
1987, 1, 0.023, , -0.033, -0.022, -0.043
1987, 2, -0.044, , -0.032, -0.022, -0.043
1987, 3, 0.109, , -0.032, -0.021, -0.042
1987, 4, 0.090, , -0.032, -0.021, -0.042
1987, 5, -0.040, , -0.031, -0.021, -0.042
1987, 6, -0.051, , -0.031, -0.020, -0.041
1987, 7, -0.028, , -0.030, -0.020, -0.041
1987, 8, -0.013, , -0.030, -0.019, -0.040
1987, 9, -0.027, , -0.030, -0.019, -0.040
1987, 10, -0.116, , -0.029, -0.019, -0.039
1987, 11, -0.091, , -0.029, -0.018, -0.039
1987, 12, -0.004, , -0.028, -0.018, -0.039
1988, 1, -0.066, , -0.028, -0.018, -0.038
1988, 2, -0.038, , -0.027, -0.017, -0.038
1988, 3, -0.135, , -0.027, -0.017, -0.037
1988, 4, 0.050, , -0.027, -0.016, -0.037
1988, 5, -0.003, , -0.026, -0.016, -0.037
1988, 6, -0.060, , -0.026, -0.016, -0.036
1988, 7, -0.105, , -0.025, -0.015, -0.036
1988, 8, -0.080, , -0.025, -0.015, -0.035
1988, 9, -0.116, , -0.025, -0.014, -0.035
1988, 10, -0.113, , -0.024, -0.014, -0.034
1988, 11, -0.101, , -0.024, -0.014, -0.034
1988, 12, -0.105, , -0.023, -0.013, -0.034
1989, 1, -0.038, , -0.023, -0.013, -0.033
1989, 2, -0.068, , -0.023, -0.012, -0.033
1989, 3, -0.022, , -0.022, -0.012, -0.032
1989, 4, -0.093, , -0.022, -0.012, -0.032
1989, 5, -0.061, , -0.021, -0.011, -0.032
1989, 6, -0.051, , -0.021, -0.011, -0.031
1989, 7, -0.010, , -0.021, -0.010, -0.031
1989, 8, -0.010, , -0.020, -0.010, -0.030
1989, 9, 0.009, , -0.020, -0.010, -0.030
1989, 10, -0.046, , -0.019, -0.009, -0.030
1989, 11, -0.088, , -0.019, -0.009, -0.029
1989, 12, -0.141, , -0.019, -0.008, -0.029
1990, 1, -0.057, , -0.018, -0.008, -0.028
1990, 2, -0.081, , -0.018, -0.007, -0.028
1990, 3, -0.095, , -0.017, -0.007, -0.028
1990, 4, -0.099, , -0.017, -0.007, -0.027
1990, 5, -0.033, , -0.016, -0.006, -0.027
1990, 6, -0.078, , -0.016, -0.006, -0.026
1990, 7, -0.016, , -0.016, -0.005, -0.026
1990, 8, 0.021, , -0.015, -0.005, -0.025
1990, 9, -0.037, , -0.015, -0.005, -0.025
1990, 10, -0.036, , -0.014, -0.004, -0.025
1990, 11, -0.073, , -0.014, -0.004, -0.024
1990, 12, -0.022, , -0.014, -0.003, -0.024
1991, 1, 0.078, , -0.013, -0.003, -0.023
1991, 2, -0.047, , -0.013, -0.003, -0.023
1991, 3, 0.054, , -0.012, -0.002, -0.023
1991, 4, 0.001, , -0.012, -0.002, -0.022
1991, 5, -0.027, , -0.012, -0.001, -0.022
1991, 6, 0.004, , -0.011, -0.001, -0.022
1991, 7, 0.036, , -0.011, -0.000, -0.021
1991, 8, -0.031, , -0.010, -0.000, -0.021
1991, 9, -0.046, , -0.010, 0.000, -0.020
1991, 10, -0.024, , -0.010, 0.001, -0.020
1991, 11, 0.040, , -0.009, 0.001, -0.020
1991, 12, -0.047, , -0.009, 0.002, -0.019
1992, 1, 0.047, , -0.008, 0.002, -0.019
1992, 2, 0.066, , -0.008, 0.003, -0.018
1992, 3, -0.003, , -0.008, 0.003, -0.018
1992, 4, 0.032, , -0.007, 0.003, -0.018
1992, 5, 0.064, , -0.007, 0.004, -0.017
1992, 6, 0.047, , -0.006, 0.004, -0.017
1992, 7, -0.022, , -0.006, 0.005, -0.016
1992, 8, -0.031, , -0.005, 0.005, -0.016
1992, 9, -0.024, , -0.005, 0.006, -0.016
1992, 10, -0.018, , -0.005, 0.006, -0.015
1992, 11, 0.064, , -0.004, 0.006, -0.015
1992, 12, 0.042, , -0.004, 0.007, -0.015
1993, 1, 0.090, , -0.003, 0.007, -0.014
1993, 2, 0.035, , -0.003, 0.008, -0.014
1993, 3, 0.027, , -0.003, 0.008, -0.013
1993, 4, 0.117, , -0.002, 0.009, -0.013
1993, 5, 0.027, , -0.002, 0.009, -0.013
1993, 6, -0.011, , -0.001, 0.009, -0.012
1993, 7, 0.026, , -0.001, 0.010, -0.012
1993, 8, 0.027, , -0.001, 0.010, -0.011
1993, 9, -0.024, , -0.000, 0.011, -0.011
1993, 10, 0.003, , 0.000, 0.011, -0.011
1993, 11, -0.009, , 0.001, 0.012, -0.010
1993, 12, 0.075, , 0.001, 0.012, -0.010
1994, 1, -0.088, , 0.001, 0.012, -0.010
1994, 2, 0.023, , 0.002, 0.013, -0.009
1994, 3, 0.027, , 0.002, 0.013, -0.009
1994, 4, -0.062, , 0.003, 0.014, -0.008
1994, 5, -0.022, , 0.003, 0.014, -0.008
1994, 6, -0.042, , 0.003, 0.015, -0.008
1994, 7, -0.035, , 0.004, 0.015, -0.007
1994, 8, -0.046, , 0.004, 0.016, -0.007
1994, 9, -0.040, , 0.005, 0.016, -0.007
1994, 10, 0.038, , 0.005, 0.016, -0.006
1994, 11, -0.040, , 0.006, 0.017, -0.006
1994, 12, 0.080, , 0.006, 0.017, -0.005
1995, 1, 0.010, , 0.006, 0.018, -0.005
1995, 2, -0.129, , 0.007, 0.018, -0.005
1995, 3, 0.005, , 0.007, 0.019, -0.004
1995, 4, -0.055, , 0.008, 0.019, -0.004
1995, 5, 0.024, , 0.008, 0.020, -0.004
1995, 6, 0.005, , 0.008, 0.020, -0.003
1995, 7, 0.005, , 0.009, 0.020, -0.003
1995, 8, 0.115, , 0.009, 0.021, -0.003
1995, 9, 0.036, , 0.010, 0.021, -0.002
1995, 10, 0.023, , 0.010, 0.022, -0.002
1995, 11, -0.024, , 0.010, 0.022, -0.001
1995, 12, -0.033, , 0.011, 0.023, -0.001
1996, 1, 0.153, , 0.011, 0.023, -0.001
1996, 2, -0.007, , 0.012, 0.024, -0.000
1996, 3, -0.019, , 0.012, 0.024, 0.000
1996, 4, 0.015, , 0.012, 0.024, 0.000
1996, 5, 0.015, , 0.013, 0.025, 0.001
1996, 6, 0.043, , 0.013, 0.025, 0.001
1996, 7, 0.020, , 0.014, 0.026, 0.001
1996, 8, 0.057, , 0.014, 0.026, 0.002
1996, 9, 0.157, , 0.014, 0.027, 0.002
1996, 10, 0.116, , 0.015, 0.027, 0.003
1996, 11, 0.083, , 0.015, 0.028, 0.003
1996, 12, 0.207, , 0.016, 0.028, 0.003
1997, 1, 0.066, , 0.016, 0.029, 0.004
1997, 2, 0.082, , 0.017, 0.029, 0.004
1997, 3, 0.082, , 0.017, 0.029, 0.004
1997, 4, 0.047, , 0.017, 0.030, 0.005
1997, 5, -0.063, , 0.018, 0.030, 0.005
1997, 6, 0.113, , 0.018, 0.031, 0.005
1997, 7, 0.023, , 0.019, 0.031, 0.006
1997, 8, 0.016, , 0.019, 0.032, 0.006
1997, 9, -0.004, , 0.019, 0.032, 0.007
1997, 10, 0.039, , 0.020, 0.033, 0.007
1997, 11, 0.082, , 0.020, 0.033, 0.007
1997, 12, 0.067, , 0.021, 0.034, 0.008
1998, 1, 0.192, , 0.021, 0.034, 0.008
1998, 2, 0.354, , 0.021, 0.034, 0.008
1998, 3, 0.076, , 0.022, 0.035, 0.009
1998, 4, 0.121, , 0.022, 0.035, 0.009
1998, 5, 0.138, , 0.023, 0.036, 0.009
1998, 6, 0.036, , 0.023, 0.036, 0.010
1998, 7, 0.053, , 0.023, 0.037, 0.010
1998, 8, 0.091, , 0.024, 0.037, 0.010
1998, 9, 0.032, , 0.024, 0.038, 0.011
1998, 10, -0.006, , 0.025, 0.038, 0.011
1998, 11, 0.014, , 0.025, 0.039, 0.012
1998, 12, 0.040, , 0.025, 0.039, 0.012
1999, 1, 0.043, , 0.026, 0.040, 0.012
1999, 2, 0.135, , 0.026, 0.040, 0.013
1999, 3, -0.030, , 0.027, 0.040, 0.013
1999, 4, 0.063, , 0.027, 0.041, 0.013
1999, 5, 0.071, , 0.028, 0.041, 0.014
1999, 6, 0.023, , 0.028, 0.042, 0.014
1999, 7, 0.021, , 0.028, 0.042, 0.014
1999, 8, 0.052, , 0.029, 0.043, 0.015
1999, 9, 0.053, , 0.029, 0.043, 0.015
1999, 10, -0.023, , 0.030, 0.044, 0.015
1999, 11, -0.033, , 0.030, 0.044, 0.016
1999, 12, 0.002, , 0.030, 0.045, 0.016
2000, 1, -0.112, , 0.031, 0.045, 0.016
2000, 2, -0.078, , 0.031, 0.046, 0.017
2000, 3, 0.037, , 0.032, 0.046, 0.017
2000, 4, 0.020, , 0.032, 0.047, 0.017
2000, 5, 0.052, , 0.032, 0.047, 0.018
2000, 6, -0.011, , 0.033, 0.047, 0.018
2000, 7, 0.080, , 0.033, 0.048, 0.019
2000, 8, 0.025, , 0.034, 0.048, 0.019
2000, 9, 0.024, , 0.034, 0.049, 0.019
2000, 10, -0.017, , 0.034, 0.049, 0.020
2000, 11, 0.044, , 0.035, 0.050, 0.020
2000, 12, -0.096, , 0.035, 0.050, 0.020
2001, 1, 0.021, , 0.036, 0.051, 0.021
2001, 2, -0.034, , 0.036, 0.051, 0.021
2001, 3, 0.016, , 0.036, 0.052, 0.021
2001, 4, 0.014, , 0.037, 0.052, 0.022
2001, 5, 0.048, , 0.037, 0.053, 0.022
2001, 6, 0.003, , 0.038, 0.053, 0.022
2001, 7, 0.034, , 0.038, 0.054, 0.023
2001, 8, 0.003, , 0.039, 0.054, 0.023
2001, 9, 0.042, , 0.039, 0.054, 0.023
2001, 10, -0.033, , 0.039, 0.055, 0.024
2001, 11, 0.011, , 0.040, 0.055, 0.024
2001, 12, 0.057, , 0.040, 0.056, 0.024
2002, 1, -0.065, , 0.041, 0.056, 0.025
2002, 2, 0.020, , 0.041, 0.057, 0.025
2002, 3, -0.093, , 0.041, 0.057, 0.025
2002, 4, -0.053, , 0.042, 0.058, 0.026
2002, 5, -0.072, , 0.042, 0.058, 0.026
2002, 6, 0.013, , 0.043, 0.059, 0.026
2002, 7, 0.014, , 0.043, 0.059, 0.027
2002, 8, 0.031, , 0.043, 0.060, 0.027
2002, 9, 0.053, , 0.044, 0.060, 0.028
2002, 10, 0.136, , 0.044, 0.061, 0.028
2002, 11, -0.025, , 0.045, 0.061, 0.028
2002, 12, 0.002, , 0.045, 0.062, 0.029
2003, 1, -0.018, , 0.045, 0.062, 0.029
2003, 2, -0.028, , 0.046, 0.062, 0.029
2003, 3, 0.106, , 0.046, 0.063, 0.030
2003, 4, 0.126, , 0.047, 0.063, 0.030
2003, 5, 0.103, , 0.047, 0.064, 0.030
2003, 6, 0.073, , 0.047, 0.064, 0.031
2003, 7, 0.037, , 0.048, 0.065, 0.031
2003, 8, 0.019, , 0.048, 0.065, 0.031
2003, 9, , , 0.049, 0.066, 0.032
2003, 10, , , 0.049, 0.066, 0.032
2003, 11, , , 0.050, 0.067, 0.032
2003, 12, , , 0.050, 0.067, 0.033
2004, 1, , , 0.050, 0.068, 0.033
2004, 2, , , 0.051, 0.068, 0.033
2004, 3, , , 0.051, 0.069, 0.034
2004, 4, , , 0.052, 0.069, 0.034
2004, 5, , , 0.052, 0.070, 0.034
2004, 6, , , 0.052, 0.070, 0.035
2004, 7, , , 0.053, 0.071, 0.035
2004, 8, , , 0.053, 0.071, 0.035
2004, 9, , , 0.054, 0.071, 0.036
2004, 10, , , 0.054, 0.072, 0.036
2004, 11, , , 0.054, 0.072, 0.036
2004, 12, , , 0.055, 0.073, 0.037
2005, 1, , , 0.055, 0.073, 0.037
2005, 2, , , 0.056, 0.074, 0.037
2005, 3, , , 0.056, 0.074, 0.038
2005, 4, , , 0.056, 0.075, 0.038
2005, 5, , , 0.057, 0.075, 0.038
2005, 6, , , 0.057, 0.076, 0.039
2005, 7, , , 0.058, 0.076, 0.039
2005, 8, , , 0.058, 0.077, 0.039
2005, 9, , , 0.058, 0.077, 0.040
2005, 10, , , 0.059, 0.078, 0.040
2005, 11, , , 0.059, 0.078, 0.040
2005, 12, , , 0.060, 0.079, 0.041
2006, 1, , , 0.060, 0.079, 0.041
2006, 2, , , 0.061, 0.080, 0.041
2006, 3, , , 0.061, 0.080, 0.042
2006, 4, , , 0.061, 0.080, 0.042
2006, 5, , , 0.062, 0.081, 0.043
2006, 6, , , 0.062, 0.081, 0.043
2006, 7, , , 0.063, 0.082, 0.043
2006, 8, , , 0.063, 0.082, 0.044
2006, 9, , , 0.063, 0.083, 0.044
2006, 10, , , 0.064, 0.083, 0.044
2006, 11, , , 0.064, 0.084, 0.045
2006, 12, , , 0.065, 0.084, 0.045
2007, 1, , , 0.065, 0.085, 0.045
2007, 2, , , 0.065, 0.085, 0.046
2007, 3, , , 0.066, 0.086, 0.046
2007, 4, , , 0.066, 0.086, 0.046
2007, 5, , , 0.067, 0.087, 0.047
2007, 6, , , 0.067, 0.087, 0.047
2007, 7, , , 0.067, 0.088, 0.047
2007, 8, , , 0.068, 0.088, 0.048
2007, 9, , , 0.068, 0.089, 0.048
2007, 10, , , 0.069, 0.089, 0.048
2007, 11, 0.026, , 0.069, 0.090, 0.049
2007, 12, 0.062, , 0.069, 0.090, 0.049
2008, 1, 0.038, , 0.070, 0.091, 0.049
2008, 2, 0.034, , 0.070, 0.091, 0.050
2008, 3, 0.053, , 0.071, 0.091, 0.050
2008, 4, 0.126, , 0.071, 0.092, 0.050
2008, 5, 0.128, , 0.072, 0.092, 0.051
2008, 6, 0.038, , 0.072, 0.093, 0.051
2008, 7, 0.035, , 0.072, 0.093, 0.051
2008, 8, 0.053, , 0.073, 0.094, 0.052
2008, 9, 0.107, , 0.073, 0.094, 0.052
2008, 10, 0.057, , 0.074, 0.095, 0.052
2008, 11, 0.041, , 0.074, 0.095, 0.053
2008, 12, -0.006, , 0.074, 0.096, 0.053
2009, 1, 0.024, , 0.075, 0.096, 0.053
2009, 2, 0.001, , 0.075, 0.097, 0.054
2009, 3, 0.061, , 0.076, 0.097, 0.054
2009, 4, 0.048, , 0.076, 0.098, 0.054
2009, 5, 0.030, , 0.076, 0.098, 0.055
2009, 6, 0.191, , 0.077, 0.099, 0.055
2009, 7, 0.128, , 0.077, 0.099, 0.055
2009, 8, 0.036, , 0.078, 0.100, 0.056
2009, 9, 0.121, , 0.078, 0.100, 0.056
2009, 10, 0.157, , 0.078, 0.101, 0.056
2009, 11, 0.252, , 0.079, 0.101, 0.057
2009, 12, 0.136, , 0.079, 0.102, 0.057
2010, 1, 0.089, , 0.080, 0.102, 0.057
2010, 2, 0.078, , 0.080, 0.103, 0.058
2010, 3, 0.251, , 0.080, 0.103, 0.058
2010, 4, 0.101, , 0.081, 0.103, 0.058
2010, 5, 0.055, , 0.081, 0.104, 0.059
2010, 6, 0.076, , 0.082, 0.104, 0.059
2010, 7, 0.053, , 0.082, 0.105, 0.059
2010, 8, , , 0.083, 0.105, 0.060
2010, 9, , , 0.083, 0.106, 0.060
2010, 10, , , 0.083, 0.106, 0.060
2010, 11, , , 0.084, 0.107, 0.061
2010, 12, , , 0.084, 0.107, 0.061
2011, 1, , , 0.085, 0.108, 0.061
2011, 2, , , 0.085, 0.108, 0.062
2011, 3, , , 0.085, 0.109, 0.062
2011, 4, , , 0.086, 0.109, 0.062
2011, 5, , , 0.086, 0.110, 0.063
2011, 6, , , 0.087, 0.110, 0.063
2011, 7, , , 0.087, 0.111, 0.063
2011, 8, , , 0.087, 0.111, 0.064
2011, 9, , , 0.088, 0.112, 0.064
2011, 10, , , 0.088, 0.112, 0.064
2011, 11, , , 0.089, 0.113, 0.065
2011, 12, , , 0.089, 0.113, 0.065
2012, 1, , , 0.089, 0.114, 0.065
2012, 2, , , 0.090, 0.114, 0.066
2012, 3, , , 0.090, 0.115, 0.066
2012, 4, , , 0.091, 0.115, 0.066
2012, 5, , , 0.091, 0.115, 0.067
2012, 6, , , 0.091, 0.116, 0.067
2012, 7, , , 0.092, 0.116, 0.067
2012, 8, , , 0.092, 0.117, 0.068
2012, 9, , , 0.093, 0.117, 0.068
2012, 10, , , 0.093, 0.118, 0.068
2012, 11, , , 0.094, 0.118, 0.069
2012, 12, , , 0.094, 0.119, 0.069
2013, 1, , , 0.094, 0.119, 0.069
2013, 2, , , 0.095, 0.120, 0.070
2013, 3, , , 0.095, 0.120, 0.070
2013, 4, , , 0.096, 0.121, 0.070
2013, 5, , , 0.096, 0.121, 0.071
2013, 6, , , 0.096, 0.122, 0.071
2013, 7, , , 0.097, 0.122, 0.071
2013, 8, , , 0.097, 0.123, 0.072
2013, 9, , , 0.098, 0.123, 0.072
2013, 10, , , 0.098, 0.124, 0.072
2013, 11, , , 0.098, 0.124, 0.073
2013, 12, , , 0.099, 0.125, 0.073
2014, 1, , , 0.099, 0.125, 0.073
2014, 2, , , 0.100, 0.126, 0.074
2014, 3, , , 0.100, 0.126, 0.074
2014, 4, , , 0.100, 0.127, 0.074
2014, 5, , , 0.101, 0.127, 0.075
2014, 6, , , 0.101, 0.128, 0.075
2014, 7, , , 0.102, 0.128, 0.075
2014, 8, , , 0.102, 0.129, 0.076
2014, 9, , , 0.102, 0.129, 0.076
2014, 10, , , 0.103, 0.129, 0.076
2014, 11, , , 0.103, 0.130, 0.077
2014, 12, , , 0.104, 0.130, 0.077
2015, 1, , , 0.104, 0.131, 0.077
2015, 2, , , 0.105, 0.131, 0.078
2015, 3, , , 0.105, 0.132, 0.078
2015, 4, , , 0.105, 0.132, 0.078
2015, 5, , , 0.106, 0.133, 0.079
2015, 6, , , 0.106, 0.133, 0.079
2015, 7, , , 0.107, 0.134, 0.079
2015, 8, , , 0.107, 0.134, 0.080
2015, 9, , , 0.107, 0.135, 0.080
2015, 10, , , 0.108, 0.135, 0.080
2015, 11, , , 0.108, 0.136, 0.081
2015, 12, , , 0.109, 0.136, 0.081
2016, 1, , , 0.109, 0.137, 0.081
2016, 2, , , 0.109, 0.137, 0.082
2016, 3, , , 0.110, 0.138, 0.082
2016, 4, , , 0.110, 0.138, 0.082
2016, 5, , , 0.111, 0.139, 0.083
2016, 6, , , 0.111, 0.139, 0.083
2016, 7, , , 0.111, 0.140, 0.083
2016, 8, , , 0.112, 0.140, 0.084
2016, 9, , , 0.112, 0.141, 0.084
2016, 10, , , 0.113, 0.141, 0.084
2016, 11, , , 0.113, 0.142, 0.085
2016, 12, , , 0.113, 0.142, 0.085
2017, 1, , , 0.114, 0.143, 0.085
2017, 2, , , 0.114, 0.143, 0.086
2017, 3, , , 0.115, 0.144, 0.086
2017, 4, , , 0.115, 0.144, 0.086
2017, 5, , , 0.116, 0.144, 0.087
2017, 6, , , 0.116, 0.145, 0.087
2017, 7, , , 0.116, 0.145, 0.087
2017, 8, , , 0.117, 0.146, 0.088
2017, 9, , , 0.117, 0.146, 0.088
2017, 10, , , 0.118, 0.147, 0.088
2017, 11, , , 0.118, 0.147, 0.089
2017, 12, , , 0.118, 0.148, 0.089
2018, 1, , , 0.119, 0.148, 0.089
2018, 2, , , 0.119, 0.149, 0.090
2018, 3, , , 0.120, 0.149, 0.090
2018, 4, , , 0.120, 0.150, 0.090
2018, 5, , , 0.120, 0.150, 0.091
2018, 6, , , 0.121, 0.151, 0.091
2018, 7, , , 0.121, 0.151, 0.091
2018, 8, , , 0.122, 0.152, 0.091
2018, 9, , , 0.122, 0.152, 0.092
2018, 10, , , 0.122, 0.153, 0.092
2018, 11, , , 0.123, 0.153, 0.092
2018, 12, , , 0.123, 0.154, 0.093
2019, 1, , , 0.124, 0.154, 0.093
2019, 2, , , 0.124, 0.155, 0.093
2019, 3, , , 0.124, 0.155, 0.094
2019, 4, , , 0.125, 0.156, 0.094
2019, 5, , , 0.125, 0.156, 0.094
2019, 6, , , 0.126, 0.157, 0.095
2019, 7, , , 0.126, 0.157, 0.095
2019, 8, , , 0.127, 0.158, 0.095
2019, 9, , , 0.127, 0.158, 0.096
2019, 10, , , 0.127, 0.159, 0.096
2019, 11, , , 0.128, 0.159, 0.096
2019, 12, , , 0.128, 0.159, 0.097
2020, 1, , , 0.129, 0.160, 0.097
2020, 2, , , 0.129, 0.160, 0.097
2020, 3, , , 0.129, 0.161, 0.098
2020, 4, , , 0.130, 0.161, 0.098
2020, 5, , , 0.130, 0.162, 0.098
2020, 6, , , 0.131, 0.162, 0.099
2020, 7, , , 0.131, 0.163, 0.099
2020, 8, , , 0.131, 0.163, 0.099
2020, 9, , , 0.132, 0.164, 0.100
2020, 10, , , 0.132, 0.164, 0.100
2020, 11, , , 0.133, 0.165, 0.100
2020, 12, , , 0.133, 0.165, 0.101
