Year, Month, Monthly_MSL, Unverified, Linear_Trend, High_Conf., Low_Conf.
1900, 1, , , -0.957, -0.919, -0.996
1900, 2, , , -0.957, -0.918, -0.995
1900, 3, , , -0.956, -0.917, -0.995
1900, 4, , , -0.955, -0.916, -0.994
1900, 5, , , -0.954, -0.916, -0.993
1900, 6, , , -0.954, -0.915, -0.992
1900, 7, , , -0.953, -0.914, -0.991
1900, 8, , , -0.952, -0.914, -0.991
1900, 9, , , -0.951, -0.913, -0.990
1900, 10, , , -0.951, -0.912, -0.989
1900, 11, , , -0.950, -0.911, -0.988
1900, 12, , , -0.949, -0.911, -0.987
1901, 1, , , -0.948, -0.910, -0.987
1901, 2, , , -0.948, -0.909, -0.986
1901, 3, , , -0.947, -0.909, -0.985
1901, 4, , , -0.946, -0.908, -0.984
1901, 5, , , -0.945, -0.907, -0.983
1901, 6, , , -0.945, -0.906, -0.983
1901, 7, , , -0.944, -0.906, -0.982
1901, 8, , , -0.943, -0.905, -0.981
1901, 9, , , -0.942, -0.904, -0.980
1901, 10, , , -0.942, -0.904, -0.979
1901, 11, , , -0.941, -0.903, -0.979
1901, 12, , , -0.940, -0.902, -0.978
1902, 1, , , -0.939, -0.901, -0.977
1902, 2, , , -0.938, -0.901, -0.976
1902, 3, , , -0.938, -0.900, -0.976
1902, 4, , , -0.937, -0.899, -0.975
1902, 5, , , -0.936, -0.898, -0.974
1902, 6, , , -0.935, -0.898, -0.973
1902, 7, , , -0.935, -0.897, -0.972
1902, 8, , , -0.934, -0.896, -0.972
1902, 9, , , -0.933, -0.896, -0.971
1902, 10, , , -0.932, -0.895, -0.970
1902, 11, , , -0.932, -0.894, -0.969
1902, 12, , , -0.931, -0.893, -0.968
1903, 1, , , -0.930, -0.893, -0.968
1903, 2, , , -0.929, -0.892, -0.967
1903, 3, , , -0.929, -0.891, -0.966
1903, 4, , , -0.928, -0.891, -0.965
1903, 5, , , -0.927, -0.890, -0.964
1903, 6, , , -0.926, -0.889, -0.964
1903, 7, , , -0.926, -0.888, -0.963
1903, 8, , , -0.925, -0.888, -0.962
1903, 9, , , -0.924, -0.887, -0.961
1903, 10, , , -0.923, -0.886, -0.960
1903, 11, , , -0.923, -0.886, -0.960
1903, 12, , , -0.922, -0.885, -0.959
1904, 1, , , -0.921, -0.884, -0.958
1904, 2, , , -0.920, -0.883, -0.957
1904, 3, , , -0.920, -0.883, -0.957
1904, 4, , , -0.919, -0.882, -0.956
1904, 5, , , -0.918, -0.881, -0.955
1904, 6, , , -0.917, -0.881, -0.954
1904, 7, , , -0.917, -0.880, -0.953
1904, 8, , , -0.916, -0.879, -0.953
1904, 9, , , -0.915, -0.878, -0.952
1904, 10, , , -0.914, -0.878, -0.951
1904, 11, , , -0.914, -0.877, -0.950
1904, 12, , , -0.913, -0.876, -0.949
1905, 1, , , -0.912, -0.876, -0.949
1905, 2, , , -0.911, -0.875, -0.948
1905, 3, , , -0.911, -0.874, -0.947
1905, 4, , , -0.910, -0.873, -0.946
1905, 5, , , -0.909, -0.873, -0.945
1905, 6, , , -0.908, -0.872, -0.945
1905, 7, , , -0.908, -0.871, -0.944
1905, 8, , , -0.907, -0.871, -0.943
1905, 9, , , -0.906, -0.870, -0.942
1905, 10, , , -0.905, -0.869, -0.942
1905, 11, , , -0.905, -0.868, -0.941
1905, 12, , , -0.904, -0.868, -0.940
1906, 1, , , -0.903, -0.867, -0.939
1906, 2, , , -0.902, -0.866, -0.938
1906, 3, , , -0.902, -0.866, -0.938
1906, 4, , , -0.901, -0.865, -0.937
1906, 5, , , -0.900, -0.864, -0.936
1906, 6, , , -0.899, -0.863, -0.935
1906, 7, , , -0.899, -0.863, -0.934
1906, 8, , , -0.898, -0.862, -0.934
1906, 9, , , -0.897, -0.861, -0.933
1906, 10, , , -0.896, -0.860, -0.932
1906, 11, , , -0.896, -0.860, -0.931
1906, 12, , , -0.895, -0.859, -0.930
1907, 1, , , -0.894, -0.858, -0.930
1907, 2, , , -0.893, -0.858, -0.929
1907, 3, , , -0.892, -0.857, -0.928
1907, 4, , , -0.892, -0.856, -0.927
1907, 5, , , -0.891, -0.855, -0.926
1907, 6, , , -0.890, -0.855, -0.926
1907, 7, , , -0.889, -0.854, -0.925
1907, 8, , , -0.889, -0.853, -0.924
1907, 9, , , -0.888, -0.853, -0.923
1907, 10, , , -0.887, -0.852, -0.923
1907, 11, , , -0.886, -0.851, -0.922
1907, 12, , , -0.886, -0.850, -0.921
1908, 1, , , -0.885, -0.850, -0.920
1908, 2, , , -0.884, -0.849, -0.919
1908, 3, , , -0.883, -0.848, -0.919
1908, 4, , , -0.883, -0.848, -0.918
1908, 5, , , -0.882, -0.847, -0.917
1908, 6, , , -0.881, -0.846, -0.916
1908, 7, , , -0.880, -0.845, -0.915
1908, 8, , , -0.880, -0.845, -0.915
1908, 9, , , -0.879, -0.844, -0.914
1908, 10, , , -0.878, -0.843, -0.913
1908, 11, , , -0.877, -0.843, -0.912
1908, 12, , , -0.877, -0.842, -0.911
1909, 1, , , -0.876, -0.841, -0.911
1909, 2, , , -0.875, -0.840, -0.910
1909, 3, , , -0.874, -0.840, -0.909
1909, 4, , , -0.874, -0.839, -0.908
1909, 5, , , -0.873, -0.838, -0.907
1909, 6, , , -0.872, -0.838, -0.907
1909, 7, , , -0.871, -0.837, -0.906
1909, 8, , , -0.871, -0.836, -0.905
1909, 9, , , -0.870, -0.835, -0.904
1909, 10, , , -0.869, -0.835, -0.904
1909, 11, , , -0.868, -0.834, -0.903
1909, 12, , , -0.868, -0.833, -0.902
1910, 1, , , -0.867, -0.833, -0.901
1910, 2, , , -0.866, -0.832, -0.900
1910, 3, , , -0.865, -0.831, -0.900
1910, 4, , , -0.865, -0.830, -0.899
1910, 5, , , -0.864, -0.830, -0.898
1910, 6, , , -0.863, -0.829, -0.897
1910, 7, , , -0.862, -0.828, -0.896
1910, 8, , , -0.862, -0.828, -0.896
1910, 9, , , -0.861, -0.827, -0.895
1910, 10, , , -0.860, -0.826, -0.894
1910, 11, , , -0.859, -0.825, -0.893
1910, 12, , , -0.859, -0.825, -0.892
1911, 1, , , -0.858, -0.824, -0.892
1911, 2, , , -0.857, -0.823, -0.891
1911, 3, , , -0.856, -0.822, -0.890
1911, 4, , , -0.856, -0.822, -0.889
1911, 5, , , -0.855, -0.821, -0.889
1911, 6, , , -0.854, -0.820, -0.888
1911, 7, , , -0.853, -0.820, -0.887
1911, 8, , , -0.853, -0.819, -0.886
1911, 9, , , -0.852, -0.818, -0.885
1911, 10, , , -0.851, -0.817, -0.885
1911, 11, , , -0.850, -0.817, -0.884
1911, 12, , , -0.850, -0.816, -0.883
1912, 1, , , -0.849, -0.815, -0.882
1912, 2, , , -0.848, -0.815, -0.881
1912, 3, , , -0.847, -0.814, -0.881
1912, 4, , , -0.846, -0.813, -0.880
1912, 5, , , -0.846, -0.812, -0.879
1912, 6, , , -0.845, -0.812, -0.878
1912, 7, , , -0.844, -0.811, -0.877
1912, 8, , , -0.843, -0.810, -0.877
1912, 9, , , -0.843, -0.810, -0.876
1912, 10, , , -0.842, -0.809, -0.875
1912, 11, , , -0.841, -0.808, -0.874
1912, 12, , , -0.840, -0.807, -0.873
1913, 1, , , -0.840, -0.807, -0.873
1913, 2, , , -0.839, -0.806, -0.872
1913, 3, , , -0.838, -0.805, -0.871
1913, 4, , , -0.837, -0.805, -0.870
1913, 5, , , -0.837, -0.804, -0.870
1913, 6, , , -0.836, -0.803, -0.869
1913, 7, , , -0.835, -0.802, -0.868
1913, 8, , , -0.834, -0.802, -0.867
1913, 9, , , -0.834, -0.801, -0.866
1913, 10, , , -0.833, -0.800, -0.866
1913, 11, , , -0.832, -0.800, -0.865
1913, 12, , , -0.831, -0.799, -0.864
1914, 1, , , -0.831, -0.798, -0.863
1914, 2, , , -0.830, -0.797, -0.862
1914, 3, , , -0.829, -0.797, -0.862
1914, 4, , , -0.828, -0.796, -0.861
1914, 5, , , -0.828, -0.795, -0.860
1914, 6, , , -0.827, -0.795, -0.859
1914, 7, , , -0.826, -0.794, -0.858
1914, 8, , , -0.825, -0.793, -0.858
1914, 9, , , -0.825, -0.792, -0.857
1914, 10, , , -0.824, -0.792, -0.856
1914, 11, , , -0.823, -0.791, -0.855
1914, 12, , , -0.822, -0.790, -0.854
1915, 1, , , -0.822, -0.789, -0.854
1915, 2, , , -0.821, -0.789, -0.853
1915, 3, , , -0.820, -0.788, -0.852
1915, 4, , , -0.819, -0.787, -0.851
1915, 5, , , -0.819, -0.787, -0.851
1915, 6, , , -0.818, -0.786, -0.850
1915, 7, , , -0.817, -0.785, -0.849
1915, 8, , , -0.816, -0.784, -0.848
1915, 9, , , -0.816, -0.784, -0.847
1915, 10, , , -0.815, -0.783, -0.847
1915, 11, , , -0.814, -0.782, -0.846
1915, 12, , , -0.813, -0.782, -0.845
1916, 1, , , -0.813, -0.781, -0.844
1916, 2, , , -0.812, -0.780, -0.843
1916, 3, , , -0.811, -0.779, -0.843
1916, 4, , , -0.810, -0.779, -0.842
1916, 5, , , -0.810, -0.778, -0.841
1916, 6, , , -0.809, -0.777, -0.840
1916, 7, , , -0.808, -0.777, -0.839
1916, 8, , , -0.807, -0.776, -0.839
1916, 9, , , -0.807, -0.775, -0.838
1916, 10, , , -0.806, -0.774, -0.837
1916, 11, , , -0.805, -0.774, -0.836
1916, 12, , , -0.804, -0.773, -0.836
1917, 1, , , -0.804, -0.772, -0.835
1917, 2, , , -0.803, -0.772, -0.834
1917, 3, , , -0.802, -0.771, -0.833
1917, 4, , , -0.801, -0.770, -0.832
1917, 5, , , -0.800, -0.769, -0.832
1917, 6, , , -0.800, -0.769, -0.831
1917, 7, , , -0.799, -0.768, -0.830
1917, 8, , , -0.798, -0.767, -0.829
1917, 9, , , -0.797, -0.767, -0.828
1917, 10, , , -0.797, -0.766, -0.828
1917, 11, , , -0.796, -0.765, -0.827
1917, 12, , , -0.795, -0.764, -0.826
1918, 1, , , -0.794, -0.764, -0.825
1918, 2, , , -0.794, -0.763, -0.824
1918, 3, , , -0.793, -0.762, -0.824
1918, 4, , , -0.792, -0.762, -0.823
1918, 5, , , -0.791, -0.761, -0.822
1918, 6, , , -0.791, -0.760, -0.821
1918, 7, , , -0.790, -0.759, -0.820
1918, 8, , , -0.789, -0.759, -0.820
1918, 9, , , -0.788, -0.758, -0.819
1918, 10, , , -0.788, -0.757, -0.818
1918, 11, , , -0.787, -0.756, -0.817
1918, 12, , , -0.786, -0.756, -0.817
1919, 1, , , -0.785, -0.755, -0.816
1919, 2, , , -0.785, -0.754, -0.815
1919, 3, , , -0.784, -0.754, -0.814
1919, 4, , , -0.783, -0.753, -0.813
1919, 5, , , -0.782, -0.752, -0.813
1919, 6, , , -0.782, -0.751, -0.812
1919, 7, , , -0.781, -0.751, -0.811
1919, 8, , , -0.780, -0.750, -0.810
1919, 9, , , -0.779, -0.749, -0.809
1919, 10, , , -0.779, -0.749, -0.809
1919, 11, , , -0.778, -0.748, -0.808
1919, 12, , , -0.777, -0.747, -0.807
1920, 1, , , -0.776, -0.746, -0.806
1920, 2, , , -0.776, -0.746, -0.805
1920, 3, , , -0.775, -0.745, -0.805
1920, 4, , , -0.774, -0.744, -0.804
1920, 5, , , -0.773, -0.744, -0.803
1920, 6, , , -0.773, -0.743, -0.802
1920, 7, , , -0.772, -0.742, -0.802
1920, 8, , , -0.771, -0.741, -0.801
1920, 9, , , -0.770, -0.741, -0.800
1920, 10, , , -0.770, -0.740, -0.799
1920, 11, , , -0.769, -0.739, -0.798
1920, 12, , , -0.768, -0.739, -0.798
1921, 1, , , -0.767, -0.738, -0.797
1921, 2, , , -0.767, -0.737, -0.796
1921, 3, , , -0.766, -0.736, -0.795
1921, 4, , , -0.765, -0.736, -0.794
1921, 5, , , -0.764, -0.735, -0.794
1921, 6, , , -0.764, -0.734, -0.793
1921, 7, , , -0.763, -0.734, -0.792
1921, 8, , , -0.762, -0.733, -0.791
1921, 9, , , -0.761, -0.732, -0.790
1921, 10, , , -0.761, -0.731, -0.790
1921, 11, , , -0.760, -0.731, -0.789
1921, 12, , , -0.759, -0.730, -0.788
1922, 1, , , -0.758, -0.729, -0.787
1922, 2, , , -0.758, -0.729, -0.786
1922, 3, , , -0.757, -0.728, -0.786
1922, 4, , , -0.756, -0.727, -0.785
1922, 5, , , -0.755, -0.726, -0.784
1922, 6, , , -0.754, -0.726, -0.783
1922, 7, , , -0.754, -0.725, -0.783
1922, 8, , , -0.753, -0.724, -0.782
1922, 9, , , -0.752, -0.723, -0.781
1922, 10, , , -0.751, -0.723, -0.780
1922, 11, , , -0.751, -0.722, -0.779
1922, 12, , , -0.750, -0.721, -0.779
1923, 1, , , -0.749, -0.721, -0.778
1923, 2, , , -0.748, -0.720, -0.777
1923, 3, , , -0.748, -0.719, -0.776
1923, 4, , , -0.747, -0.718, -0.775
1923, 5, , , -0.746, -0.718, -0.775
1923, 6, , , -0.745, -0.717, -0.774
1923, 7, , , -0.745, -0.716, -0.773
1923, 8, , , -0.744, -0.716, -0.772
1923, 9, , , -0.743, -0.715, -0.771
1923, 10, , , -0.742, -0.714, -0.771
1923, 11, , , -0.742, -0.713, -0.770
1923, 12, , , -0.741, -0.713, -0.769
1924, 1, , , -0.740, -0.712, -0.768
1924, 2, , , -0.739, -0.711, -0.768
1924, 3, , , -0.739, -0.711, -0.767
1924, 4, , , -0.738, -0.710, -0.766
1924, 5, , , -0.737, -0.709, -0.765
1924, 6, , , -0.736, -0.708, -0.764
1924, 7, , , -0.736, -0.708, -0.764
1924, 8, , , -0.735, -0.707, -0.763
1924, 9, , , -0.734, -0.706, -0.762
1924, 10, , , -0.733, -0.706, -0.761
1924, 11, , , -0.733, -0.705, -0.760
1924, 12, , , -0.732, -0.704, -0.760
1925, 1, , , -0.731, -0.703, -0.759
1925, 2, , , -0.730, -0.703, -0.758
1925, 3, , , -0.730, -0.702, -0.757
1925, 4, , , -0.729, -0.701, -0.756
1925, 5, , , -0.728, -0.701, -0.756
1925, 6, , , -0.727, -0.700, -0.755
1925, 7, , , -0.727, -0.699, -0.754
1925, 8, , , -0.726, -0.698, -0.753
1925, 9, , , -0.725, -0.698, -0.753
1925, 10, , , -0.724, -0.697, -0.752
1925, 11, , , -0.724, -0.696, -0.751
1925, 12, , , -0.723, -0.695, -0.750
1926, 1, , , -0.722, -0.695, -0.749
1926, 2, , , -0.721, -0.694, -0.749
1926, 3, , , -0.721, -0.693, -0.748
1926, 4, , , -0.720, -0.693, -0.747
1926, 5, , , -0.719, -0.692, -0.746
1926, 6, , , -0.718, -0.691, -0.745
1926, 7, , , -0.718, -0.690, -0.745
1926, 8, , , -0.717, -0.690, -0.744
1926, 9, , , -0.716, -0.689, -0.743
1926, 10, , , -0.715, -0.688, -0.742
1926, 11, , , -0.715, -0.688, -0.741
1926, 12, , , -0.714, -0.687, -0.741
1927, 1, , , -0.713, -0.686, -0.740
1927, 2, , , -0.712, -0.685, -0.739
1927, 3, , , -0.712, -0.685, -0.738
1927, 4, , , -0.711, -0.684, -0.737
1927, 5, , , -0.710, -0.683, -0.737
1927, 6, , , -0.709, -0.683, -0.736
1927, 7, , , -0.708, -0.682, -0.735
1927, 8, , , -0.708, -0.681, -0.734
1927, 9, , , -0.707, -0.680, -0.734
1927, 10, , , -0.706, -0.680, -0.733
1927, 11, , , -0.705, -0.679, -0.732
1927, 12, , , -0.705, -0.678, -0.731
1928, 1, , , -0.704, -0.678, -0.730
1928, 2, , , -0.703, -0.677, -0.730
1928, 3, , , -0.702, -0.676, -0.729
1928, 4, , , -0.702, -0.675, -0.728
1928, 5, , , -0.701, -0.675, -0.727
1928, 6, , , -0.700, -0.674, -0.726
1928, 7, , , -0.699, -0.673, -0.726
1928, 8, , , -0.699, -0.673, -0.725
1928, 9, , , -0.698, -0.672, -0.724
1928, 10, , , -0.697, -0.671, -0.723
1928, 11, , , -0.696, -0.670, -0.722
1928, 12, , , -0.696, -0.670, -0.722
1929, 1, , , -0.695, -0.669, -0.721
1929, 2, , , -0.694, -0.668, -0.720
1929, 3, , , -0.693, -0.667, -0.719
1929, 4, , , -0.693, -0.667, -0.719
1929, 5, , , -0.692, -0.666, -0.718
1929, 6, , , -0.691, -0.665, -0.717
1929, 7, , , -0.690, -0.665, -0.716
1929, 8, , , -0.690, -0.664, -0.715
1929, 9, , , -0.689, -0.663, -0.715
1929, 10, , , -0.688, -0.662, -0.714
1929, 11, , , -0.687, -0.662, -0.713
1929, 12, , , -0.687, -0.661, -0.712
1930, 1, , , -0.686, -0.660, -0.711
1930, 2, , , -0.685, -0.660, -0.711
1930, 3, , , -0.684, -0.659, -0.710
1930, 4, , , -0.684, -0.658, -0.709
1930, 5, , , -0.683, -0.657, -0.708
1930, 6, , , -0.682, -0.657, -0.707
1930, 7, , , -0.681, -0.656, -0.707
1930, 8, , , -0.681, -0.655, -0.706
1930, 9, , , -0.680, -0.655, -0.705
1930, 10, , , -0.679, -0.654, -0.704
1930, 11, , , -0.678, -0.653, -0.704
1930, 12, , , -0.678, -0.652, -0.703
1931, 1, , , -0.677, -0.652, -0.702
1931, 2, , , -0.676, -0.651, -0.701
1931, 3, , , -0.675, -0.650, -0.700
1931, 4, , , -0.675, -0.650, -0.700
1931, 5, , , -0.674, -0.649, -0.699
1931, 6, , , -0.673, -0.648, -0.698
1931, 7, , , -0.672, -0.647, -0.697
1931, 8, , , -0.672, -0.647, -0.696
1931, 9, , , -0.671, -0.646, -0.696
1931, 10, , , -0.670, -0.645, -0.695
1931, 11, , , -0.669, -0.644, -0.694
1931, 12, , , -0.669, -0.644, -0.693
1932, 1, , , -0.668, -0.643, -0.692
1932, 2, , , -0.667, -0.642, -0.692
1932, 3, , , -0.666, -0.642, -0.691
1932, 4, , , -0.666, -0.641, -0.690
1932, 5, , , -0.665, -0.640, -0.689
1932, 6, , , -0.664, -0.639, -0.689
1932, 7, , , -0.663, -0.639, -0.688
1932, 8, , , -0.662, -0.638, -0.687
1932, 9, , , -0.662, -0.637, -0.686
1932, 10, , , -0.661, -0.637, -0.685
1932, 11, , , -0.660, -0.636, -0.685
1932, 12, , , -0.659, -0.635, -0.684
1933, 1, , , -0.659, -0.634, -0.683
1933, 2, , , -0.658, -0.634, -0.682
1933, 3, , , -0.657, -0.633, -0.681
1933, 4, , , -0.656, -0.632, -0.681
1933, 5, , , -0.656, -0.632, -0.680
1933, 6, , , -0.655, -0.631, -0.679
1933, 7, , , -0.654, -0.630, -0.678
1933, 8, , , -0.653, -0.629, -0.677
1933, 9, , , -0.653, -0.629, -0.677
1933, 10, , , -0.652, -0.628, -0.676
1933, 11, , , -0.651, -0.627, -0.675
1933, 12, , , -0.650, -0.627, -0.674
1934, 1, , , -0.650, -0.626, -0.674
1934, 2, , , -0.649, -0.625, -0.673
1934, 3, , , -0.648, -0.624, -0.672
1934, 4, , , -0.647, -0.624, -0.671
1934, 5, , , -0.647, -0.623, -0.670
1934, 6, , , -0.646, -0.622, -0.670
1934, 7, , , -0.645, -0.621, -0.669
1934, 8, , , -0.644, -0.621, -0.668
1934, 9, , , -0.644, -0.620, -0.667
1934, 10, , , -0.643, -0.619, -0.666
1934, 11, , , -0.642, -0.619, -0.666
1934, 12, , , -0.641, -0.618, -0.665
1935, 1, , , -0.641, -0.617, -0.664
1935, 2, , , -0.640, -0.616, -0.663
1935, 3, , , -0.639, -0.616, -0.662
1935, 4, , , -0.638, -0.615, -0.662
1935, 5, , , -0.638, -0.614, -0.661
1935, 6, , , -0.637, -0.614, -0.660
1935, 7, , , -0.636, -0.613, -0.659
1935, 8, , , -0.635, -0.612, -0.659
1935, 9, , , -0.635, -0.611, -0.658
1935, 10, , , -0.634, -0.611, -0.657
1935, 11, , , -0.633, -0.610, -0.656
1935, 12, , , -0.632, -0.609, -0.655
1936, 1, , , -0.632, -0.609, -0.655
1936, 2, , , -0.631, -0.608, -0.654
1936, 3, , , -0.630, -0.607, -0.653
1936, 4, , , -0.629, -0.606, -0.652
1936, 5, , , -0.629, -0.606, -0.651
1936, 6, , , -0.628, -0.605, -0.651
1936, 7, , , -0.627, -0.604, -0.650
1936, 8, , , -0.626, -0.604, -0.649
1936, 9, , , -0.626, -0.603, -0.648
1936, 10, , , -0.625, -0.602, -0.647
1936, 11, , , -0.624, -0.601, -0.647
1936, 12, , , -0.623, -0.601, -0.646
1937, 1, , , -0.623, -0.600, -0.645
1937, 2, , , -0.622, -0.599, -0.644
1937, 3, , , -0.621, -0.598, -0.644
1937, 4, , , -0.620, -0.598, -0.643
1937, 5, , , -0.620, -0.597, -0.642
1937, 6, , , -0.619, -0.596, -0.641
1937, 7, , , -0.618, -0.596, -0.640
1937, 8, , , -0.617, -0.595, -0.640
1937, 9, , , -0.616, -0.594, -0.639
1937, 10, , , -0.616, -0.593, -0.638
1937, 11, , , -0.615, -0.593, -0.637
1937, 12, , , -0.614, -0.592, -0.636
1938, 1, , , -0.613, -0.591, -0.636
1938, 2, , , -0.613, -0.591, -0.635
1938, 3, , , -0.612, -0.590, -0.634
1938, 4, , , -0.611, -0.589, -0.633
1938, 5, , , -0.610, -0.588, -0.632
1938, 6, , , -0.610, -0.588, -0.632
1938, 7, , , -0.609, -0.587, -0.631
1938, 8, , , -0.608, -0.586, -0.630
1938, 9, , , -0.607, -0.586, -0.629
1938, 10, , , -0.607, -0.585, -0.629
1938, 11, , , -0.606, -0.584, -0.628
1938, 12, , , -0.605, -0.583, -0.627
1939, 1, , , -0.604, -0.583, -0.626
1939, 2, , , -0.604, -0.582, -0.625
1939, 3, , , -0.603, -0.581, -0.625
1939, 4, , , -0.602, -0.581, -0.624
1939, 5, , , -0.601, -0.580, -0.623
1939, 6, , , -0.601, -0.579, -0.622
1939, 7, , , -0.600, -0.578, -0.621
1939, 8, , , -0.599, -0.578, -0.621
1939, 9, , , -0.598, -0.577, -0.620
1939, 10, , , -0.598, -0.576, -0.619
1939, 11, , , -0.597, -0.575, -0.618
1939, 12, , , -0.596, -0.575, -0.617
1940, 1, , , -0.595, -0.574, -0.617
1940, 2, , , -0.595, -0.573, -0.616
1940, 3, , , -0.594, -0.573, -0.615
1940, 4, , , -0.593, -0.572, -0.614
1940, 5, , , -0.592, -0.571, -0.614
1940, 6, , , -0.592, -0.570, -0.613
1940, 7, , , -0.591, -0.570, -0.612
1940, 8, , , -0.590, -0.569, -0.611
1940, 9, , , -0.589, -0.568, -0.610
1940, 10, , , -0.589, -0.568, -0.610
1940, 11, , , -0.588, -0.567, -0.609
1940, 12, , , -0.587, -0.566, -0.608
1941, 1, , , -0.586, -0.565, -0.607
1941, 2, , , -0.586, -0.565, -0.606
1941, 3, , , -0.585, -0.564, -0.606
1941, 4, , , -0.584, -0.563, -0.605
1941, 5, , , -0.583, -0.563, -0.604
1941, 6, , , -0.583, -0.562, -0.603
1941, 7, , , -0.582, -0.561, -0.603
1941, 8, , , -0.581, -0.560, -0.602
1941, 9, , , -0.580, -0.560, -0.601
1941, 10, , , -0.580, -0.559, -0.600
1941, 11, , , -0.579, -0.558, -0.599
1941, 12, , , -0.578, -0.557, -0.599
1942, 1, , , -0.577, -0.557, -0.598
1942, 2, , , -0.577, -0.556, -0.597
1942, 3, , , -0.576, -0.555, -0.596
1942, 4, , , -0.575, -0.555, -0.595
1942, 5, , , -0.574, -0.554, -0.595
1942, 6, , , -0.574, -0.553, -0.594
1942, 7, , , -0.573, -0.552, -0.593
1942, 8, , , -0.572, -0.552, -0.592
1942, 9, , , -0.571, -0.551, -0.591
1942, 10, , , -0.570, -0.550, -0.591
1942, 11, , , -0.570, -0.550, -0.590
1942, 12, , , -0.569, -0.549, -0.589
1943, 1, , , -0.568, -0.548, -0.588
1943, 2, , , -0.567, -0.547, -0.588
1943, 3, , , -0.567, -0.547, -0.587
1943, 4, , , -0.566, -0.546, -0.586
1943, 5, , , -0.565, -0.545, -0.585
1943, 6, , , -0.564, -0.545, -0.584
1943, 7, , , -0.564, -0.544, -0.584
1943, 8, , , -0.563, -0.543, -0.583
1943, 9, , , -0.562, -0.542, -0.582
1943, 10, , , -0.561, -0.542, -0.581
1943, 11, , , -0.561, -0.541, -0.580
1943, 12, , , -0.560, -0.540, -0.580
1944, 1, , , -0.559, -0.539, -0.579
1944, 2, , , -0.558, -0.539, -0.578
1944, 3, , , -0.558, -0.538, -0.577
1944, 4, , , -0.557, -0.537, -0.577
1944, 5, , , -0.556, -0.537, -0.576
1944, 6, , , -0.555, -0.536, -0.575
1944, 7, , , -0.555, -0.535, -0.574
1944, 8, , , -0.554, -0.534, -0.573
1944, 9, , , -0.553, -0.534, -0.573
1944, 10, , , -0.552, -0.533, -0.572
1944, 11, , , -0.552, -0.532, -0.571
1944, 12, , , -0.551, -0.532, -0.570
1945, 1, , , -0.550, -0.531, -0.569
1945, 2, , , -0.549, -0.530, -0.569
1945, 3, , , -0.549, -0.529, -0.568
1945, 4, , , -0.548, -0.529, -0.567
1945, 5, , , -0.547, -0.528, -0.566
1945, 6, , , -0.546, -0.527, -0.565
1945, 7, , , -0.546, -0.527, -0.565
1945, 8, , , -0.545, -0.526, -0.564
1945, 9, , , -0.544, -0.525, -0.563
1945, 10, , , -0.543, -0.524, -0.562
1945, 11, , , -0.543, -0.524, -0.562
1945, 12, , , -0.542, -0.523, -0.561
1946, 1, , , -0.541, -0.522, -0.560
1946, 2, , , -0.540, -0.521, -0.559
1946, 3, , , -0.540, -0.521, -0.558
1946, 4, , , -0.539, -0.520, -0.558
1946, 5, , , -0.538, -0.519, -0.557
1946, 6, , , -0.537, -0.519, -0.556
1946, 7, , , -0.537, -0.518, -0.555
1946, 8, , , -0.536, -0.517, -0.554
1946, 9, , , -0.535, -0.516, -0.554
1946, 10, , , -0.534, -0.516, -0.553
1946, 11, , , -0.534, -0.515, -0.552
1946, 12, , , -0.533, -0.514, -0.551
1947, 1, -0.448, U, -0.532, -0.514, -0.551
1947, 2, -0.538, U, -0.531, -0.513, -0.550
1947, 3, -0.495, U, -0.531, -0.512, -0.549
1947, 4, -0.495, U, -0.530, -0.511, -0.548
1947, 5, -0.475, U, -0.529, -0.511, -0.547
1947, 6, -0.470, U, -0.528, -0.510, -0.547
1947, 7, -0.522, U, -0.528, -0.509, -0.546
1947, 8, -0.453, U, -0.527, -0.508, -0.545
1947, 9, -0.528, U, -0.526, -0.508, -0.544
1947, 10, -0.503, U, -0.525, -0.507, -0.543
1947, 11, -0.405, U, -0.524, -0.506, -0.543
1947, 12, -0.410, U, -0.524, -0.506, -0.542
1948, 1, -0.494, U, -0.523, -0.505, -0.541
1948, 2, -0.502, U, -0.522, -0.504, -0.540
1948, 3, -0.321, U, -0.521, -0.503, -0.539
1948, 4, -0.389, U, -0.521, -0.503, -0.539
1948, 5, -0.460, U, -0.520, -0.502, -0.538
1948, 6, -0.504, U, -0.519, -0.501, -0.537
1948, 7, -0.430, U, -0.518, -0.501, -0.536
1948, 8, -0.444, U, -0.518, -0.500, -0.536
1948, 9, -0.419, U, -0.517, -0.499, -0.535
1948, 10, -0.448, U, -0.516, -0.498, -0.534
1948, 11, -0.412, U, -0.515, -0.498, -0.533
1948, 12, -0.468, U, -0.515, -0.497, -0.532
1949, 1, -0.448, U, -0.514, -0.496, -0.532
1949, 2, -0.413, U, -0.513, -0.496, -0.531
1949, 3, -0.440, U, -0.512, -0.495, -0.530
1949, 4, -0.486, U, -0.512, -0.494, -0.529
1949, 5, -0.481, U, -0.511, -0.493, -0.528
1949, 6, -0.476, U, -0.510, -0.493, -0.528
1949, 7, -0.442, U, -0.509, -0.492, -0.527
1949, 8, -0.529, U, -0.509, -0.491, -0.526
1949, 9, -0.458, U, -0.508, -0.490, -0.525
1949, 10, -0.359, U, -0.507, -0.490, -0.525
1949, 11, -0.543, U, -0.506, -0.489, -0.524
1949, 12, -0.440, U, -0.506, -0.488, -0.523
1950, 1, -0.311, U, -0.505, -0.488, -0.522
1950, 2, -0.377, U, -0.504, -0.487, -0.521
1950, 3, -0.434, U, -0.503, -0.486, -0.521
1950, 4, -0.446, U, -0.503, -0.485, -0.520
1950, 5, -0.518, U, -0.502, -0.485, -0.519
1950, 6, -0.522, U, -0.501, -0.484, -0.518
1950, 7, -0.473, U, -0.500, -0.483, -0.517
1950, 8, -0.416, U, -0.500, -0.483, -0.517
1950, 9, -0.486, U, -0.499, -0.482, -0.516
1950, 10, -0.475, U, -0.498, -0.481, -0.515
1950, 11, -0.567, U, -0.497, -0.480, -0.514
1950, 12, -0.513, U, -0.497, -0.480, -0.514
1951, 1, -0.491, U, -0.496, -0.479, -0.513
1951, 2, -0.514, U, -0.495, -0.478, -0.512
1951, 3, -0.449, U, -0.494, -0.477, -0.511
1951, 4, -0.510, U, -0.494, -0.477, -0.510
1951, 5, -0.564, U, -0.493, -0.476, -0.510
1951, 6, -0.549, U, -0.492, -0.475, -0.509
1951, 7, -0.506, U, -0.491, -0.475, -0.508
1951, 8, -0.526, U, -0.491, -0.474, -0.507
1951, 9, -0.531, U, -0.490, -0.473, -0.506
1951, 10, -0.518, U, -0.489, -0.472, -0.506
1951, 11, -0.555, U, -0.488, -0.472, -0.505
1951, 12, -0.422, U, -0.488, -0.471, -0.504
1952, 1, -0.405, U, -0.487, -0.470, -0.503
1952, 2, -0.419, U, -0.486, -0.470, -0.503
1952, 3, -0.434, U, -0.485, -0.469, -0.502
1952, 4, -0.538, U, -0.485, -0.468, -0.501
1952, 5, -0.497, U, -0.484, -0.467, -0.500
1952, 6, -0.537, U, -0.483, -0.467, -0.499
1952, 7, -0.454, U, -0.482, -0.466, -0.499
1952, 8, -0.547, U, -0.482, -0.465, -0.498
1952, 9, -0.519, U, -0.481, -0.464, -0.497
1952, 10, -0.628, U, -0.480, -0.464, -0.496
1952, 11, -0.582, U, -0.479, -0.463, -0.495
1952, 12, -0.504, U, -0.478, -0.462, -0.495
1953, 1, -0.552, U, -0.478, -0.462, -0.494
1953, 2, -0.496, U, -0.477, -0.461, -0.493
1953, 3, -0.489, U, -0.476, -0.460, -0.492
1953, 4, -0.501, U, -0.475, -0.459, -0.492
1953, 5, -0.475, U, -0.475, -0.459, -0.491
1953, 6, -0.406, U, -0.474, -0.458, -0.490
1953, 7, -0.512, U, -0.473, -0.457, -0.489
1953, 8, -0.502, U, -0.472, -0.457, -0.488
1953, 9, -0.513, U, -0.472, -0.456, -0.488
1953, 10, -0.536, U, -0.471, -0.455, -0.487
1953, 11, -0.552, U, -0.470, -0.454, -0.486
1953, 12, -0.513, U, -0.469, -0.454, -0.485
1954, 1, -0.500, U, -0.469, -0.453, -0.484
1954, 2, -0.483, U, -0.468, -0.452, -0.484
1954, 3, -0.544, U, -0.467, -0.451, -0.483
1954, 4, -0.523, U, -0.466, -0.451, -0.482
1954, 5, -0.484, U, -0.466, -0.450, -0.481
1954, 6, -0.568, U, -0.465, -0.449, -0.481
1954, 7, -0.573, U, -0.464, -0.449, -0.480
1954, 8, -0.566, U, -0.463, -0.448, -0.479
1954, 9, -0.495, U, -0.463, -0.447, -0.478
1954, 10, -0.512, U, -0.462, -0.446, -0.477
1954, 11, -0.579, U, -0.461, -0.446, -0.477
1954, 12, -0.614, U, -0.460, -0.445, -0.476
1955, 1, -0.518, U, -0.460, -0.444, -0.475
1955, 2, -0.468, U, -0.459, -0.443, -0.474
1955, 3, -0.541, U, -0.458, -0.443, -0.473
1955, 4, -0.471, U, -0.457, -0.442, -0.473
1955, 5, -0.503, U, -0.457, -0.441, -0.472
1955, 6, -0.504, U, -0.456, -0.441, -0.471
1955, 7, -0.433, U, -0.455, -0.440, -0.470
1955, 8, -0.492, U, -0.454, -0.439, -0.470
1955, 9, -0.510, U, -0.454, -0.438, -0.469
1955, 10, -0.524, U, -0.453, -0.438, -0.468
1955, 11, -0.494, U, -0.452, -0.437, -0.467
1955, 12, -0.498, U, -0.451, -0.436, -0.466
1956, 1, -0.527, U, -0.451, -0.436, -0.466
1956, 2, -0.462, U, -0.450, -0.435, -0.465
1956, 3, -0.486, U, -0.449, -0.434, -0.464
1956, 4, -0.514, U, -0.448, -0.433, -0.463
1956, 5, -0.497, U, -0.448, -0.433, -0.462
1956, 6, -0.498, U, -0.447, -0.432, -0.462
1956, 7, -0.531, U, -0.446, -0.431, -0.461
1956, 8, -0.547, U, -0.445, -0.430, -0.460
1956, 9, -0.477, U, -0.445, -0.430, -0.459
1956, 10, -0.490, U, -0.444, -0.429, -0.459
1956, 11, -0.506, U, -0.443, -0.428, -0.458
1956, 12, -0.571, U, -0.442, -0.428, -0.457
1957, 1, -0.518, U, -0.442, -0.427, -0.456
1957, 2, -0.401, U, -0.441, -0.426, -0.455
1957, 3, -0.480, U, -0.440, -0.425, -0.455
1957, 4, -0.419, U, -0.439, -0.425, -0.454
1957, 5, -0.411, U, -0.439, -0.424, -0.453
1957, 6, -0.339, U, -0.438, -0.423, -0.452
1957, 7, -0.424, U, -0.437, -0.423, -0.452
1957, 8, -0.444, U, -0.436, -0.422, -0.451
1957, 9, -0.419, U, -0.436, -0.421, -0.450
1957, 10, -0.430, U, -0.435, -0.420, -0.449
1957, 11, -0.384, U, -0.434, -0.420, -0.448
1957, 12, -0.480, U, -0.433, -0.419, -0.448
1958, 1, -0.445, U, -0.432, -0.418, -0.447
1958, 2, -0.547, U, -0.432, -0.417, -0.446
1958, 3, -0.486, U, -0.431, -0.417, -0.445
1958, 4, -0.474, U, -0.430, -0.416, -0.444
1958, 5, -0.484, U, -0.429, -0.415, -0.444
1958, 6, -0.440, U, -0.429, -0.415, -0.443
1958, 7, -0.433, U, -0.428, -0.414, -0.442
1958, 8, -0.462, U, -0.427, -0.413, -0.441
1958, 9, -0.394, U, -0.426, -0.412, -0.441
1958, 10, -0.369, U, -0.426, -0.412, -0.440
1958, 11, -0.402, U, -0.425, -0.411, -0.439
1958, 12, -0.459, U, -0.424, -0.410, -0.438
1959, 1, -0.469, U, -0.423, -0.409, -0.437
1959, 2, -0.453, U, -0.423, -0.409, -0.437
1959, 3, -0.474, U, -0.422, -0.408, -0.436
1959, 4, -0.474, U, -0.421, -0.407, -0.435
1959, 5, -0.436, U, -0.420, -0.407, -0.434
1959, 6, -0.425, U, -0.420, -0.406, -0.434
1959, 7, -0.464, U, -0.419, -0.405, -0.433
1959, 8, -0.425, U, -0.418, -0.404, -0.432
1959, 9, -0.480, U, -0.417, -0.404, -0.431
1959, 10, -0.439, U, -0.417, -0.403, -0.430
1959, 11, -0.497, U, -0.416, -0.402, -0.430
1959, 12, -0.474, U, -0.415, -0.401, -0.429
1960, 1, , , -0.414, -0.401, -0.428
1960, 2, , , -0.414, -0.400, -0.427
1960, 3, , , -0.413, -0.399, -0.426
1960, 4, , , -0.412, -0.399, -0.426
1960, 5, , , -0.411, -0.398, -0.425
1960, 6, -0.452, U, -0.411, -0.397, -0.424
1960, 7, -0.436, U, -0.410, -0.396, -0.423
1960, 8, -0.410, U, -0.409, -0.396, -0.423
1960, 9, -0.458, U, -0.408, -0.395, -0.422
1960, 10, -0.475, U, -0.408, -0.394, -0.421
1960, 11, -0.485, U, -0.407, -0.393, -0.420
1960, 12, -0.437, U, -0.406, -0.393, -0.419
1961, 1, -0.485, U, -0.405, -0.392, -0.419
1961, 2, -0.425, U, -0.405, -0.391, -0.418
1961, 3, -0.367, U, -0.404, -0.391, -0.417
1961, 4, -0.456, U, -0.403, -0.390, -0.416
1961, 5, -0.451, U, -0.402, -0.389, -0.416
1961, 6, -0.455, U, -0.402, -0.388, -0.415
1961, 7, -0.354, U, -0.401, -0.388, -0.414
1961, 8, -0.364, U, -0.400, -0.387, -0.413
1961, 9, -0.303, U, -0.399, -0.386, -0.412
1961, 10, -0.405, U, -0.399, -0.385, -0.412
1961, 11, -0.344, U, -0.398, -0.385, -0.411
1961, 12, -0.303, U, -0.397, -0.384, -0.410
1962, 1, -0.460, U, -0.396, -0.383, -0.409
1962, 2, -0.419, U, -0.396, -0.383, -0.408
1962, 3, -0.370, U, -0.395, -0.382, -0.408
1962, 4, -0.437, U, -0.394, -0.381, -0.407
1962, 5, -0.454, U, -0.393, -0.380, -0.406
1962, 6, -0.440, U, -0.393, -0.380, -0.405
1962, 7, -0.491, U, -0.392, -0.379, -0.405
1962, 8, -0.428, U, -0.391, -0.378, -0.404
1962, 9, -0.452, U, -0.390, -0.377, -0.403
1962, 10, -0.484, U, -0.390, -0.377, -0.402
1962, 11, -0.497, U, -0.389, -0.376, -0.401
1962, 12, -0.495, U, -0.388, -0.375, -0.401
1963, 1, -0.415, U, -0.387, -0.375, -0.400
1963, 2, -0.505, U, -0.386, -0.374, -0.399
1963, 3, -0.461, U, -0.386, -0.373, -0.398
1963, 4, -0.428, U, -0.385, -0.372, -0.398
1963, 5, -0.518, U, -0.384, -0.372, -0.397
1963, 6, -0.485, U, -0.383, -0.371, -0.396
1963, 7, -0.497, U, -0.383, -0.370, -0.395
1963, 8, -0.514, U, -0.382, -0.369, -0.394
1963, 9, -0.434, U, -0.381, -0.369, -0.394
1963, 10, -0.454, U, -0.380, -0.368, -0.393
1963, 11, -0.418, U, -0.380, -0.367, -0.392
1963, 12, -0.520, U, -0.379, -0.367, -0.391
1964, 1, -0.524, U, -0.378, -0.366, -0.391
1964, 2, -0.499, U, -0.377, -0.365, -0.390
1964, 3, -0.443, U, -0.377, -0.364, -0.389
1964, 4, -0.465, U, -0.376, -0.364, -0.388
1964, 5, -0.430, U, -0.375, -0.363, -0.387
1964, 6, -0.482, U, -0.374, -0.362, -0.387
1964, 7, -0.479, U, -0.374, -0.361, -0.386
1964, 8, -0.435, U, -0.373, -0.361, -0.385
1964, 9, -0.446, U, -0.372, -0.360, -0.384
1964, 10, -0.451, U, -0.371, -0.359, -0.384
1964, 11, -0.436, U, -0.371, -0.359, -0.383
1964, 12, -0.392, U, -0.370, -0.358, -0.382
1965, 1, -0.399, U, -0.369, -0.357, -0.381
1965, 2, -0.389, U, -0.368, -0.356, -0.380
1965, 3, -0.474, U, -0.368, -0.356, -0.380
1965, 4, -0.450, U, -0.367, -0.355, -0.379
1965, 5, -0.439, U, -0.366, -0.354, -0.378
1965, 6, -0.394, U, -0.365, -0.353, -0.377
1965, 7, -0.439, U, -0.365, -0.353, -0.377
1965, 8, -0.398, U, -0.364, -0.352, -0.376
1965, 9, -0.285, U, -0.363, -0.351, -0.375
1965, 10, -0.362, U, -0.362, -0.351, -0.374
1965, 11, -0.314, U, -0.362, -0.350, -0.373
1965, 12, -0.321, U, -0.361, -0.349, -0.373
1966, 1, -0.290, U, -0.360, -0.348, -0.372
1966, 2, -0.349, U, -0.359, -0.348, -0.371
1966, 3, -0.382, U, -0.359, -0.347, -0.370
1966, 4, -0.401, U, -0.358, -0.346, -0.370
1966, 5, -0.314, U, -0.357, -0.345, -0.369
1966, 6, -0.412, U, -0.356, -0.345, -0.368
1966, 7, -0.415, U, -0.356, -0.344, -0.367
1966, 8, -0.444, U, -0.355, -0.343, -0.366
1966, 9, -0.458, U, -0.354, -0.342, -0.366
1966, 10, -0.430, U, -0.353, -0.342, -0.365
1966, 11, -0.445, U, -0.353, -0.341, -0.364
1966, 12, -0.398, U, -0.352, -0.340, -0.363
1967, 1, -0.378, U, -0.351, -0.340, -0.363
1967, 2, -0.377, U, -0.350, -0.339, -0.362
1967, 3, -0.413, U, -0.350, -0.338, -0.361
1967, 4, -0.334, U, -0.349, -0.337, -0.360
1967, 5, -0.384, U, -0.348, -0.337, -0.359
1967, 6, -0.290, U, -0.347, -0.336, -0.359
1967, 7, -0.369, U, -0.347, -0.335, -0.358
1967, 8, -0.343, U, -0.346, -0.334, -0.357
1967, 9, -0.403, U, -0.345, -0.334, -0.356
1967, 10, -0.439, U, -0.344, -0.333, -0.356
1967, 11, -0.363, U, -0.344, -0.332, -0.355
1967, 12, -0.300, U, -0.343, -0.331, -0.354
1968, 1, -0.347, U, -0.342, -0.331, -0.353
1968, 2, -0.383, U, -0.341, -0.330, -0.352
1968, 3, -0.458, U, -0.340, -0.329, -0.352
1968, 4, -0.398, U, -0.340, -0.329, -0.351
1968, 5, -0.448, U, -0.339, -0.328, -0.350
1968, 6, -0.452, U, -0.338, -0.327, -0.349
1968, 7, -0.366, U, -0.337, -0.326, -0.349
1968, 8, -0.380, U, -0.337, -0.326, -0.348
1968, 9, -0.410, U, -0.336, -0.325, -0.347
1968, 10, -0.417, U, -0.335, -0.324, -0.346
1968, 11, -0.463, U, -0.334, -0.323, -0.345
1968, 12, -0.437, U, -0.334, -0.323, -0.345
1969, 1, -0.320, U, -0.333, -0.322, -0.344
1969, 2, -0.276, U, -0.332, -0.321, -0.343
1969, 3, -0.327, U, -0.331, -0.321, -0.342
1969, 4, -0.343, U, -0.331, -0.320, -0.342
1969, 5, -0.356, U, -0.330, -0.319, -0.341
1969, 6, -0.351, U, -0.329, -0.318, -0.340
1969, 7, -0.372, U, -0.328, -0.318, -0.339
1969, 8, -0.294, U, -0.328, -0.317, -0.338
1969, 9, -0.403, U, -0.327, -0.316, -0.338
1969, 10, -0.283, U, -0.326, -0.315, -0.337
1969, 11, -0.405, U, -0.325, -0.315, -0.336
1969, 12, -0.370, U, -0.325, -0.314, -0.335
1970, 1, -0.399, U, -0.324, -0.313, -0.335
1970, 2, -0.419, U, -0.323, -0.312, -0.334
1970, 3, -0.306, U, -0.322, -0.312, -0.333
1970, 4, -0.288, U, -0.322, -0.311, -0.332
1970, 5, -0.253, U, -0.321, -0.310, -0.332
1970, 6, -0.303, U, -0.320, -0.309, -0.331
1970, 7, -0.299, U, -0.319, -0.309, -0.330
1970, 8, -0.267, U, -0.319, -0.308, -0.329
1970, 9, -0.306, U, -0.318, -0.307, -0.328
1970, 10, -0.231, U, -0.317, -0.307, -0.328
1970, 11, -0.390, U, -0.316, -0.306, -0.327
1970, 12, -0.264, U, -0.316, -0.305, -0.326
1971, 1, -0.250, U, -0.315, -0.304, -0.325
1971, 2, -0.288, U, -0.314, -0.304, -0.325
1971, 3, -0.352, U, -0.313, -0.303, -0.324
1971, 4, -0.358, U, -0.313, -0.302, -0.323
1971, 5, -0.393, U, -0.312, -0.301, -0.322
1971, 6, -0.449, U, -0.311, -0.301, -0.321
1971, 7, -0.360, U, -0.310, -0.300, -0.321
1971, 8, -0.337, U, -0.310, -0.299, -0.320
1971, 9, -0.251, U, -0.309, -0.298, -0.319
1971, 10, -0.262, U, -0.308, -0.298, -0.318
1971, 11, -0.226, U, -0.307, -0.297, -0.318
1971, 12, -0.160, U, -0.307, -0.296, -0.317
1972, 1, -0.180, U, -0.306, -0.295, -0.316
1972, 2, , , -0.305, -0.295, -0.315
1972, 3, -0.285, U, -0.304, -0.294, -0.315
1972, 4, , , -0.304, -0.293, -0.314
1972, 5, , , -0.303, -0.293, -0.313
1972, 6, , , -0.302, -0.292, -0.312
1972, 7, , , -0.301, -0.291, -0.311
1972, 8, , , -0.301, -0.290, -0.311
1972, 9, , , -0.300, -0.290, -0.310
1972, 10, -0.183, U, -0.299, -0.289, -0.309
1972, 11, -0.201, U, -0.298, -0.288, -0.308
1972, 12, -0.203, U, -0.298, -0.287, -0.308
1973, 1, -0.165, U, -0.297, -0.287, -0.307
1973, 2, -0.237, U, -0.296, -0.286, -0.306
1973, 3, -0.141, U, -0.295, -0.285, -0.305
1973, 4, -0.181, U, -0.294, -0.284, -0.305
1973, 5, -0.265, U, -0.294, -0.284, -0.304
1973, 6, -0.263, U, -0.293, -0.283, -0.303
1973, 7, -0.299, U, -0.292, -0.282, -0.302
1973, 8, -0.252, U, -0.291, -0.281, -0.301
1973, 9, -0.227, U, -0.291, -0.281, -0.301
1973, 10, -0.195, U, -0.290, -0.280, -0.300
1973, 11, -0.165, U, -0.289, -0.279, -0.299
1973, 12, -0.215, U, -0.288, -0.278, -0.298
1974, 1, -0.168, U, -0.288, -0.278, -0.298
1974, 2, -0.243, U, -0.287, -0.277, -0.297
1974, 3, -0.245, U, -0.286, -0.276, -0.296
1974, 4, -0.181, U, -0.285, -0.276, -0.295
1974, 5, -0.143, U, -0.285, -0.275, -0.295
1974, 6, -0.217, U, -0.284, -0.274, -0.294
1974, 7, -0.269, U, -0.283, -0.273, -0.293
1974, 8, -0.273, U, -0.282, -0.273, -0.292
1974, 9, -0.208, U, -0.282, -0.272, -0.291
1974, 10, -0.228, U, -0.281, -0.271, -0.291
1974, 11, -0.256, U, -0.280, -0.270, -0.290
1974, 12, -0.260, U, -0.279, -0.270, -0.289
1975, 1, -0.186, U, -0.279, -0.269, -0.288
1975, 2, -0.142, U, -0.278, -0.268, -0.288
1975, 3, -0.166, U, -0.277, -0.267, -0.287
1975, 4, -0.181, U, -0.276, -0.267, -0.286
1975, 5, -0.174, U, -0.276, -0.266, -0.285
1975, 6, -0.175, U, -0.275, -0.265, -0.285
1975, 7, -0.174, U, -0.274, -0.264, -0.284
1975, 8, -0.172, U, -0.273, -0.264, -0.283
1975, 9, -0.154, U, -0.273, -0.263, -0.282
1975, 10, -0.259, U, -0.272, -0.262, -0.282
1975, 11, -0.168, U, -0.271, -0.261, -0.281
1975, 12, -0.169, U, -0.270, -0.261, -0.280
1976, 1, , , -0.270, -0.260, -0.279
1976, 2, , , -0.269, -0.259, -0.278
1976, 3, , , -0.268, -0.258, -0.278
1976, 4, , , -0.267, -0.258, -0.277
1976, 5, , , -0.267, -0.257, -0.276
1976, 6, , , -0.266, -0.256, -0.275
1976, 7, , , -0.265, -0.255, -0.275
1976, 8, , , -0.264, -0.255, -0.274
1976, 9, , , -0.264, -0.254, -0.273
1976, 10, , , -0.263, -0.253, -0.272
1976, 11, , , -0.262, -0.253, -0.272
1976, 12, , , -0.261, -0.252, -0.271
1977, 1, , , -0.261, -0.251, -0.270
1977, 2, , , -0.260, -0.250, -0.269
1977, 3, , , -0.259, -0.250, -0.269
1977, 4, , , -0.258, -0.249, -0.268
1977, 5, , , -0.258, -0.248, -0.267
1977, 6, , , -0.257, -0.247, -0.266
1977, 7, , , -0.256, -0.247, -0.266
1977, 8, -0.175, U, -0.255, -0.246, -0.265
1977, 9, -0.166, U, -0.255, -0.245, -0.264
1977, 10, -0.280, U, -0.254, -0.244, -0.263
1977, 11, -0.201, U, -0.253, -0.244, -0.262
1977, 12, -0.242, U, -0.252, -0.243, -0.262
1978, 1, -0.277, , -0.252, -0.242, -0.261
1978, 2, -0.304, , -0.251, -0.241, -0.260
1978, 3, -0.333, , -0.250, -0.241, -0.259
1978, 4, -0.261, , -0.249, -0.240, -0.259
1978, 5, -0.210, , -0.248, -0.239, -0.258
1978, 6, -0.223, , -0.248, -0.238, -0.257
1978, 7, -0.241, , -0.247, -0.238, -0.256
1978, 8, -0.252, , -0.246, -0.237, -0.256
1978, 9, -0.251, , -0.245, -0.236, -0.255
1978, 10, -0.231, , -0.245, -0.235, -0.254
1978, 11, -0.186, , -0.244, -0.235, -0.253
1978, 12, -0.209, , -0.243, -0.234, -0.253
1979, 1, -0.259, , -0.242, -0.233, -0.252
1979, 2, -0.240, , -0.242, -0.232, -0.251
1979, 3, -0.193, , -0.241, -0.232, -0.250
1979, 4, -0.093, , -0.240, -0.231, -0.250
1979, 5, -0.174, , -0.239, -0.230, -0.249
1979, 6, -0.211, , -0.239, -0.229, -0.248
1979, 7, -0.122, , -0.238, -0.229, -0.247
1979, 8, -0.172, , -0.237, -0.228, -0.247
1979, 9, -0.144, , -0.236, -0.227, -0.246
1979, 10, -0.253, , -0.236, -0.226, -0.245
1979, 11, -0.244, , -0.235, -0.226, -0.244
1979, 12, -0.227, , -0.234, -0.225, -0.243
1980, 1, -0.146, , -0.233, -0.224, -0.243
1980, 2, -0.182, , -0.233, -0.223, -0.242
1980, 3, -0.221, , -0.232, -0.223, -0.241
1980, 4, -0.175, , -0.231, -0.222, -0.240
1980, 5, -0.192, , -0.230, -0.221, -0.240
1980, 6, -0.248, , -0.230, -0.220, -0.239
1980, 7, -0.232, , -0.229, -0.220, -0.238
1980, 8, -0.197, , -0.228, -0.219, -0.237
1980, 9, -0.248, , -0.227, -0.218, -0.237
1980, 10, -0.341, , -0.227, -0.217, -0.236
1980, 11, -0.244, , -0.226, -0.217, -0.235
1980, 12, -0.239, , -0.225, -0.216, -0.234
1981, 1, -0.287, , -0.224, -0.215, -0.234
1981, 2, -0.218, , -0.224, -0.214, -0.233
1981, 3, -0.257, , -0.223, -0.214, -0.232
1981, 4, -0.224, , -0.222, -0.213, -0.231
1981, 5, -0.183, , -0.221, -0.212, -0.231
1981, 6, -0.181, , -0.221, -0.211, -0.230
1981, 7, -0.177, , -0.220, -0.211, -0.229
1981, 8, -0.188, , -0.219, -0.210, -0.228
1981, 9, -0.297, , -0.218, -0.209, -0.228
1981, 10, -0.262, , -0.218, -0.208, -0.227
1981, 11, -0.180, , -0.217, -0.208, -0.226
1981, 12, -0.209, , -0.216, -0.207, -0.225
1982, 1, -0.195, , -0.215, -0.206, -0.225
1982, 2, -0.169, , -0.215, -0.205, -0.224
1982, 3, -0.154, , -0.214, -0.205, -0.223
1982, 4, -0.187, , -0.213, -0.204, -0.222
1982, 5, -0.204, , -0.212, -0.203, -0.222
1982, 6, -0.199, , -0.212, -0.202, -0.221
1982, 7, -0.247, , -0.211, -0.201, -0.220
1982, 8, -0.236, , -0.210, -0.201, -0.219
1982, 9, -0.236, , -0.209, -0.200, -0.219
1982, 10, -0.180, , -0.209, -0.199, -0.218
1982, 11, -0.149, , -0.208, -0.198, -0.217
1982, 12, -0.029, , -0.207, -0.198, -0.216
1983, 1, -0.058, , -0.206, -0.197, -0.216
1983, 2, -0.072, , -0.206, -0.196, -0.215
1983, 3, -0.096, , -0.205, -0.195, -0.214
1983, 4, -0.160, , -0.204, -0.195, -0.213
1983, 5, -0.103, , -0.203, -0.194, -0.213
1983, 6, -0.083, , -0.202, -0.193, -0.212
1983, 7, -0.134, , -0.202, -0.192, -0.211
1983, 8, -0.197, , -0.201, -0.192, -0.210
1983, 9, -0.227, , -0.200, -0.191, -0.210
1983, 10, -0.158, , -0.199, -0.190, -0.209
1983, 11, -0.104, , -0.199, -0.189, -0.208
1983, 12, -0.139, , -0.198, -0.189, -0.207
1984, 1, -0.143, , -0.197, -0.188, -0.207
1984, 2, -0.188, , -0.196, -0.187, -0.206
1984, 3, -0.190, , -0.196, -0.186, -0.205
1984, 4, -0.181, , -0.195, -0.186, -0.204
1984, 5, -0.143, , -0.194, -0.185, -0.204
1984, 6, -0.129, , -0.193, -0.184, -0.203
1984, 7, -0.116, , -0.193, -0.183, -0.202
1984, 8, -0.121, , -0.192, -0.183, -0.201
1984, 9, -0.141, , -0.191, -0.182, -0.201
1984, 10, -0.103, , -0.190, -0.181, -0.200
1984, 11, -0.095, , -0.190, -0.180, -0.199
1984, 12, -0.044, , -0.189, -0.180, -0.198
1985, 1, -0.137, , -0.188, -0.179, -0.198
1985, 2, -0.172, , -0.187, -0.178, -0.197
1985, 3, -0.132, , -0.187, -0.177, -0.196
1985, 4, -0.142, , -0.186, -0.176, -0.195
1985, 5, -0.155, , -0.185, -0.176, -0.195
1985, 6, -0.184, , -0.184, -0.175, -0.194
1985, 7, -0.195, , -0.184, -0.174, -0.193
1985, 8, -0.111, , -0.183, -0.173, -0.192
1985, 9, -0.114, , -0.182, -0.173, -0.192
1985, 10, -0.003, , -0.181, -0.172, -0.191
1985, 11, -0.070, , -0.181, -0.171, -0.190
1985, 12, -0.139, , -0.180, -0.170, -0.189
1986, 1, -0.162, , -0.179, -0.170, -0.189
1986, 2, -0.127, , -0.178, -0.169, -0.188
1986, 3, -0.215, , -0.178, -0.168, -0.187
1986, 4, -0.148, , -0.177, -0.167, -0.186
1986, 5, -0.091, , -0.176, -0.167, -0.186
1986, 6, -0.111, , -0.175, -0.166, -0.185
1986, 7, -0.198, , -0.175, -0.165, -0.184
1986, 8, -0.212, , -0.174, -0.164, -0.183
1986, 9, -0.163, , -0.173, -0.164, -0.183
1986, 10, -0.076, , -0.172, -0.163, -0.182
1986, 11, -0.037, , -0.172, -0.162, -0.181
1986, 12, -0.090, , -0.171, -0.161, -0.180
1987, 1, -0.140, , -0.170, -0.160, -0.180
1987, 2, -0.115, , -0.169, -0.160, -0.179
1987, 3, -0.029, , -0.169, -0.159, -0.178
1987, 4, -0.257, , -0.168, -0.158, -0.177
1987, 5, -0.192, , -0.167, -0.157, -0.177
1987, 6, -0.114, , -0.166, -0.157, -0.176
1987, 7, -0.098, , -0.166, -0.156, -0.175
1987, 8, -0.206, , -0.165, -0.155, -0.174
1987, 9, -0.230, , -0.164, -0.154, -0.174
1987, 10, -0.277, , -0.163, -0.154, -0.173
1987, 11, -0.159, , -0.163, -0.153, -0.172
1987, 12, -0.126, , -0.162, -0.152, -0.171
1988, 1, -0.174, , -0.161, -0.151, -0.171
1988, 2, -0.191, , -0.160, -0.151, -0.170
1988, 3, -0.215, , -0.159, -0.150, -0.169
1988, 4, -0.181, , -0.159, -0.149, -0.169
1988, 5, -0.231, , -0.158, -0.148, -0.168
1988, 6, -0.178, , -0.157, -0.147, -0.167
1988, 7, -0.192, , -0.156, -0.147, -0.166
1988, 8, -0.194, , -0.156, -0.146, -0.166
1988, 9, -0.138, , -0.155, -0.145, -0.165
1988, 10, -0.207, , -0.154, -0.144, -0.164
1988, 11, -0.165, , -0.153, -0.144, -0.163
1988, 12, -0.175, , -0.153, -0.143, -0.163
1989, 1, -0.098, , -0.152, -0.142, -0.162
1989, 2, -0.151, , -0.151, -0.141, -0.161
1989, 3, -0.151, , -0.150, -0.141, -0.160
1989, 4, -0.193, , -0.150, -0.140, -0.160
1989, 5, -0.216, , -0.149, -0.139, -0.159
1989, 6, -0.126, , -0.148, -0.138, -0.158
1989, 7, -0.131, , -0.147, -0.137, -0.157
1989, 8, -0.121, , -0.147, -0.137, -0.157
1989, 9, -0.160, , -0.146, -0.136, -0.156
1989, 10, -0.198, , -0.145, -0.135, -0.155
1989, 11, -0.195, , -0.144, -0.134, -0.154
1989, 12, -0.285, , -0.144, -0.134, -0.154
1990, 1, -0.210, , -0.143, -0.133, -0.153
1990, 2, -0.105, , -0.142, -0.132, -0.152
1990, 3, -0.044, , -0.141, -0.131, -0.151
1990, 4, -0.081, , -0.141, -0.131, -0.151
1990, 5, -0.033, , -0.140, -0.130, -0.150
1990, 6, -0.101, , -0.139, -0.129, -0.149
1990, 7, -0.067, , -0.138, -0.128, -0.149
1990, 8, -0.084, , -0.138, -0.127, -0.148
1990, 9, -0.141, , -0.137, -0.127, -0.147
1990, 10, -0.170, , -0.136, -0.126, -0.146
1990, 11, -0.052, , -0.135, -0.125, -0.146
1990, 12, -0.105, , -0.135, -0.124, -0.145
1991, 1, -0.040, , -0.134, -0.124, -0.144
1991, 2, -0.105, , -0.133, -0.123, -0.143
1991, 3, -0.065, , -0.132, -0.122, -0.143
1991, 4, 0.008, , -0.132, -0.121, -0.142
1991, 5, 0.076, , -0.131, -0.121, -0.141
1991, 6, -0.044, , -0.130, -0.120, -0.140
1991, 7, -0.098, , -0.129, -0.119, -0.140
1991, 8, -0.133, , -0.129, -0.118, -0.139
1991, 9, -0.093, , -0.128, -0.117, -0.138
1991, 10, -0.085, , -0.127, -0.117, -0.137
1991, 11, -0.091, , -0.126, -0.116, -0.137
1991, 12, -0.087, , -0.126, -0.115, -0.136
1992, 1, -0.049, , -0.125, -0.114, -0.135
1992, 2, -0.032, , -0.124, -0.114, -0.135
1992, 3, -0.126, , -0.123, -0.113, -0.134
1992, 4, -0.123, , -0.123, -0.112, -0.133
1992, 5, -0.198, , -0.122, -0.111, -0.132
1992, 6, -0.101, , -0.121, -0.111, -0.132
1992, 7, -0.101, , -0.120, -0.110, -0.131
1992, 8, -0.066, , -0.120, -0.109, -0.130
1992, 9, -0.090, , -0.119, -0.108, -0.129
1992, 10, -0.070, , -0.118, -0.107, -0.129
1992, 11, -0.082, , -0.117, -0.107, -0.128
1992, 12, -0.062, , -0.117, -0.106, -0.127
1993, 1, -0.015, , -0.116, -0.105, -0.126
1993, 2, -0.060, , -0.115, -0.104, -0.126
1993, 3, -0.160, , -0.114, -0.104, -0.125
1993, 4, -0.123, , -0.113, -0.103, -0.124
1993, 5, -0.061, , -0.113, -0.102, -0.123
1993, 6, -0.077, , -0.112, -0.101, -0.123
1993, 7, -0.122, , -0.111, -0.100, -0.122
1993, 8, -0.145, , -0.110, -0.100, -0.121
1993, 9, -0.123, , -0.110, -0.099, -0.121
1993, 10, -0.067, , -0.109, -0.098, -0.120
1993, 11, -0.149, , -0.108, -0.097, -0.119
1993, 12, -0.105, , -0.107, -0.097, -0.118
1994, 1, -0.162, , -0.107, -0.096, -0.118
1994, 2, -0.102, , -0.106, -0.095, -0.117
1994, 3, -0.115, , -0.105, -0.094, -0.116
1994, 4, -0.047, , -0.104, -0.094, -0.115
1994, 5, -0.090, , -0.104, -0.093, -0.115
1994, 6, -0.117, , -0.103, -0.092, -0.114
1994, 7, -0.077, , -0.102, -0.091, -0.113
1994, 8, -0.037, , -0.101, -0.090, -0.112
1994, 9, -0.085, , -0.101, -0.090, -0.112
1994, 10, -0.026, , -0.100, -0.089, -0.111
1994, 11, -0.085, , -0.099, -0.088, -0.110
1994, 12, -0.063, , -0.098, -0.087, -0.110
1995, 1, -0.120, , -0.098, -0.087, -0.109
1995, 2, -0.222, , -0.097, -0.086, -0.108
1995, 3, -0.048, , -0.096, -0.085, -0.107
1995, 4, -0.013, , -0.095, -0.084, -0.107
1995, 5, -0.046, , -0.095, -0.083, -0.106
1995, 6, -0.077, , -0.094, -0.083, -0.105
1995, 7, -0.055, , -0.093, -0.082, -0.104
1995, 8, 0.074, , -0.092, -0.081, -0.104
1995, 9, -0.016, , -0.092, -0.080, -0.103
1995, 10, -0.028, , -0.091, -0.080, -0.102
1995, 11, -0.121, , -0.090, -0.079, -0.101
1995, 12, -0.118, , -0.089, -0.078, -0.101
1996, 1, -0.125, , -0.089, -0.077, -0.100
1996, 2, -0.152, , -0.088, -0.076, -0.099
1996, 3, -0.158, , -0.087, -0.076, -0.099
1996, 4, -0.150, , -0.086, -0.075, -0.098
1996, 5, -0.156, , -0.086, -0.074, -0.097
1996, 6, -0.148, , -0.085, -0.073, -0.096
1996, 7, -0.103, , -0.084, -0.073, -0.096
1996, 8, -0.062, , -0.083, -0.072, -0.095
1996, 9, -0.153, , -0.083, -0.071, -0.094
1996, 10, 0.032, , -0.082, -0.070, -0.093
1996, 11, -0.003, , -0.081, -0.069, -0.093
1996, 12, -0.030, , -0.080, -0.069, -0.092
1997, 1, -0.014, , -0.080, -0.068, -0.091
1997, 2, -0.018, , -0.079, -0.067, -0.091
1997, 3, -0.023, , -0.078, -0.066, -0.090
1997, 4, -0.018, , -0.077, -0.066, -0.089
1997, 5, -0.103, , -0.077, -0.065, -0.088
1997, 6, -0.053, , -0.076, -0.064, -0.088
1997, 7, -0.081, , -0.075, -0.063, -0.087
1997, 8, -0.094, , -0.074, -0.062, -0.086
1997, 9, -0.121, , -0.074, -0.062, -0.085
1997, 10, -0.081, , -0.073, -0.061, -0.085
1997, 11, -0.162, , -0.072, -0.060, -0.084
1997, 12, -0.190, , -0.071, -0.059, -0.083
1998, 1, -0.068, , -0.071, -0.059, -0.082
1998, 2, -0.001, , -0.070, -0.058, -0.082
1998, 3, -0.031, , -0.069, -0.057, -0.081
1998, 4, -0.022, , -0.068, -0.056, -0.080
1998, 5, -0.023, , -0.067, -0.055, -0.080
1998, 6, -0.068, , -0.067, -0.055, -0.079
1998, 7, -0.112, , -0.066, -0.054, -0.078
1998, 8, -0.020, , -0.065, -0.053, -0.077
1998, 9, 0.081, , -0.064, -0.052, -0.077
1998, 10, -0.019, , -0.064, -0.052, -0.076
1998, 11, -0.060, , -0.063, -0.051, -0.075
1998, 12, -0.070, , -0.062, -0.050, -0.074
1999, 1, -0.029, , -0.061, -0.049, -0.074
1999, 2, -0.005, , -0.061, -0.048, -0.073
1999, 3, -0.011, , -0.060, -0.048, -0.072
1999, 4, -0.042, , -0.059, -0.047, -0.072
1999, 5, -0.031, , -0.058, -0.046, -0.071
1999, 6, -0.045, , -0.058, -0.045, -0.070
1999, 7, -0.044, , -0.057, -0.045, -0.069
1999, 8, -0.112, , -0.056, -0.044, -0.069
1999, 9, -0.074, , -0.055, -0.043, -0.068
1999, 10, -0.065, , -0.055, -0.042, -0.067
1999, 11, -0.093, , -0.054, -0.041, -0.066
1999, 12, -0.092, , -0.053, -0.041, -0.066
2000, 1, -0.118, , -0.052, -0.040, -0.065
2000, 2, -0.123, , -0.052, -0.039, -0.064
2000, 3, -0.056, , -0.051, -0.038, -0.064
2000, 4, -0.085, , -0.050, -0.038, -0.063
2000, 5, -0.063, , -0.049, -0.037, -0.062
2000, 6, -0.080, , -0.049, -0.036, -0.061
2000, 7, -0.090, , -0.048, -0.035, -0.061
2000, 8, -0.108, , -0.047, -0.034, -0.060
2000, 9, -0.109, , -0.046, -0.034, -0.059
2000, 10, -0.099, , -0.046, -0.033, -0.058
2000, 11, -0.026, , -0.045, -0.032, -0.058
2000, 12, -0.141, , -0.044, -0.031, -0.057
2001, 1, -0.190, , -0.043, -0.030, -0.056
2001, 2, -0.140, , -0.043, -0.030, -0.056
2001, 3, -0.096, , -0.042, -0.029, -0.055
2001, 4, -0.071, , -0.041, -0.028, -0.054
2001, 5, -0.093, , -0.040, -0.027, -0.053
2001, 6, -0.113, , -0.040, -0.027, -0.053
2001, 7, -0.067, , -0.039, -0.026, -0.052
2001, 8, -0.051, , -0.038, -0.025, -0.051
2001, 9, -0.101, , -0.037, -0.024, -0.050
2001, 10, -0.050, , -0.037, -0.023, -0.050
2001, 11, -0.005, , -0.036, -0.023, -0.049
2001, 12, -0.012, , -0.035, -0.022, -0.048
2002, 1, -0.087, , -0.034, -0.021, -0.048
2002, 2, -0.072, , -0.034, -0.020, -0.047
2002, 3, -0.036, , -0.033, -0.020, -0.046
2002, 4, -0.019, , -0.032, -0.019, -0.045
2002, 5, -0.024, , -0.031, -0.018, -0.045
2002, 6, 0.024, , -0.031, -0.017, -0.044
2002, 7, -0.048, , -0.030, -0.016, -0.043
2002, 8, 0.013, , -0.029, -0.016, -0.042
2002, 9, 0.069, , -0.028, -0.015, -0.042
2002, 10, 0.055, , -0.028, -0.014, -0.041
2002, 11, -0.090, , -0.027, -0.013, -0.040
2002, 12, -0.094, , -0.026, -0.013, -0.040
2003, 1, -0.128, , -0.025, -0.012, -0.039
2003, 2, -0.044, , -0.025, -0.011, -0.038
2003, 3, 0.021, , -0.024, -0.010, -0.037
2003, 4, -0.062, , -0.023, -0.009, -0.037
2003, 5, -0.065, , -0.022, -0.009, -0.036
2003, 6, -0.039, , -0.021, -0.008, -0.035
2003, 7, -0.003, , -0.021, -0.007, -0.034
2003, 8, -0.022, , -0.020, -0.006, -0.034
2003, 9, 0.017, , -0.019, -0.005, -0.033
2003, 10, -0.001, , -0.018, -0.005, -0.032
2003, 11, 0.027, , -0.018, -0.004, -0.032
2003, 12, -0.019, , -0.017, -0.003, -0.031
2004, 1, -0.003, , -0.016, -0.002, -0.030
2004, 2, -0.027, , -0.015, -0.002, -0.029
2004, 3, -0.039, , -0.015, -0.001, -0.029
2004, 4, -0.099, , -0.014, -0.000, -0.028
2004, 5, -0.003, , -0.013, 0.001, -0.027
2004, 6, -0.026, , -0.012, 0.002, -0.026
2004, 7, -0.041, , -0.012, 0.002, -0.026
2004, 8, -0.076, , -0.011, 0.003, -0.025
2004, 9, -0.063, , -0.010, 0.004, -0.024
2004, 10, -0.016, , -0.009, 0.005, -0.024
2004, 11, 0.062, , -0.009, 0.005, -0.023
2004, 12, -0.078, , -0.008, 0.006, -0.022
2005, 1, 0.035, , -0.007, 0.007, -0.021
2005, 2, 0.122, , -0.006, 0.008, -0.021
2005, 3, -0.043, , -0.006, 0.009, -0.020
2005, 4, -0.055, , -0.005, 0.009, -0.019
2005, 5, -0.053, , -0.004, 0.010, -0.018
2005, 6, 0.039, , -0.003, 0.011, -0.018
2005, 7, 0.024, , -0.003, 0.012, -0.017
2005, 8, -0.023, , -0.002, 0.013, -0.016
2005, 9, 0.015, , -0.001, 0.013, -0.016
2005, 10, -0.053, , -0.000, 0.014, -0.015
2005, 11, -0.122, , 0.000, 0.015, -0.014
2005, 12, -0.121, , 0.001, 0.016, -0.013
2006, 1, -0.122, , 0.002, 0.016, -0.013
2006, 2, -0.065, , 0.003, 0.017, -0.012
2006, 3, -0.039, , 0.003, 0.018, -0.011
2006, 4, -0.049, , 0.004, 0.019, -0.011
2006, 5, -0.086, , 0.005, 0.020, -0.010
2006, 6, -0.073, , 0.006, 0.020, -0.009
2006, 7, -0.068, , 0.006, 0.021, -0.008
2006, 8, -0.075, , 0.007, 0.022, -0.008
2006, 9, -0.078, , 0.008, 0.023, -0.007
2006, 10, -0.026, , 0.009, 0.023, -0.006
2006, 11, -0.078, , 0.009, 0.024, -0.005
2006, 12, -0.059, , 0.010, 0.025, -0.005
2007, 1, -0.023, , 0.011, 0.026, -0.004
2007, 2, -0.087, , 0.012, 0.027, -0.003
2007, 3, -0.053, , 0.012, 0.027, -0.003
2007, 4, -0.021, , 0.013, 0.028, -0.002
2007, 5, 0.050, , 0.014, 0.029, -0.001
2007, 6, 0.005, , 0.015, 0.030, -0.000
2007, 7, -0.006, , 0.015, 0.031, 0.000
2007, 8, 0.005, , 0.016, 0.031, 0.001
2007, 9, -0.035, , 0.017, 0.032, 0.002
2007, 10, 0.060, , 0.018, 0.033, 0.003
2007, 11, -0.033, , 0.018, 0.034, 0.003
2007, 12, -0.040, , 0.019, 0.034, 0.004
2008, 1, 0.003, , 0.020, 0.035, 0.005
2008, 2, -0.019, , 0.021, 0.036, 0.005
2008, 3, -0.035, , 0.021, 0.037, 0.006
2008, 4, 0.008, , 0.022, 0.038, 0.007
2008, 5, 0.035, , 0.023, 0.038, 0.008
2008, 6, 0.002, , 0.024, 0.039, 0.008
2008, 7, 0.067, , 0.025, 0.040, 0.009
2008, 8, -0.040, , 0.025, 0.041, 0.010
2008, 9, 0.151, U, 0.026, 0.042, 0.010
2008, 10, 0.051, , 0.027, 0.042, 0.011
2008, 11, -0.024, U, 0.028, 0.043, 0.012
2008, 12, -0.034, , 0.028, 0.044, 0.013
2009, 1, -0.052, , 0.029, 0.045, 0.013
2009, 2, -0.033, , 0.030, 0.045, 0.014
2009, 3, 0.033, , 0.031, 0.046, 0.015
2009, 4, -0.000, , 0.031, 0.047, 0.016
2009, 5, 0.031, , 0.032, 0.048, 0.016
2009, 6, 0.006, , 0.033, 0.049, 0.017
2009, 7, 0.004, , 0.034, 0.049, 0.018
2009, 8, 0.053, , 0.034, 0.050, 0.018
2009, 9, , , 0.035, 0.051, 0.019
2009, 10, , , 0.036, 0.052, 0.020
2009, 11, 0.123, , 0.037, 0.053, 0.021
2009, 12, 0.115, , 0.037, 0.053, 0.021
2010, 1, -0.001, , 0.038, 0.054, 0.022
2010, 2, 0.003, , 0.039, 0.055, 0.023
2010, 3, -0.074, , 0.040, 0.056, 0.023
2010, 4, -0.009, , 0.040, 0.056, 0.024
2010, 5, 0.031, , 0.041, 0.057, 0.025
2010, 6, 0.080, , 0.042, 0.058, 0.026
2010, 7, 0.173, , 0.043, 0.059, 0.026
2010, 8, 0.085, , 0.043, 0.060, 0.027
2010, 9, 0.095, , 0.044, 0.060, 0.028
2010, 10, -0.059, , 0.045, 0.061, 0.029
2010, 11, 0.010, , 0.046, 0.062, 0.029
2010, 12, -0.092, , 0.046, 0.063, 0.030
2011, 1, -0.076, , 0.047, 0.064, 0.031
2011, 2, -0.090, , 0.048, 0.064, 0.031
2011, 3, 0.029, , 0.049, 0.065, 0.032
2011, 4, 0.012, , 0.049, 0.066, 0.033
2011, 5, 0.002, , 0.050, 0.067, 0.034
2011, 6, 0.023, , 0.051, 0.067, 0.034
2011, 7, 0.072, , 0.052, 0.068, 0.035
2011, 8, 0.008, , 0.052, 0.069, 0.036
2011, 9, -0.019, , 0.053, 0.070, 0.037
2011, 10, -0.050, , 0.054, 0.071, 0.037
2011, 11, 0.025, , 0.055, 0.071, 0.038
2011, 12, 0.085, , 0.055, 0.072, 0.039
2012, 1, 0.040, , 0.056, 0.073, 0.039
2012, 2, 0.064, , 0.057, 0.074, 0.040
2012, 3, 0.092, , 0.058, 0.075, 0.041
2012, 4, , , 0.058, 0.075, 0.042
2012, 5, 0.041, , 0.059, 0.076, 0.042
2012, 6, 0.145, , 0.060, 0.077, 0.043
2012, 7, 0.107, , 0.061, 0.078, 0.044
2012, 8, 0.144, , 0.061, 0.078, 0.044
2012, 9, 0.046, , 0.062, 0.079, 0.045
2012, 10, 0.010, , 0.063, 0.080, 0.046
2012, 11, 0.037, , 0.064, 0.081, 0.047
2012, 12, 0.052, , 0.064, 0.082, 0.047
2013, 1, 0.049, , 0.065, 0.082, 0.048
2013, 2, 0.093, , 0.066, 0.083, 0.049
2013, 3, 0.020, , 0.067, 0.084, 0.049
2013, 4, 0.094, , 0.067, 0.085, 0.050
2013, 5, 0.053, , 0.068, 0.086, 0.051
2013, 6, 0.060, , 0.069, 0.086, 0.052
2013, 7, 0.128, , 0.070, 0.087, 0.052
2013, 8, 0.094, , 0.071, 0.088, 0.053
2013, 9, 0.059, , 0.071, 0.089, 0.054
2013, 10, 0.106, , 0.072, 0.089, 0.055
2013, 11, 0.111, , 0.073, 0.090, 0.055
2013, 12, 0.056, , 0.074, 0.091, 0.056
2014, 1, -0.011, , 0.074, 0.092, 0.057
2014, 2, 0.012, , 0.075, 0.093, 0.057
2014, 3, 0.013, , 0.076, 0.093, 0.058
2014, 4, 0.056, , 0.077, 0.094, 0.059
2014, 5, 0.055, , 0.077, 0.095, 0.060
2014, 6, 0.076, , 0.078, 0.096, 0.060
2014, 7, 0.004, , 0.079, 0.097, 0.061
2014, 8, 0.031, , 0.080, 0.097, 0.062
2014, 9, 0.052, , 0.080, 0.098, 0.062
2014, 10, 0.031, , 0.081, 0.099, 0.063
2014, 11, 0.026, , 0.082, 0.100, 0.064
2014, 12, 0.116, , 0.083, 0.100, 0.065
2015, 1, 0.034, , 0.083, 0.101, 0.065
2015, 2, 0.029, , 0.084, 0.102, 0.066
2015, 3, 0.003, , 0.085, 0.103, 0.067
2015, 4, 0.067, , 0.086, 0.104, 0.068
2015, 5, 0.092, , 0.086, 0.104, 0.068
2015, 6, 0.055, , 0.087, 0.105, 0.069
2015, 7, 0.046, , 0.088, 0.106, 0.070
2015, 8, 0.072, , 0.089, 0.107, 0.070
2015, 9, 0.029, , 0.089, 0.108, 0.071
2015, 10, 0.135, , 0.090, 0.108, 0.072
2015, 11, 0.192, , 0.091, 0.109, 0.073
2015, 12, 0.249, , 0.092, 0.110, 0.073
2016, 1, 0.193, , 0.092, 0.111, 0.074
2016, 2, 0.080, , 0.093, 0.112, 0.075
2016, 3, 0.152, , 0.094, 0.112, 0.075
2016, 4, 0.200, , 0.095, 0.113, 0.076
2016, 5, 0.161, , 0.095, 0.114, 0.077
2016, 6, 0.123, , 0.096, 0.115, 0.078
2016, 7, 0.112, , 0.097, 0.115, 0.078
2016, 8, 0.150, , 0.098, 0.116, 0.079
2016, 9, 0.137, , 0.098, 0.117, 0.080
2016, 10, 0.149, , 0.099, 0.118, 0.081
2016, 11, 0.199, , 0.100, 0.119, 0.081
2016, 12, 0.145, , 0.101, 0.119, 0.082
2017, 1, , , 0.101, 0.120, 0.083
2017, 2, , , 0.102, 0.121, 0.083
2017, 3, , , 0.103, 0.122, 0.084
2017, 4, , , 0.104, 0.123, 0.085
2017, 5, , , 0.104, 0.123, 0.086
2017, 6, , , 0.105, 0.124, 0.086
2017, 7, , , 0.106, 0.125, 0.087
2017, 8, , , 0.107, 0.126, 0.088
2017, 9, , , 0.107, 0.126, 0.088
2017, 10, , , 0.108, 0.127, 0.089
2017, 11, , , 0.109, 0.128, 0.090
2017, 12, , , 0.110, 0.129, 0.091
2018, 1, , , 0.110, 0.130, 0.091
2018, 2, , , 0.111, 0.130, 0.092
2018, 3, , , 0.112, 0.131, 0.093
2018, 4, , , 0.113, 0.132, 0.093
2018, 5, , , 0.113, 0.133, 0.094
2018, 6, , , 0.114, 0.134, 0.095
2018, 7, , , 0.115, 0.134, 0.096
2018, 8, , , 0.116, 0.135, 0.096
2018, 9, , , 0.117, 0.136, 0.097
2018, 10, , , 0.117, 0.137, 0.098
2018, 11, , , 0.118, 0.137, 0.099
2018, 12, , , 0.119, 0.138, 0.099
2019, 1, , , 0.120, 0.139, 0.100
2019, 2, , , 0.120, 0.140, 0.101
2019, 3, , , 0.121, 0.141, 0.101
2019, 4, , , 0.122, 0.141, 0.102
2019, 5, , , 0.123, 0.142, 0.103
2019, 6, , , 0.123, 0.143, 0.104
2019, 7, , , 0.124, 0.144, 0.104
2019, 8, , , 0.125, 0.145, 0.105
2019, 9, , , 0.126, 0.145, 0.106
2019, 10, , , 0.126, 0.146, 0.106
2019, 11, , , 0.127, 0.147, 0.107
2019, 12, , , 0.128, 0.148, 0.108
2020, 1, , , 0.129, 0.149, 0.109
2020, 2, , , 0.129, 0.149, 0.109
2020, 3, , , 0.130, 0.150, 0.110
2020, 4, , , 0.131, 0.151, 0.111
2020, 5, , , 0.132, 0.152, 0.111
2020, 6, , , 0.132, 0.152, 0.112
2020, 7, , , 0.133, 0.153, 0.113
2020, 8, , , 0.134, 0.154, 0.114
2020, 9, , , 0.135, 0.155, 0.114
2020, 10, , , 0.135, 0.156, 0.115
2020, 11, , , 0.136, 0.156, 0.116
2020, 12, , , 0.137, 0.157, 0.117
