Year, Month, Monthly_MSL, Unverified, Linear_Trend, High_Conf., Low_Conf.
1964, 4, , , 0.481, 0.506, 0.457
1964, 5, , , 0.480, 0.505, 0.456
1964, 6, 0.478, , 0.479, 0.504, 0.455
1964, 7, 0.544, , 0.479, 0.503, 0.454
1964, 8, 0.618, , 0.478, 0.502, 0.454
1964, 9, 0.480, , 0.477, 0.501, 0.453
1964, 10, 0.524, , 0.476, 0.500, 0.452
1964, 11, , , 0.475, 0.499, 0.451
1964, 12, , , 0.474, 0.498, 0.450
1965, 1, , , 0.474, 0.497, 0.450
1965, 2, , , 0.473, 0.497, 0.449
1965, 3, , , 0.472, 0.496, 0.448
1965, 4, 0.461, , 0.471, 0.495, 0.447
1965, 5, 0.480, , 0.470, 0.494, 0.447
1965, 6, 0.509, , 0.469, 0.493, 0.446
1965, 7, 0.480, , 0.469, 0.492, 0.445
1965, 8, , , 0.468, 0.491, 0.444
1965, 9, , , 0.467, 0.490, 0.443
1965, 10, , , 0.466, 0.489, 0.443
1965, 11, , , 0.465, 0.488, 0.442
1965, 12, , , 0.464, 0.488, 0.441
1966, 1, 0.426, , 0.463, 0.487, 0.440
1966, 2, 0.412, , 0.463, 0.486, 0.439
1966, 3, 0.498, , 0.462, 0.485, 0.439
1966, 4, 0.382, , 0.461, 0.484, 0.438
1966, 5, 0.508, , 0.460, 0.483, 0.437
1966, 6, 0.463, , 0.459, 0.482, 0.436
1966, 7, 0.434, , 0.458, 0.481, 0.436
1966, 8, 0.548, , 0.458, 0.480, 0.435
1966, 9, 0.605, , 0.457, 0.480, 0.434
1966, 10, 0.497, , 0.456, 0.479, 0.433
1966, 11, 0.322, , 0.455, 0.478, 0.432
1966, 12, 0.481, , 0.454, 0.477, 0.432
1967, 1, 0.396, , 0.453, 0.476, 0.431
1967, 2, 0.458, , 0.453, 0.475, 0.430
1967, 3, 0.339, , 0.452, 0.474, 0.429
1967, 4, 0.285, , 0.451, 0.473, 0.429
1967, 5, 0.370, , 0.450, 0.472, 0.428
1967, 6, 0.402, , 0.449, 0.471, 0.427
1967, 7, 0.447, , 0.448, 0.471, 0.426
1967, 8, 0.533, , 0.448, 0.470, 0.425
1967, 9, 0.660, , 0.447, 0.469, 0.425
1967, 10, 0.491, , 0.446, 0.468, 0.424
1967, 11, 0.377, , 0.445, 0.467, 0.423
1967, 12, 0.374, , 0.444, 0.466, 0.422
1968, 1, 0.350, , 0.443, 0.465, 0.421
1968, 2, 0.546, , 0.442, 0.464, 0.421
1968, 3, 0.537, , 0.442, 0.463, 0.420
1968, 4, 0.458, , 0.441, 0.462, 0.419
1968, 5, 0.410, , 0.440, 0.462, 0.418
1968, 6, 0.451, , 0.439, 0.461, 0.418
1968, 7, 0.501, , 0.438, 0.460, 0.417
1968, 8, 0.432, , 0.437, 0.459, 0.416
1968, 9, 0.468, , 0.437, 0.458, 0.415
1968, 10, 0.536, , 0.436, 0.457, 0.414
1968, 11, 0.596, , 0.435, 0.456, 0.414
1968, 12, 0.316, , 0.434, 0.455, 0.413
1969, 1, 0.298, , 0.433, 0.454, 0.412
1969, 2, 0.488, , 0.432, 0.453, 0.411
1969, 3, 0.367, , 0.432, 0.453, 0.411
1969, 4, 0.586, , 0.431, 0.452, 0.410
1969, 5, 0.434, , 0.430, 0.451, 0.409
1969, 6, 0.411, , 0.429, 0.450, 0.408
1969, 7, 0.474, , 0.428, 0.449, 0.407
1969, 8, 0.463, , 0.427, 0.448, 0.407
1969, 9, 0.432, , 0.427, 0.447, 0.406
1969, 10, 0.430, , 0.426, 0.446, 0.405
1969, 11, 0.450, , 0.425, 0.445, 0.404
1969, 12, 0.673, , 0.424, 0.445, 0.403
1970, 1, 0.432, , 0.423, 0.444, 0.403
1970, 2, , , 0.422, 0.443, 0.402
1970, 3, , , 0.421, 0.442, 0.401
1970, 4, , , 0.421, 0.441, 0.400
1970, 5, , , 0.420, 0.440, 0.400
1970, 6, , , 0.419, 0.439, 0.399
1970, 7, , , 0.418, 0.438, 0.398
1970, 8, , , 0.417, 0.437, 0.397
1970, 9, , , 0.416, 0.436, 0.396
1970, 10, , , 0.416, 0.436, 0.396
1970, 11, , , 0.415, 0.435, 0.395
1970, 12, 0.356, , 0.414, 0.434, 0.394
1971, 1, 0.161, , 0.413, 0.433, 0.393
1971, 2, 0.321, , 0.412, 0.432, 0.392
1971, 3, 0.263, , 0.411, 0.431, 0.392
1971, 4, 0.431, , 0.411, 0.430, 0.391
1971, 5, 0.431, , 0.410, 0.429, 0.390
1971, 6, 0.374, , 0.409, 0.428, 0.389
1971, 7, 0.376, , 0.408, 0.428, 0.389
1971, 8, 0.444, , 0.407, 0.427, 0.388
1971, 9, 0.371, , 0.406, 0.426, 0.387
1971, 10, 0.353, , 0.406, 0.425, 0.386
1971, 11, 0.307, , 0.405, 0.424, 0.385
1971, 12, 0.179, , 0.404, 0.423, 0.385
1972, 1, 0.085, , 0.403, 0.422, 0.384
1972, 2, 0.220, , 0.402, 0.421, 0.383
1972, 3, 0.254, , 0.401, 0.420, 0.382
1972, 4, 0.288, , 0.400, 0.419, 0.381
1972, 5, 0.309, , 0.400, 0.419, 0.381
1972, 6, 0.356, , 0.399, 0.418, 0.380
1972, 7, 0.297, , 0.398, 0.417, 0.379
1972, 8, 0.435, , 0.397, 0.416, 0.378
1972, 9, 0.291, , 0.396, 0.415, 0.378
1972, 10, 0.222, , 0.395, 0.414, 0.377
1972, 11, 0.374, , 0.395, 0.413, 0.376
1972, 12, 0.286, , 0.394, 0.412, 0.375
1973, 1, 0.350, , 0.393, 0.411, 0.374
1973, 2, 0.300, , 0.392, 0.411, 0.374
1973, 3, 0.424, , 0.391, 0.410, 0.373
1973, 4, 0.315, , 0.390, 0.409, 0.372
1973, 5, 0.401, , 0.390, 0.408, 0.371
1973, 6, 0.405, , 0.389, 0.407, 0.370
1973, 7, 0.291, , 0.388, 0.406, 0.370
1973, 8, 0.243, , 0.387, 0.405, 0.369
1973, 9, 0.291, , 0.386, 0.404, 0.368
1973, 10, 0.375, , 0.385, 0.403, 0.367
1973, 11, 0.225, , 0.384, 0.403, 0.366
1973, 12, 0.386, , 0.384, 0.402, 0.366
1974, 1, 0.173, , 0.383, 0.401, 0.365
1974, 2, 0.345, , 0.382, 0.400, 0.364
1974, 3, 0.318, , 0.381, 0.399, 0.363
1974, 4, 0.376, , 0.380, 0.398, 0.363
1974, 5, 0.380, , 0.379, 0.397, 0.362
1974, 6, 0.432, , 0.379, 0.396, 0.361
1974, 7, 0.340, , 0.378, 0.395, 0.360
1974, 8, 0.347, , 0.377, 0.395, 0.359
1974, 9, 0.313, , 0.376, 0.394, 0.359
1974, 10, 0.442, , 0.375, 0.393, 0.358
1974, 11, 0.474, , 0.374, 0.392, 0.357
1974, 12, 0.517, , 0.374, 0.391, 0.356
1975, 1, 0.316, , 0.373, 0.390, 0.355
1975, 2, 0.412, , 0.372, 0.389, 0.355
1975, 3, 0.324, , 0.371, 0.388, 0.354
1975, 4, 0.282, , 0.370, 0.387, 0.353
1975, 5, 0.358, , 0.369, 0.387, 0.352
1975, 6, 0.314, , 0.369, 0.386, 0.351
1975, 7, 0.376, , 0.368, 0.385, 0.351
1975, 8, 0.338, , 0.367, 0.384, 0.350
1975, 9, 0.301, , 0.366, 0.383, 0.349
1975, 10, 0.405, , 0.365, 0.382, 0.348
1975, 11, 0.343, , 0.364, 0.381, 0.347
1975, 12, 0.243, , 0.363, 0.380, 0.347
1976, 1, 0.393, , 0.363, 0.379, 0.346
1976, 2, 0.266, , 0.362, 0.379, 0.345
1976, 3, 0.321, , 0.361, 0.378, 0.344
1976, 4, 0.410, , 0.360, 0.377, 0.344
1976, 5, 0.462, , 0.359, 0.376, 0.343
1976, 6, 0.362, , 0.358, 0.375, 0.342
1976, 7, 0.462, , 0.358, 0.374, 0.341
1976, 8, 0.460, , 0.357, 0.373, 0.340
1976, 9, 0.520, , 0.356, 0.372, 0.340
1976, 10, 0.375, , 0.355, 0.371, 0.339
1976, 11, 0.563, , 0.354, 0.371, 0.338
1976, 12, 0.529, , 0.353, 0.370, 0.337
1977, 1, 0.514, , 0.353, 0.369, 0.336
1977, 2, 0.656, , 0.352, 0.368, 0.336
1977, 3, 0.431, , 0.351, 0.367, 0.335
1977, 4, 0.397, , 0.350, 0.366, 0.334
1977, 5, 0.437, , 0.349, 0.365, 0.333
1977, 6, 0.435, , 0.348, 0.364, 0.332
1977, 7, 0.453, , 0.348, 0.363, 0.332
1977, 8, 0.457, , 0.347, 0.363, 0.331
1977, 9, 0.343, , 0.346, 0.362, 0.330
1977, 10, 0.594, , 0.345, 0.361, 0.329
1977, 11, 0.432, , 0.344, 0.360, 0.328
1977, 12, 0.371, , 0.343, 0.359, 0.328
1978, 1, 0.484, , 0.342, 0.358, 0.327
1978, 2, 0.668, , 0.342, 0.357, 0.326
1978, 3, 0.632, , 0.341, 0.356, 0.325
1978, 4, 0.595, , 0.340, 0.355, 0.324
1978, 5, 0.675, , 0.339, 0.355, 0.324
1978, 6, 0.542, , 0.338, 0.354, 0.323
1978, 7, 0.300, , 0.337, 0.353, 0.322
1978, 8, 0.304, , 0.337, 0.352, 0.321
1978, 9, 0.340, , 0.336, 0.351, 0.320
1978, 10, 0.390, , 0.335, 0.350, 0.320
1978, 11, 0.218, , 0.334, 0.349, 0.319
1978, 12, 0.215, , 0.333, 0.348, 0.318
1979, 1, 0.289, , 0.332, 0.348, 0.317
1979, 2, 0.196, , 0.332, 0.347, 0.317
1979, 3, 0.360, , 0.331, 0.346, 0.316
1979, 4, 0.187, , 0.330, 0.345, 0.315
1979, 5, 0.328, , 0.329, 0.344, 0.314
1979, 6, 0.246, , 0.328, 0.343, 0.313
1979, 7, 0.352, , 0.327, 0.342, 0.313
1979, 8, 0.307, , 0.327, 0.341, 0.312
1979, 9, 0.374, , 0.326, 0.340, 0.311
1979, 10, 0.475, , 0.325, 0.340, 0.310
1979, 11, 0.398, , 0.324, 0.339, 0.309
1979, 12, 0.289, , 0.323, 0.338, 0.309
1980, 1, 0.258, , 0.322, 0.337, 0.308
1980, 2, 0.421, , 0.321, 0.336, 0.307
1980, 3, 0.342, , 0.321, 0.335, 0.306
1980, 4, 0.501, , 0.320, 0.334, 0.305
1980, 5, 0.366, , 0.319, 0.333, 0.305
1980, 6, 0.243, , 0.318, 0.333, 0.304
1980, 7, 0.309, , 0.317, 0.332, 0.303
1980, 8, 0.243, , 0.316, 0.331, 0.302
1980, 9, 0.288, , 0.316, 0.330, 0.301
1980, 10, 0.387, , 0.315, 0.329, 0.301
1980, 11, 0.423, , 0.314, 0.328, 0.300
1980, 12, 0.222, , 0.313, 0.327, 0.299
1981, 1, 0.581, , 0.312, 0.326, 0.298
1981, 2, 0.338, , 0.311, 0.325, 0.297
1981, 3, 0.439, , 0.311, 0.325, 0.296
1981, 4, 0.265, , 0.310, 0.324, 0.296
1981, 5, 0.318, , 0.309, 0.323, 0.295
1981, 6, 0.371, , 0.308, 0.322, 0.294
1981, 7, 0.263, , 0.307, 0.321, 0.293
1981, 8, 0.352, , 0.306, 0.320, 0.292
1981, 9, 0.364, , 0.306, 0.319, 0.292
1981, 10, 0.234, , 0.305, 0.318, 0.291
1981, 11, 0.425, , 0.304, 0.318, 0.290
1981, 12, 0.333, , 0.303, 0.317, 0.289
1982, 1, 0.175, , 0.302, 0.316, 0.288
1982, 2, 0.088, , 0.301, 0.315, 0.288
1982, 3, 0.238, , 0.300, 0.314, 0.287
1982, 4, 0.308, , 0.300, 0.313, 0.286
1982, 5, 0.244, , 0.299, 0.312, 0.285
1982, 6, 0.242, , 0.298, 0.311, 0.284
1982, 7, 0.260, , 0.297, 0.311, 0.284
1982, 8, 0.194, , 0.296, 0.310, 0.283
1982, 9, 0.281, , 0.295, 0.309, 0.282
1982, 10, 0.215, , 0.295, 0.308, 0.281
1982, 11, 0.312, , 0.294, 0.307, 0.280
1982, 12, 0.429, , 0.293, 0.306, 0.280
1983, 1, 0.465, , 0.292, 0.305, 0.279
1983, 2, 0.536, , 0.291, 0.305, 0.278
1983, 3, 0.369, , 0.290, 0.304, 0.277
1983, 4, 0.272, , 0.290, 0.303, 0.276
1983, 5, 0.360, , 0.289, 0.302, 0.276
1983, 6, 0.328, , 0.288, 0.301, 0.275
1983, 7, 0.348, , 0.287, 0.300, 0.274
1983, 8, 0.355, , 0.286, 0.299, 0.273
1983, 9, 0.254, , 0.285, 0.298, 0.272
1983, 10, 0.292, , 0.285, 0.298, 0.271
1983, 11, 0.449, , 0.284, 0.297, 0.271
1983, 12, 0.087, , 0.283, 0.296, 0.270
1984, 1, 0.248, , 0.282, 0.295, 0.269
1984, 2, 0.381, , 0.281, 0.294, 0.268
1984, 3, 0.399, , 0.280, 0.293, 0.267
1984, 4, 0.348, , 0.279, 0.292, 0.267
1984, 5, 0.290, , 0.279, 0.291, 0.266
1984, 6, 0.328, , 0.278, 0.291, 0.265
1984, 7, 0.309, , 0.277, 0.290, 0.264
1984, 8, 0.285, , 0.276, 0.289, 0.263
1984, 9, 0.315, , 0.275, 0.288, 0.263
1984, 10, 0.279, , 0.274, 0.287, 0.262
1984, 11, 0.324, , 0.274, 0.286, 0.261
1984, 12, 0.187, , 0.273, 0.285, 0.260
1985, 1, 0.361, , 0.272, 0.285, 0.259
1985, 2, 0.143, , 0.271, 0.284, 0.258
1985, 3, 0.238, , 0.270, 0.283, 0.258
1985, 4, 0.259, , 0.269, 0.282, 0.257
1985, 5, 0.235, , 0.269, 0.281, 0.256
1985, 6, 0.288, , 0.268, 0.280, 0.255
1985, 7, 0.226, , 0.267, 0.279, 0.254
1985, 8, 0.160, , 0.266, 0.278, 0.254
1985, 9, 0.105, , 0.265, 0.278, 0.253
1985, 10, 0.154, , 0.264, 0.277, 0.252
1985, 11, -0.036, , 0.264, 0.276, 0.251
1985, 12, 0.260, , 0.263, 0.275, 0.250
1986, 1, 0.495, , 0.262, 0.274, 0.249
1986, 2, 0.253, , 0.261, 0.273, 0.249
1986, 3, 0.317, , 0.260, 0.272, 0.248
1986, 4, 0.186, , 0.259, 0.272, 0.247
1986, 5, 0.251, , 0.258, 0.271, 0.246
1986, 6, 0.246, , 0.258, 0.270, 0.245
1986, 7, 0.196, , 0.257, 0.269, 0.245
1986, 8, 0.236, , 0.256, 0.268, 0.244
1986, 9, 0.077, , 0.255, 0.267, 0.243
1986, 10, 0.188, , 0.254, 0.266, 0.242
1986, 11, 0.251, , 0.253, 0.266, 0.241
1986, 12, 0.422, , 0.253, 0.265, 0.240
1987, 1, 0.456, , 0.252, 0.264, 0.240
1987, 2, 0.387, , 0.251, 0.263, 0.239
1987, 3, 0.305, , 0.250, 0.262, 0.238
1987, 4, 0.354, , 0.249, 0.261, 0.237
1987, 5, 0.339, , 0.248, 0.260, 0.236
1987, 6, 0.413, , 0.248, 0.260, 0.235
1987, 7, 0.241, , 0.247, 0.259, 0.235
1987, 8, 0.142, , 0.246, 0.258, 0.234
1987, 9, 0.278, , 0.245, 0.257, 0.233
1987, 10, 0.282, , 0.244, 0.256, 0.232
1987, 11, 0.330, , 0.243, 0.255, 0.231
1987, 12, 0.285, , 0.242, 0.254, 0.231
1988, 1, 0.312, , 0.242, 0.254, 0.230
1988, 2, 0.305, , 0.241, 0.253, 0.229
1988, 3, 0.338, , 0.240, 0.252, 0.228
1988, 4, 0.351, , 0.239, 0.251, 0.227
1988, 5, 0.330, , 0.238, 0.250, 0.226
1988, 6, 0.310, , 0.237, 0.249, 0.226
1988, 7, 0.275, , 0.237, 0.248, 0.225
1988, 8, 0.319, , 0.236, 0.248, 0.224
1988, 9, 0.217, , 0.235, 0.247, 0.223
1988, 10, 0.237, , 0.234, 0.246, 0.222
1988, 11, 0.315, , 0.233, 0.245, 0.221
1988, 12, 0.227, , 0.232, 0.244, 0.221
1989, 1, 0.089, , 0.232, 0.243, 0.220
1989, 2, -0.153, , 0.231, 0.243, 0.219
1989, 3, 0.145, , 0.230, 0.242, 0.218
1989, 4, 0.146, , 0.229, 0.241, 0.217
1989, 5, 0.186, , 0.228, 0.240, 0.216
1989, 6, 0.214, , 0.227, 0.239, 0.216
1989, 7, 0.201, , 0.227, 0.238, 0.215
1989, 8, 0.190, , 0.226, 0.237, 0.214
1989, 9, 0.192, , 0.225, 0.237, 0.213
1989, 10, 0.205, , 0.224, 0.236, 0.212
1989, 11, 0.156, , 0.223, 0.235, 0.211
1989, 12, 0.204, , 0.222, 0.234, 0.211
1990, 1, 0.193, , 0.221, 0.233, 0.210
1990, 2, 0.069, , 0.221, 0.232, 0.209
1990, 3, 0.222, , 0.220, 0.232, 0.208
1990, 4, 0.115, , 0.219, 0.231, 0.207
1990, 5, 0.152, , 0.218, 0.230, 0.206
1990, 6, 0.220, , 0.217, 0.229, 0.206
1990, 7, 0.213, , 0.216, 0.228, 0.205
1990, 8, 0.232, , 0.216, 0.227, 0.204
1990, 9, 0.213, , 0.215, 0.227, 0.203
1990, 10, 0.190, , 0.214, 0.226, 0.202
1990, 11, 0.040, , 0.213, 0.225, 0.201
1990, 12, -0.003, , 0.212, 0.224, 0.201
1991, 1, 0.007, , 0.211, 0.223, 0.200
1991, 2, 0.215, , 0.211, 0.222, 0.199
1991, 3, 0.097, , 0.210, 0.221, 0.198
1991, 4, 0.231, , 0.209, 0.221, 0.197
1991, 5, 0.207, , 0.208, 0.220, 0.196
1991, 6, 0.159, , 0.207, 0.219, 0.195
1991, 7, 0.192, , 0.206, 0.218, 0.195
1991, 8, 0.266, , 0.206, 0.217, 0.194
1991, 9, 0.259, , 0.205, 0.216, 0.193
1991, 10, 0.114, , 0.204, 0.216, 0.192
1991, 11, 0.271, , 0.203, 0.215, 0.191
1991, 12, 0.284, , 0.202, 0.214, 0.190
1992, 1, 0.432, , 0.201, 0.213, 0.190
1992, 2, 0.320, , 0.200, 0.212, 0.189
1992, 3, 0.264, , 0.200, 0.211, 0.188
1992, 4, 0.227, , 0.199, 0.211, 0.187
1992, 5, 0.146, , 0.198, 0.210, 0.186
1992, 6, 0.194, , 0.197, 0.209, 0.185
1992, 7, 0.213, , 0.196, 0.208, 0.184
1992, 8, 0.241, , 0.195, 0.207, 0.184
1992, 9, 0.104, , 0.195, 0.206, 0.183
1992, 10, 0.183, , 0.194, 0.206, 0.182
1992, 11, 0.240, , 0.193, 0.205, 0.181
1992, 12, 0.077, , 0.192, 0.204, 0.180
1993, 1, 0.058, , 0.191, 0.203, 0.179
1993, 2, 0.185, , 0.190, 0.202, 0.179
1993, 3, 0.246, , 0.190, 0.201, 0.178
1993, 4, 0.301, , 0.189, 0.201, 0.177
1993, 5, 0.250, , 0.188, 0.200, 0.176
1993, 6, 0.223, , 0.187, 0.199, 0.175
1993, 7, 0.109, , 0.186, 0.198, 0.174
1993, 8, 0.129, , 0.185, 0.197, 0.173
1993, 9, 0.028, , 0.185, 0.196, 0.173
1993, 10, 0.105, , 0.184, 0.196, 0.172
1993, 11, 0.043, , 0.183, 0.195, 0.171
1993, 12, 0.273, , 0.182, 0.194, 0.170
1994, 1, 0.160, , 0.181, 0.193, 0.169
1994, 2, 0.078, , 0.180, 0.192, 0.168
1994, 3, 0.190, , 0.179, 0.192, 0.167
1994, 4, 0.161, , 0.179, 0.191, 0.167
1994, 5, 0.254, , 0.178, 0.190, 0.166
1994, 6, 0.199, , 0.177, 0.189, 0.165
1994, 7, 0.180, , 0.176, 0.188, 0.164
1994, 8, 0.065, , 0.175, 0.187, 0.163
1994, 9, 0.171, , 0.174, 0.187, 0.162
1994, 10, 0.199, , 0.174, 0.186, 0.161
1994, 11, 0.049, , 0.173, 0.185, 0.161
1994, 12, 0.228, , 0.172, 0.184, 0.160
1995, 1, 0.229, , 0.171, 0.183, 0.159
1995, 2, 0.105, , 0.170, 0.182, 0.158
1995, 3, 0.085, , 0.169, 0.182, 0.157
1995, 4, 0.176, , 0.169, 0.181, 0.156
1995, 5, 0.135, , 0.168, 0.180, 0.155
1995, 6, 0.158, , 0.167, 0.179, 0.155
1995, 7, 0.182, , 0.166, 0.178, 0.154
1995, 8, 0.149, , 0.165, 0.178, 0.153
1995, 9, 0.209, , 0.164, 0.177, 0.152
1995, 10, 0.212, , 0.164, 0.176, 0.151
1995, 11, 0.106, , 0.163, 0.175, 0.150
1995, 12, 0.197, , 0.162, 0.174, 0.149
1996, 1, 0.000, , 0.161, 0.173, 0.149
1996, 2, 0.078, , 0.160, 0.173, 0.148
1996, 3, -0.017, , 0.159, 0.172, 0.147
1996, 4, 0.204, , 0.158, 0.171, 0.146
1996, 5, 0.052, , 0.158, 0.170, 0.145
1996, 6, 0.112, , 0.157, 0.169, 0.144
1996, 7, 0.097, , 0.156, 0.169, 0.143
1996, 8, 0.118, , 0.155, 0.168, 0.142
1996, 9, 0.101, , 0.154, 0.167, 0.142
1996, 10, 0.054, , 0.153, 0.166, 0.141
1996, 11, -0.027, , 0.153, 0.165, 0.140
1996, 12, 0.081, , 0.152, 0.165, 0.139
1997, 1, 0.139, , 0.151, 0.164, 0.138
1997, 2, 0.213, , 0.150, 0.163, 0.137
1997, 3, 0.086, , 0.149, 0.162, 0.136
1997, 4, 0.121, , 0.148, 0.161, 0.136
1997, 5, 0.051, , 0.148, 0.160, 0.135
1997, 6, 0.155, , 0.147, 0.160, 0.134
1997, 7, 0.181, , 0.146, 0.159, 0.133
1997, 8, 0.125, , 0.145, 0.158, 0.132
1997, 9, 0.203, , 0.144, 0.157, 0.131
1997, 10, 0.080, , 0.143, 0.156, 0.130
1997, 11, 0.313, , 0.143, 0.156, 0.129
1997, 12, 0.314, , 0.142, 0.155, 0.129
1998, 1, 0.270, , 0.141, 0.154, 0.128
1998, 2, 0.445, , 0.140, 0.153, 0.127
1998, 3, 0.134, , 0.139, 0.152, 0.126
1998, 4, 0.186, , 0.138, 0.152, 0.125
1998, 5, 0.148, , 0.137, 0.151, 0.124
1998, 6, 0.063, , 0.137, 0.150, 0.123
1998, 7, 0.117, , 0.136, 0.149, 0.122
1998, 8, 0.097, , 0.135, 0.148, 0.122
1998, 9, 0.102, , 0.134, 0.147, 0.121
1998, 10, 0.077, , 0.133, 0.147, 0.120
1998, 11, 0.151, , 0.132, 0.146, 0.119
1998, 12, 0.047, , 0.132, 0.145, 0.118
1999, 1, 0.015, , 0.131, 0.144, 0.117
1999, 2, 0.146, , 0.130, 0.143, 0.116
1999, 3, 0.162, , 0.129, 0.143, 0.115
1999, 4, 0.036, , 0.128, 0.142, 0.115
1999, 5, 0.072, , 0.127, 0.141, 0.114
1999, 6, 0.085, , 0.127, 0.140, 0.113
1999, 7, 0.044, , 0.126, 0.139, 0.112
1999, 8, 0.102, , 0.125, 0.139, 0.111
1999, 9, 0.135, , 0.124, 0.138, 0.110
1999, 10, 0.073, , 0.123, 0.137, 0.109
1999, 11, 0.198, , 0.122, 0.136, 0.108
1999, 12, 0.072, , 0.121, 0.135, 0.108
2000, 1, -0.017, , 0.121, 0.135, 0.107
2000, 2, 0.114, , 0.120, 0.134, 0.106
2000, 3, 0.231, , 0.119, 0.133, 0.105
2000, 4, 0.096, , 0.118, 0.132, 0.104
2000, 5, 0.083, , 0.117, 0.131, 0.103
2000, 6, 0.086, , 0.116, 0.131, 0.102
2000, 7, 0.107, , 0.116, 0.130, 0.101
2000, 8, 0.007, , 0.115, 0.129, 0.101
2000, 9, -0.009, , 0.114, 0.128, 0.100
2000, 10, 0.108, , 0.113, 0.127, 0.099
2000, 11, 0.093, , 0.112, 0.127, 0.098
2000, 12, 0.121, , 0.111, 0.126, 0.097
2001, 1, 0.327, , 0.111, 0.125, 0.096
2001, 2, 0.011, , 0.110, 0.124, 0.095
2001, 3, 0.162, , 0.109, 0.123, 0.094
2001, 4, 0.087, , 0.108, 0.123, 0.094
2001, 5, 0.143, , 0.107, 0.122, 0.093
2001, 6, 0.054, , 0.106, 0.121, 0.092
2001, 7, 0.072, , 0.106, 0.120, 0.091
2001, 8, 0.126, , 0.105, 0.119, 0.090
2001, 9, 0.174, , 0.104, 0.119, 0.089
2001, 10, 0.060, , 0.103, 0.118, 0.088
2001, 11, 0.143, , 0.102, 0.117, 0.087
2001, 12, 0.098, , 0.101, 0.116, 0.087
2002, 1, 0.139, , 0.100, 0.115, 0.086
2002, 2, 0.118, , 0.100, 0.115, 0.085
2002, 3, -0.082, , 0.099, 0.114, 0.084
2002, 4, -0.140, , 0.098, 0.113, 0.083
2002, 5, -0.051, , 0.097, 0.112, 0.082
2002, 6, 0.079, , 0.096, 0.111, 0.081
2002, 7, 0.087, , 0.095, 0.111, 0.080
2002, 8, 0.057, , 0.095, 0.110, 0.079
2002, 9, 0.065, , 0.094, 0.109, 0.079
2002, 10, 0.066, , 0.093, 0.108, 0.078
2002, 11, 0.292, , 0.092, 0.107, 0.077
2002, 12, 0.265, , 0.091, 0.107, 0.076
2003, 1, 0.278, , 0.090, 0.106, 0.075
2003, 2, 0.068, , 0.090, 0.105, 0.074
2003, 3, 0.073, , 0.089, 0.104, 0.073
2003, 4, 0.103, , 0.088, 0.103, 0.072
2003, 5, 0.085, , 0.087, 0.103, 0.071
2003, 6, 0.075, , 0.086, 0.102, 0.071
2003, 7, 0.094, , 0.085, 0.101, 0.070
2003, 8, 0.116, , 0.085, 0.100, 0.069
2003, 9, 0.112, , 0.084, 0.099, 0.068
2003, 10, 0.175, , 0.083, 0.099, 0.067
2003, 11, -0.044, , 0.082, 0.098, 0.066
2003, 12, 0.219, , 0.081, 0.097, 0.065
2004, 1, 0.064, , 0.080, 0.096, 0.064
2004, 2, 0.195, , 0.079, 0.095, 0.064
2004, 3, 0.050, , 0.079, 0.095, 0.063
2004, 4, 0.131, , 0.078, 0.094, 0.062
2004, 5, 0.032, , 0.077, 0.093, 0.061
2004, 6, 0.057, , 0.076, 0.092, 0.060
2004, 7, 0.102, , 0.075, 0.091, 0.059
2004, 8, 0.024, , 0.074, 0.091, 0.058
2004, 9, 0.037, , 0.074, 0.090, 0.057
2004, 10, 0.062, , 0.073, 0.089, 0.056
2004, 11, 0.066, , 0.072, 0.088, 0.056
2004, 12, 0.016, , 0.071, 0.087, 0.055
2005, 1, -0.019, , 0.070, 0.087, 0.054
2005, 2, 0.035, , 0.069, 0.086, 0.053
2005, 3, 0.131, , 0.069, 0.085, 0.052
2005, 4, 0.091, , 0.068, 0.084, 0.051
2005, 5, 0.135, , 0.067, 0.084, 0.050
2005, 6, 0.052, , 0.066, 0.083, 0.049
2005, 7, 0.131, , 0.065, 0.082, 0.048
2005, 8, 0.103, , 0.064, 0.081, 0.048
2005, 9, 0.053, , 0.064, 0.080, 0.047
2005, 10, 0.128, , 0.063, 0.080, 0.046
2005, 11, 0.065, , 0.062, 0.079, 0.045
2005, 12, 0.212, , 0.061, 0.078, 0.044
2006, 1, 0.191, , 0.060, 0.077, 0.043
2006, 2, -0.016, , 0.059, 0.076, 0.042
2006, 3, 0.036, , 0.058, 0.076, 0.041
2006, 4, 0.158, , 0.058, 0.075, 0.040
2006, 5, 0.086, , 0.057, 0.074, 0.040
2006, 6, 0.088, , 0.056, 0.073, 0.039
2006, 7, 0.075, , 0.055, 0.072, 0.038
2006, 8, 0.115, , 0.054, 0.072, 0.037
2006, 9, 0.101, , 0.053, 0.071, 0.036
2006, 10, -0.002, , 0.053, 0.070, 0.035
2006, 11, -0.038, , 0.052, 0.069, 0.034
2006, 12, 0.222, , 0.051, 0.068, 0.033
2007, 1, 0.004, , 0.050, 0.068, 0.032
2007, 2, -0.058, , 0.049, 0.067, 0.032
2007, 3, -0.060, , 0.048, 0.066, 0.031
2007, 4, 0.074, , 0.048, 0.065, 0.030
2007, 5, -0.001, , 0.047, 0.065, 0.029
2007, 6, -0.002, , 0.046, 0.064, 0.028
2007, 7, 0.054, , 0.045, 0.063, 0.027
2007, 8, -0.022, , 0.044, 0.062, 0.026
2007, 9, -0.042, , 0.043, 0.061, 0.025
2007, 10, 0.053, , 0.043, 0.061, 0.024
2007, 11, 0.071, , 0.042, 0.060, 0.024
2007, 12, 0.005, , 0.041, 0.059, 0.023
2008, 1, -0.009, , 0.040, 0.058, 0.022
2008, 2, 0.044, , 0.039, 0.057, 0.021
2008, 3, 0.079, , 0.038, 0.057, 0.020
2008, 4, -0.091, , 0.037, 0.056, 0.019
2008, 5, 0.037, , 0.037, 0.055, 0.018
2008, 6, 0.027, , 0.036, 0.054, 0.017
2008, 7, 0.090, , 0.035, 0.054, 0.016
2008, 8, 0.120, , 0.034, 0.053, 0.015
2008, 9, 0.062, , 0.033, 0.052, 0.015
2008, 10, 0.014, , 0.032, 0.051, 0.014
2008, 11, 0.056, , 0.032, 0.050, 0.013
2008, 12, -0.151, , 0.031, 0.050, 0.012
2009, 1, -0.036, , 0.030, 0.049, 0.011
2009, 2, -0.171, , 0.029, 0.048, 0.010
2009, 3, -0.032, , 0.028, 0.047, 0.009
2009, 4, -0.139, , 0.027, 0.046, 0.008
2009, 5, -0.102, , 0.027, 0.046, 0.007
2009, 6, -0.045, , 0.026, 0.045, 0.007
2009, 7, -0.057, , 0.025, 0.044, 0.006
2009, 8, -0.006, , 0.024, 0.043, 0.005
2009, 9, 0.102, , 0.023, 0.042, 0.004
2009, 10, 0.005, , 0.022, 0.042, 0.003
2009, 11, 0.126, , 0.022, 0.041, 0.002
2009, 12, -0.075, , 0.021, 0.040, 0.001
2010, 1, 0.183, , 0.020, 0.039, 0.000
2010, 2, 0.164, , 0.019, 0.039, -0.001
2010, 3, 0.166, , 0.018, 0.038, -0.001
2010, 4, 0.095, , 0.017, 0.037, -0.002
2010, 5, -0.024, , 0.016, 0.036, -0.003
2010, 6, -0.004, , 0.016, 0.035, -0.004
2010, 7, -0.010, , 0.015, 0.035, -0.005
2010, 8, -0.063, , 0.014, 0.034, -0.006
2010, 9, -0.093, , 0.013, 0.033, -0.007
2010, 10, , , 0.012, 0.032, -0.008
2010, 11, -0.010, , 0.011, 0.031, -0.009
2010, 12, , , 0.011, 0.031, -0.010
2011, 1, , , 0.010, 0.030, -0.010
2011, 2, , , 0.009, 0.029, -0.011
2011, 3, , , 0.008, 0.028, -0.012
2011, 4, 0.010, , 0.007, 0.028, -0.013
2011, 5, -0.009, , 0.006, 0.027, -0.014
2011, 6, -0.038, , 0.006, 0.026, -0.015
2011, 7, -0.009, , 0.005, 0.025, -0.016
2011, 8, 0.027, , 0.004, 0.024, -0.017
2011, 9, 0.136, , 0.003, 0.024, -0.018
2011, 10, 0.044, , 0.002, 0.023, -0.018
2011, 11, -0.093, , 0.001, 0.022, -0.019
2011, 12, -0.107, , 0.000, 0.021, -0.020
2012, 1, -0.056, , -0.000, 0.020, -0.021
2012, 2, 0.050, , -0.001, 0.020, -0.022
2012, 3, 0.007, , -0.002, 0.019, -0.023
2012, 4, 0.028, , -0.003, 0.018, -0.024
2012, 5, 0.071, , -0.004, 0.017, -0.025
2012, 6, 0.034, , -0.005, 0.017, -0.026
2012, 7, 0.042, , -0.005, 0.016, -0.027
2012, 8, -0.035, , -0.006, 0.015, -0.027
2012, 9, 0.068, , -0.007, 0.014, -0.028
2012, 10, -0.158, , -0.008, 0.013, -0.029
2012, 11, -0.017, , -0.009, 0.013, -0.030
2012, 12, -0.000, , -0.010, 0.012, -0.031
2013, 1, -0.026, , -0.010, 0.011, -0.032
2013, 2, -0.015, , -0.011, 0.010, -0.033
2013, 3, -0.129, , -0.012, 0.010, -0.034
2013, 4, -0.151, , -0.013, 0.009, -0.035
2013, 5, -0.078, , -0.014, 0.008, -0.036
2013, 6, -0.067, , -0.015, 0.007, -0.036
2013, 7, -0.062, , -0.015, 0.006, -0.037
2013, 8, 0.034, , -0.016, 0.006, -0.038
2013, 9, 0.093, , -0.017, 0.005, -0.039
2013, 10, -0.011, , -0.018, 0.004, -0.040
2013, 11, -0.131, , -0.019, 0.003, -0.041
2013, 12, -0.216, , -0.020, 0.002, -0.042
2014, 1, 0.049, , -0.021, 0.002, -0.043
2014, 2, -0.063, , -0.021, 0.001, -0.044
2014, 3, 0.005, , -0.022, 0.000, -0.044
2014, 4, 0.044, , -0.023, -0.001, -0.045
2014, 5, -0.010, , -0.024, -0.001, -0.046
2014, 6, 0.028, , -0.025, -0.002, -0.047
2014, 7, 0.053, , -0.026, -0.003, -0.048
2014, 8, 0.097, , -0.026, -0.004, -0.049
2014, 9, 0.027, , -0.027, -0.005, -0.050
2014, 10, 0.086, , -0.028, -0.005, -0.051
2014, 11, 0.056, , -0.029, -0.006, -0.052
2014, 12, 0.165, , -0.030, -0.007, -0.053
2015, 1, 0.046, , -0.031, -0.008, -0.053
2015, 2, -0.005, , -0.031, -0.008, -0.054
2015, 3, -0.003, , -0.032, -0.009, -0.055
2015, 4, 0.126, , -0.033, -0.010, -0.056
2015, 5, -0.052, , -0.034, -0.011, -0.057
2015, 6, 0.010, , -0.035, -0.012, -0.058
2015, 7, 0.052, , -0.036, -0.012, -0.059
2015, 8, -0.040, , -0.036, -0.013, -0.060
2015, 9, -0.012, , -0.037, -0.014, -0.061
2015, 10, 0.067, , -0.038, -0.015, -0.062
2015, 11, -0.050, , -0.039, -0.016, -0.062
2015, 12, 0.159, , -0.040, -0.016, -0.063
2016, 1, 0.281, , -0.041, -0.017, -0.064
2016, 2, 0.220, , -0.042, -0.018, -0.065
2016, 3, 0.174, , -0.042, -0.019, -0.066
2016, 4, 0.073, , -0.043, -0.019, -0.067
2016, 5, -0.061, , -0.044, -0.020, -0.068
2016, 6, -0.016, , -0.045, -0.021, -0.069
2016, 7, -0.031, , -0.046, -0.022, -0.070
2016, 8, -0.047, , -0.047, -0.023, -0.071
2016, 9, -0.064, , -0.047, -0.023, -0.071
2016, 10, -0.018, , -0.048, -0.024, -0.072
2016, 11, 0.168, , -0.049, -0.025, -0.073
2016, 12, -0.138, , -0.050, -0.026, -0.074
2017, 1, , , -0.051, -0.026, -0.075
2017, 2, , , -0.052, -0.027, -0.076
2017, 3, , , -0.052, -0.028, -0.077
2017, 4, , , -0.053, -0.029, -0.078
2017, 5, , , -0.054, -0.030, -0.079
2017, 6, , , -0.055, -0.030, -0.080
2017, 7, , , -0.056, -0.031, -0.080
2017, 8, , , -0.057, -0.032, -0.081
2017, 9, , , -0.057, -0.033, -0.082
2017, 10, , , -0.058, -0.034, -0.083
2017, 11, , , -0.059, -0.034, -0.084
2017, 12, , , -0.060, -0.035, -0.085
2018, 1, , , -0.061, -0.036, -0.086
2018, 2, , , -0.062, -0.037, -0.087
2018, 3, , , -0.063, -0.037, -0.088
2018, 4, , , -0.063, -0.038, -0.089
2018, 5, , , -0.064, -0.039, -0.089
2018, 6, , , -0.065, -0.040, -0.090
2018, 7, , , -0.066, -0.041, -0.091
2018, 8, , , -0.067, -0.041, -0.092
2018, 9, , , -0.068, -0.042, -0.093
2018, 10, , , -0.068, -0.043, -0.094
2018, 11, , , -0.069, -0.044, -0.095
2018, 12, , , -0.070, -0.044, -0.096
2019, 1, , , -0.071, -0.045, -0.097
2019, 2, , , -0.072, -0.046, -0.098
2019, 3, , , -0.073, -0.047, -0.098
2019, 4, , , -0.073, -0.048, -0.099
2019, 5, , , -0.074, -0.048, -0.100
2019, 6, , , -0.075, -0.049, -0.101
2019, 7, , , -0.076, -0.050, -0.102
2019, 8, , , -0.077, -0.051, -0.103
2019, 9, , , -0.078, -0.051, -0.104
2019, 10, , , -0.078, -0.052, -0.105
2019, 11, , , -0.079, -0.053, -0.106
2019, 12, , , -0.080, -0.054, -0.107
2020, 1, , , -0.081, -0.055, -0.107
2020, 2, , , -0.082, -0.055, -0.108
2020, 3, , , -0.083, -0.056, -0.109
2020, 4, , , -0.084, -0.057, -0.110
2020, 5, , , -0.084, -0.058, -0.111
2020, 6, , , -0.085, -0.058, -0.112
2020, 7, , , -0.086, -0.059, -0.113
2020, 8, , , -0.087, -0.060, -0.114
2020, 9, , , -0.088, -0.061, -0.115
2020, 10, , , -0.089, -0.062, -0.116
2020, 11, , , -0.089, -0.062, -0.116
2020, 12, , , -0.090, -0.063, -0.117
