Year, Month, Monthly_MSL, Unverified, Linear_Trend, High_Conf., Low_Conf.
1900, 1, , , 0.648, 0.693, 0.603
1900, 2, , , 0.648, 0.693, 0.603
1900, 3, , , 0.648, 0.693, 0.603
1900, 4, , , 0.648, 0.693, 0.603
1900, 5, , , 0.648, 0.693, 0.603
1900, 6, , , 0.648, 0.693, 0.604
1900, 7, , , 0.649, 0.693, 0.604
1900, 8, , , 0.649, 0.694, 0.604
1900, 9, , , 0.649, 0.694, 0.604
1900, 10, , , 0.649, 0.694, 0.604
1900, 11, , , 0.649, 0.694, 0.605
1900, 12, , , 0.649, 0.694, 0.605
1901, 1, , , 0.649, 0.694, 0.605
1901, 2, , , 0.650, 0.694, 0.605
1901, 3, , , 0.650, 0.694, 0.605
1901, 4, , , 0.650, 0.694, 0.606
1901, 5, , , 0.650, 0.694, 0.606
1901, 6, , , 0.650, 0.694, 0.606
1901, 7, , , 0.650, 0.694, 0.606
1901, 8, , , 0.650, 0.694, 0.606
1901, 9, , , 0.651, 0.694, 0.607
1901, 10, , , 0.651, 0.695, 0.607
1901, 11, , , 0.651, 0.695, 0.607
1901, 12, , , 0.651, 0.695, 0.607
1902, 1, , , 0.651, 0.695, 0.607
1902, 2, , , 0.651, 0.695, 0.608
1902, 3, , , 0.651, 0.695, 0.608
1902, 4, , , 0.651, 0.695, 0.608
1902, 5, , , 0.652, 0.695, 0.608
1902, 6, , , 0.652, 0.695, 0.608
1902, 7, , , 0.652, 0.695, 0.609
1902, 8, , , 0.652, 0.695, 0.609
1902, 9, , , 0.652, 0.695, 0.609
1902, 10, , , 0.652, 0.695, 0.609
1902, 11, , , 0.652, 0.695, 0.609
1902, 12, , , 0.653, 0.696, 0.610
1903, 1, , , 0.653, 0.696, 0.610
1903, 2, , , 0.653, 0.696, 0.610
1903, 3, , , 0.653, 0.696, 0.610
1903, 4, , , 0.653, 0.696, 0.610
1903, 5, , , 0.653, 0.696, 0.611
1903, 6, , , 0.653, 0.696, 0.611
1903, 7, , , 0.654, 0.696, 0.611
1903, 8, , , 0.654, 0.696, 0.611
1903, 9, , , 0.654, 0.696, 0.611
1903, 10, , , 0.654, 0.696, 0.612
1903, 11, , , 0.654, 0.696, 0.612
1903, 12, , , 0.654, 0.696, 0.612
1904, 1, , , 0.654, 0.696, 0.612
1904, 2, , , 0.655, 0.697, 0.612
1904, 3, , , 0.655, 0.697, 0.613
1904, 4, , , 0.655, 0.697, 0.613
1904, 5, , , 0.655, 0.697, 0.613
1904, 6, , , 0.655, 0.697, 0.613
1904, 7, , , 0.655, 0.697, 0.613
1904, 8, , , 0.655, 0.697, 0.614
1904, 9, , , 0.655, 0.697, 0.614
1904, 10, , , 0.656, 0.697, 0.614
1904, 11, , , 0.656, 0.697, 0.614
1904, 12, , , 0.656, 0.697, 0.614
1905, 1, , , 0.656, 0.697, 0.615
1905, 2, , , 0.656, 0.697, 0.615
1905, 3, , , 0.656, 0.697, 0.615
1905, 4, , , 0.656, 0.698, 0.615
1905, 5, , , 0.657, 0.698, 0.615
1905, 6, , , 0.657, 0.698, 0.616
1905, 7, , , 0.657, 0.698, 0.616
1905, 8, , , 0.657, 0.698, 0.616
1905, 9, , , 0.657, 0.698, 0.616
1905, 10, , , 0.657, 0.698, 0.617
1905, 11, , , 0.657, 0.698, 0.617
1905, 12, , , 0.658, 0.698, 0.617
1906, 1, , , 0.658, 0.698, 0.617
1906, 2, , , 0.658, 0.698, 0.617
1906, 3, , , 0.658, 0.698, 0.618
1906, 4, , , 0.658, 0.698, 0.618
1906, 5, , , 0.658, 0.698, 0.618
1906, 6, , , 0.658, 0.699, 0.618
1906, 7, , , 0.658, 0.699, 0.618
1906, 8, , , 0.659, 0.699, 0.619
1906, 9, , , 0.659, 0.699, 0.619
1906, 10, , , 0.659, 0.699, 0.619
1906, 11, , , 0.659, 0.699, 0.619
1906, 12, , , 0.659, 0.699, 0.619
1907, 1, , , 0.659, 0.699, 0.620
1907, 2, , , 0.659, 0.699, 0.620
1907, 3, , , 0.660, 0.699, 0.620
1907, 4, , , 0.660, 0.699, 0.620
1907, 5, , , 0.660, 0.699, 0.620
1907, 6, , , 0.660, 0.699, 0.621
1907, 7, , , 0.660, 0.699, 0.621
1907, 8, , , 0.660, 0.700, 0.621
1907, 9, , , 0.660, 0.700, 0.621
1907, 10, , , 0.661, 0.700, 0.621
1907, 11, , , 0.661, 0.700, 0.622
1907, 12, , , 0.661, 0.700, 0.622
1908, 1, , , 0.661, 0.700, 0.622
1908, 2, , , 0.661, 0.700, 0.622
1908, 3, , , 0.661, 0.700, 0.622
1908, 4, , , 0.661, 0.700, 0.623
1908, 5, , , 0.661, 0.700, 0.623
1908, 6, , , 0.662, 0.700, 0.623
1908, 7, , , 0.662, 0.700, 0.623
1908, 8, , , 0.662, 0.700, 0.623
1908, 9, , , 0.662, 0.700, 0.624
1908, 10, , , 0.662, 0.701, 0.624
1908, 11, , , 0.662, 0.701, 0.624
1908, 12, , , 0.662, 0.701, 0.624
1909, 1, , , 0.663, 0.701, 0.624
1909, 2, , , 0.663, 0.701, 0.625
1909, 3, , , 0.663, 0.701, 0.625
1909, 4, , , 0.663, 0.701, 0.625
1909, 5, , , 0.663, 0.701, 0.625
1909, 6, , , 0.663, 0.701, 0.625
1909, 7, , , 0.663, 0.701, 0.626
1909, 8, , , 0.664, 0.701, 0.626
1909, 9, , , 0.664, 0.701, 0.626
1909, 10, , , 0.664, 0.701, 0.626
1909, 11, , , 0.664, 0.701, 0.626
1909, 12, , , 0.664, 0.702, 0.627
1910, 1, , , 0.664, 0.702, 0.627
1910, 2, , , 0.664, 0.702, 0.627
1910, 3, , , 0.665, 0.702, 0.627
1910, 4, , , 0.665, 0.702, 0.627
1910, 5, , , 0.665, 0.702, 0.628
1910, 6, , , 0.665, 0.702, 0.628
1910, 7, , , 0.665, 0.702, 0.628
1910, 8, , , 0.665, 0.702, 0.628
1910, 9, , , 0.665, 0.702, 0.628
1910, 10, , , 0.665, 0.702, 0.629
1910, 11, , , 0.666, 0.702, 0.629
1910, 12, , , 0.666, 0.702, 0.629
1911, 1, , , 0.666, 0.702, 0.629
1911, 2, , , 0.666, 0.703, 0.629
1911, 3, , , 0.666, 0.703, 0.630
1911, 4, , , 0.666, 0.703, 0.630
1911, 5, , , 0.666, 0.703, 0.630
1911, 6, , , 0.667, 0.703, 0.630
1911, 7, , , 0.667, 0.703, 0.630
1911, 8, , , 0.667, 0.703, 0.631
1911, 9, , , 0.667, 0.703, 0.631
1911, 10, , , 0.667, 0.703, 0.631
1911, 11, , , 0.667, 0.703, 0.631
1911, 12, , , 0.667, 0.703, 0.631
1912, 1, , , 0.668, 0.703, 0.632
1912, 2, , , 0.668, 0.703, 0.632
1912, 3, , , 0.668, 0.703, 0.632
1912, 4, , , 0.668, 0.704, 0.632
1912, 5, , , 0.668, 0.704, 0.633
1912, 6, , , 0.668, 0.704, 0.633
1912, 7, , , 0.668, 0.704, 0.633
1912, 8, , , 0.668, 0.704, 0.633
1912, 9, , , 0.669, 0.704, 0.633
1912, 10, , , 0.669, 0.704, 0.634
1912, 11, , , 0.669, 0.704, 0.634
1912, 12, , , 0.669, 0.704, 0.634
1913, 1, , , 0.669, 0.704, 0.634
1913, 2, , , 0.669, 0.704, 0.634
1913, 3, , , 0.669, 0.704, 0.635
1913, 4, , , 0.670, 0.704, 0.635
1913, 5, , , 0.670, 0.704, 0.635
1913, 6, , , 0.670, 0.705, 0.635
1913, 7, , , 0.670, 0.705, 0.635
1913, 8, , , 0.670, 0.705, 0.636
1913, 9, , , 0.670, 0.705, 0.636
1913, 10, , , 0.670, 0.705, 0.636
1913, 11, , , 0.671, 0.705, 0.636
1913, 12, , , 0.671, 0.705, 0.636
1914, 1, , , 0.671, 0.705, 0.637
1914, 2, , , 0.671, 0.705, 0.637
1914, 3, , , 0.671, 0.705, 0.637
1914, 4, , , 0.671, 0.705, 0.637
1914, 5, , , 0.671, 0.705, 0.637
1914, 6, , , 0.671, 0.705, 0.638
1914, 7, , , 0.672, 0.706, 0.638
1914, 8, , , 0.672, 0.706, 0.638
1914, 9, , , 0.672, 0.706, 0.638
1914, 10, , , 0.672, 0.706, 0.638
1914, 11, , , 0.672, 0.706, 0.639
1914, 12, , , 0.672, 0.706, 0.639
1915, 1, , , 0.672, 0.706, 0.639
1915, 2, , , 0.673, 0.706, 0.639
1915, 3, , , 0.673, 0.706, 0.639
1915, 4, , , 0.673, 0.706, 0.640
1915, 5, , , 0.673, 0.706, 0.640
1915, 6, , , 0.673, 0.706, 0.640
1915, 7, , , 0.673, 0.706, 0.640
1915, 8, , , 0.673, 0.706, 0.640
1915, 9, , , 0.674, 0.707, 0.641
1915, 10, , , 0.674, 0.707, 0.641
1915, 11, , , 0.674, 0.707, 0.641
1915, 12, , , 0.674, 0.707, 0.641
1916, 1, , , 0.674, 0.707, 0.641
1916, 2, , , 0.674, 0.707, 0.642
1916, 3, , , 0.674, 0.707, 0.642
1916, 4, , , 0.675, 0.707, 0.642
1916, 5, , , 0.675, 0.707, 0.642
1916, 6, , , 0.675, 0.707, 0.642
1916, 7, , , 0.675, 0.707, 0.643
1916, 8, , , 0.675, 0.707, 0.643
1916, 9, , , 0.675, 0.707, 0.643
1916, 10, , , 0.675, 0.707, 0.643
1916, 11, , , 0.675, 0.708, 0.643
1916, 12, , , 0.676, 0.708, 0.644
1917, 1, , , 0.676, 0.708, 0.644
1917, 2, , , 0.676, 0.708, 0.644
1917, 3, , , 0.676, 0.708, 0.644
1917, 4, , , 0.676, 0.708, 0.644
1917, 5, , , 0.676, 0.708, 0.645
1917, 6, , , 0.676, 0.708, 0.645
1917, 7, , , 0.677, 0.708, 0.645
1917, 8, , , 0.677, 0.708, 0.645
1917, 9, , , 0.677, 0.708, 0.645
1917, 10, , , 0.677, 0.708, 0.646
1917, 11, , , 0.677, 0.708, 0.646
1917, 12, , , 0.677, 0.708, 0.646
1918, 1, , , 0.677, 0.709, 0.646
1918, 2, , , 0.678, 0.709, 0.646
1918, 3, , , 0.678, 0.709, 0.647
1918, 4, , , 0.678, 0.709, 0.647
1918, 5, , , 0.678, 0.709, 0.647
1918, 6, , , 0.678, 0.709, 0.647
1918, 7, , , 0.678, 0.709, 0.647
1918, 8, , , 0.678, 0.709, 0.648
1918, 9, , , 0.678, 0.709, 0.648
1918, 10, , , 0.679, 0.709, 0.648
1918, 11, , , 0.679, 0.709, 0.648
1918, 12, , , 0.679, 0.709, 0.648
1919, 1, , , 0.679, 0.709, 0.649
1919, 2, , , 0.679, 0.709, 0.649
1919, 3, , , 0.679, 0.710, 0.649
1919, 4, , , 0.679, 0.710, 0.649
1919, 5, , , 0.680, 0.710, 0.649
1919, 6, , , 0.680, 0.710, 0.650
1919, 7, , , 0.680, 0.710, 0.650
1919, 8, , , 0.680, 0.710, 0.650
1919, 9, , , 0.680, 0.710, 0.650
1919, 10, , , 0.680, 0.710, 0.650
1919, 11, , , 0.680, 0.710, 0.651
1919, 12, , , 0.681, 0.710, 0.651
1920, 1, , , 0.681, 0.710, 0.651
1920, 2, , , 0.681, 0.710, 0.651
1920, 3, , , 0.681, 0.710, 0.651
1920, 4, , , 0.681, 0.710, 0.652
1920, 5, , , 0.681, 0.711, 0.652
1920, 6, , , 0.681, 0.711, 0.652
1920, 7, , , 0.681, 0.711, 0.652
1920, 8, , , 0.682, 0.711, 0.652
1920, 9, , , 0.682, 0.711, 0.653
1920, 10, , , 0.682, 0.711, 0.653
1920, 11, , , 0.682, 0.711, 0.653
1920, 12, , , 0.682, 0.711, 0.653
1921, 1, , , 0.682, 0.711, 0.654
1921, 2, , , 0.682, 0.711, 0.654
1921, 3, , , 0.683, 0.711, 0.654
1921, 4, , , 0.683, 0.711, 0.654
1921, 5, , , 0.683, 0.711, 0.654
1921, 6, , , 0.683, 0.712, 0.655
1921, 7, , , 0.683, 0.712, 0.655
1921, 8, , , 0.683, 0.712, 0.655
1921, 9, , , 0.683, 0.712, 0.655
1921, 10, , , 0.684, 0.712, 0.655
1921, 11, , , 0.684, 0.712, 0.656
1921, 12, , , 0.684, 0.712, 0.656
1922, 1, , , 0.684, 0.712, 0.656
1922, 2, , , 0.684, 0.712, 0.656
1922, 3, , , 0.684, 0.712, 0.656
1922, 4, , , 0.684, 0.712, 0.657
1922, 5, , , 0.685, 0.712, 0.657
1922, 6, , , 0.685, 0.712, 0.657
1922, 7, , , 0.685, 0.712, 0.657
1922, 8, , , 0.685, 0.713, 0.657
1922, 9, , , 0.685, 0.713, 0.658
1922, 10, , , 0.685, 0.713, 0.658
1922, 11, , , 0.685, 0.713, 0.658
1922, 12, , , 0.685, 0.713, 0.658
1923, 1, , , 0.686, 0.713, 0.658
1923, 2, , , 0.686, 0.713, 0.659
1923, 3, , , 0.686, 0.713, 0.659
1923, 4, , , 0.686, 0.713, 0.659
1923, 5, , , 0.686, 0.713, 0.659
1923, 6, , , 0.686, 0.713, 0.659
1923, 7, , , 0.686, 0.713, 0.660
1923, 8, , , 0.687, 0.713, 0.660
1923, 9, , , 0.687, 0.713, 0.660
1923, 10, , , 0.687, 0.714, 0.660
1923, 11, , , 0.687, 0.714, 0.660
1923, 12, , , 0.687, 0.714, 0.661
1924, 1, , , 0.687, 0.714, 0.661
1924, 2, , , 0.687, 0.714, 0.661
1924, 3, , , 0.688, 0.714, 0.661
1924, 4, , , 0.688, 0.714, 0.661
1924, 5, , , 0.688, 0.714, 0.662
1924, 6, , , 0.688, 0.714, 0.662
1924, 7, , , 0.688, 0.714, 0.662
1924, 8, , , 0.688, 0.714, 0.662
1924, 9, , , 0.688, 0.714, 0.662
1924, 10, , , 0.688, 0.714, 0.663
1924, 11, , , 0.689, 0.714, 0.663
1924, 12, , , 0.689, 0.715, 0.663
1925, 1, , , 0.689, 0.715, 0.663
1925, 2, , , 0.689, 0.715, 0.663
1925, 3, , , 0.689, 0.715, 0.664
1925, 4, , , 0.689, 0.715, 0.664
1925, 5, , , 0.689, 0.715, 0.664
1925, 6, , , 0.690, 0.715, 0.664
1925, 7, , , 0.690, 0.715, 0.664
1925, 8, , , 0.690, 0.715, 0.665
1925, 9, , , 0.690, 0.715, 0.665
1925, 10, , , 0.690, 0.715, 0.665
1925, 11, , , 0.690, 0.715, 0.665
1925, 12, , , 0.690, 0.715, 0.665
1926, 1, , , 0.691, 0.716, 0.666
1926, 2, , , 0.691, 0.716, 0.666
1926, 3, , , 0.691, 0.716, 0.666
1926, 4, , , 0.691, 0.716, 0.666
1926, 5, , , 0.691, 0.716, 0.666
1926, 6, , , 0.691, 0.716, 0.667
1926, 7, , , 0.691, 0.716, 0.667
1926, 8, , , 0.692, 0.716, 0.667
1926, 9, , , 0.692, 0.716, 0.667
1926, 10, , , 0.692, 0.716, 0.667
1926, 11, , , 0.692, 0.716, 0.668
1926, 12, , , 0.692, 0.716, 0.668
1927, 1, , , 0.692, 0.716, 0.668
1927, 2, , , 0.692, 0.716, 0.668
1927, 3, , , 0.692, 0.717, 0.668
1927, 4, , , 0.693, 0.717, 0.669
1927, 5, , , 0.693, 0.717, 0.669
1927, 6, , , 0.693, 0.717, 0.669
1927, 7, , , 0.693, 0.717, 0.669
1927, 8, , , 0.693, 0.717, 0.669
1927, 9, , , 0.693, 0.717, 0.670
1927, 10, , , 0.693, 0.717, 0.670
1927, 11, , , 0.694, 0.717, 0.670
1927, 12, , , 0.694, 0.717, 0.670
1928, 1, , , 0.694, 0.717, 0.670
1928, 2, , , 0.694, 0.717, 0.671
1928, 3, , , 0.694, 0.717, 0.671
1928, 4, , , 0.694, 0.718, 0.671
1928, 5, , , 0.694, 0.718, 0.671
1928, 6, , , 0.695, 0.718, 0.671
1928, 7, , , 0.695, 0.718, 0.672
1928, 8, , , 0.695, 0.718, 0.672
1928, 9, , , 0.695, 0.718, 0.672
1928, 10, , , 0.695, 0.718, 0.672
1928, 11, , , 0.695, 0.718, 0.672
1928, 12, , , 0.695, 0.718, 0.673
1929, 1, , , 0.695, 0.718, 0.673
1929, 2, , , 0.696, 0.718, 0.673
1929, 3, , , 0.696, 0.718, 0.673
1929, 4, , , 0.696, 0.718, 0.673
1929, 5, , , 0.696, 0.718, 0.674
1929, 6, , , 0.696, 0.719, 0.674
1929, 7, , , 0.696, 0.719, 0.674
1929, 8, , , 0.696, 0.719, 0.674
1929, 9, , , 0.697, 0.719, 0.674
1929, 10, , , 0.697, 0.719, 0.675
1929, 11, , , 0.697, 0.719, 0.675
1929, 12, , , 0.697, 0.719, 0.675
1930, 1, , , 0.697, 0.719, 0.675
1930, 2, , , 0.697, 0.719, 0.675
1930, 3, , , 0.697, 0.719, 0.676
1930, 4, , , 0.698, 0.719, 0.676
1930, 5, , , 0.698, 0.719, 0.676
1930, 6, , , 0.698, 0.719, 0.676
1930, 7, , , 0.698, 0.720, 0.676
1930, 8, , , 0.698, 0.720, 0.677
1930, 9, , , 0.698, 0.720, 0.677
1930, 10, , , 0.698, 0.720, 0.677
1930, 11, , , 0.698, 0.720, 0.677
1930, 12, , , 0.699, 0.720, 0.677
1931, 1, , , 0.699, 0.720, 0.678
1931, 2, , , 0.699, 0.720, 0.678
1931, 3, , , 0.699, 0.720, 0.678
1931, 4, , , 0.699, 0.720, 0.678
1931, 5, , , 0.699, 0.720, 0.678
1931, 6, , , 0.699, 0.720, 0.679
1931, 7, , , 0.700, 0.720, 0.679
1931, 8, , , 0.700, 0.721, 0.679
1931, 9, , , 0.700, 0.721, 0.679
1931, 10, , , 0.700, 0.721, 0.679
1931, 11, , , 0.700, 0.721, 0.680
1931, 12, , , 0.700, 0.721, 0.680
1932, 1, , , 0.700, 0.721, 0.680
1932, 2, , , 0.701, 0.721, 0.680
1932, 3, , , 0.701, 0.721, 0.680
1932, 4, , , 0.701, 0.721, 0.681
1932, 5, , , 0.701, 0.721, 0.681
1932, 6, , , 0.701, 0.721, 0.681
1932, 7, , , 0.701, 0.721, 0.681
1932, 8, , , 0.701, 0.721, 0.681
1932, 9, , , 0.702, 0.721, 0.682
1932, 10, , , 0.702, 0.722, 0.682
1932, 11, , , 0.702, 0.722, 0.682
1932, 12, , , 0.702, 0.722, 0.682
1933, 1, , , 0.702, 0.722, 0.682
1933, 2, , , 0.702, 0.722, 0.683
1933, 3, , , 0.702, 0.722, 0.683
1933, 4, , , 0.702, 0.722, 0.683
1933, 5, , , 0.703, 0.722, 0.683
1933, 6, , , 0.703, 0.722, 0.683
1933, 7, , , 0.703, 0.722, 0.684
1933, 8, , , 0.703, 0.722, 0.684
1933, 9, , , 0.703, 0.722, 0.684
1933, 10, , , 0.703, 0.722, 0.684
1933, 11, , , 0.703, 0.723, 0.684
1933, 12, , , 0.704, 0.723, 0.685
1934, 1, , , 0.704, 0.723, 0.685
1934, 2, , , 0.704, 0.723, 0.685
1934, 3, , , 0.704, 0.723, 0.685
1934, 4, , , 0.704, 0.723, 0.685
1934, 5, , , 0.704, 0.723, 0.685
1934, 6, , , 0.704, 0.723, 0.686
1934, 7, , , 0.705, 0.723, 0.686
1934, 8, , , 0.705, 0.723, 0.686
1934, 9, , , 0.705, 0.723, 0.686
1934, 10, , , 0.705, 0.723, 0.686
1934, 11, , , 0.705, 0.723, 0.687
1934, 12, , , 0.705, 0.724, 0.687
1935, 1, , , 0.705, 0.724, 0.687
1935, 2, , , 0.705, 0.724, 0.687
1935, 3, , , 0.706, 0.724, 0.687
1935, 4, , , 0.706, 0.724, 0.688
1935, 5, , , 0.706, 0.724, 0.688
1935, 6, , , 0.706, 0.724, 0.688
1935, 7, , , 0.706, 0.724, 0.688
1935, 8, , , 0.706, 0.724, 0.688
1935, 9, , , 0.706, 0.724, 0.689
1935, 10, , , 0.707, 0.724, 0.689
1935, 11, , , 0.707, 0.724, 0.689
1935, 12, , , 0.707, 0.724, 0.689
1936, 1, , , 0.707, 0.725, 0.689
1936, 2, , , 0.707, 0.725, 0.690
1936, 3, , , 0.707, 0.725, 0.690
1936, 4, , , 0.707, 0.725, 0.690
1936, 5, , , 0.708, 0.725, 0.690
1936, 6, , , 0.708, 0.725, 0.690
1936, 7, , , 0.708, 0.725, 0.691
1936, 8, , , 0.708, 0.725, 0.691
1936, 9, , , 0.708, 0.725, 0.691
1936, 10, , , 0.708, 0.725, 0.691
1936, 11, , , 0.708, 0.725, 0.691
1936, 12, , , 0.708, 0.725, 0.692
1937, 1, , , 0.709, 0.725, 0.692
1937, 2, , , 0.709, 0.726, 0.692
1937, 3, , , 0.709, 0.726, 0.692
1937, 4, , , 0.709, 0.726, 0.692
1937, 5, , , 0.709, 0.726, 0.693
1937, 6, 0.654, , 0.709, 0.726, 0.693
1937, 7, 0.678, , 0.709, 0.726, 0.693
1937, 8, 0.663, , 0.710, 0.726, 0.693
1937, 9, 0.691, , 0.710, 0.726, 0.693
1937, 10, 0.676, , 0.710, 0.726, 0.694
1937, 11, 0.701, , 0.710, 0.726, 0.694
1937, 12, 0.666, , 0.710, 0.726, 0.694
1938, 1, 0.657, , 0.710, 0.726, 0.694
1938, 2, 0.629, , 0.710, 0.726, 0.694
1938, 3, 0.692, , 0.711, 0.727, 0.695
1938, 4, 0.664, , 0.711, 0.727, 0.695
1938, 5, 0.650, , 0.711, 0.727, 0.695
1938, 6, 0.657, , 0.711, 0.727, 0.695
1938, 7, 0.720, , 0.711, 0.727, 0.695
1938, 8, 0.690, , 0.711, 0.727, 0.696
1938, 9, 0.675, , 0.711, 0.727, 0.696
1938, 10, 0.670, , 0.712, 0.727, 0.696
1938, 11, 0.676, , 0.712, 0.727, 0.696
1938, 12, 0.687, , 0.712, 0.727, 0.696
1939, 1, 0.697, , 0.712, 0.727, 0.696
1939, 2, 0.699, , 0.712, 0.727, 0.697
1939, 3, 0.716, , 0.712, 0.728, 0.697
1939, 4, 0.685, , 0.712, 0.728, 0.697
1939, 5, 0.696, , 0.712, 0.728, 0.697
1939, 6, 0.715, , 0.713, 0.728, 0.697
1939, 7, 0.727, , 0.713, 0.728, 0.698
1939, 8, 0.718, , 0.713, 0.728, 0.698
1939, 9, 0.697, , 0.713, 0.728, 0.698
1939, 10, 0.694, , 0.713, 0.728, 0.698
1939, 11, 0.667, , 0.713, 0.728, 0.698
1939, 12, 0.669, , 0.713, 0.728, 0.699
1940, 1, 0.691, , 0.714, 0.728, 0.699
1940, 2, 0.690, , 0.714, 0.728, 0.699
1940, 3, 0.701, , 0.714, 0.728, 0.699
1940, 4, 0.722, , 0.714, 0.729, 0.699
1940, 5, 0.714, , 0.714, 0.729, 0.700
1940, 6, 0.663, , 0.714, 0.729, 0.700
1940, 7, 0.675, , 0.714, 0.729, 0.700
1940, 8, 0.712, , 0.715, 0.729, 0.700
1940, 9, 0.715, , 0.715, 0.729, 0.700
1940, 10, 0.749, , 0.715, 0.729, 0.701
1940, 11, 0.749, , 0.715, 0.729, 0.701
1940, 12, 0.715, , 0.715, 0.729, 0.701
1941, 1, 0.746, , 0.715, 0.729, 0.701
1941, 2, 0.800, , 0.715, 0.729, 0.701
1941, 3, 0.744, , 0.715, 0.729, 0.701
1941, 4, 0.734, , 0.716, 0.730, 0.702
1941, 5, 0.699, , 0.716, 0.730, 0.702
1941, 6, 0.678, , 0.716, 0.730, 0.702
1941, 7, 0.638, , 0.716, 0.730, 0.702
1941, 8, 0.642, , 0.716, 0.730, 0.702
1941, 9, 0.785, , 0.716, 0.730, 0.703
1941, 10, 0.792, , 0.716, 0.730, 0.703
1941, 11, 0.841, , 0.717, 0.730, 0.703
1941, 12, 0.806, , 0.717, 0.730, 0.703
1942, 1, 0.843, , 0.717, 0.730, 0.703
1942, 2, 0.818, , 0.717, 0.730, 0.704
1942, 3, 0.799, , 0.717, 0.730, 0.704
1942, 4, 0.792, , 0.717, 0.731, 0.704
1942, 5, 0.793, , 0.717, 0.731, 0.704
1942, 6, 0.794, , 0.718, 0.731, 0.704
1942, 7, 0.794, , 0.718, 0.731, 0.705
1942, 8, , , 0.718, 0.731, 0.705
1942, 9, , , 0.718, 0.731, 0.705
1942, 10, , , 0.718, 0.731, 0.705
1942, 11, , , 0.718, 0.731, 0.705
1942, 12, , , 0.718, 0.731, 0.706
1943, 1, , , 0.718, 0.731, 0.706
1943, 2, , , 0.719, 0.731, 0.706
1943, 3, , , 0.719, 0.731, 0.706
1943, 4, , , 0.719, 0.732, 0.706
1943, 5, , , 0.719, 0.732, 0.706
1943, 6, , , 0.719, 0.732, 0.707
1943, 7, , , 0.719, 0.732, 0.707
1943, 8, , , 0.719, 0.732, 0.707
1943, 9, , , 0.720, 0.732, 0.707
1943, 10, , , 0.720, 0.732, 0.707
1943, 11, , , 0.720, 0.732, 0.708
1943, 12, , , 0.720, 0.732, 0.708
1944, 1, 0.709, , 0.720, 0.732, 0.708
1944, 2, 0.720, , 0.720, 0.732, 0.708
1944, 3, 0.728, , 0.720, 0.733, 0.708
1944, 4, 0.743, , 0.721, 0.733, 0.709
1944, 5, 0.778, , 0.721, 0.733, 0.709
1944, 6, 0.816, , 0.721, 0.733, 0.709
1944, 7, 0.797, , 0.721, 0.733, 0.709
1944, 8, 0.751, , 0.721, 0.733, 0.709
1944, 9, 0.733, , 0.721, 0.733, 0.709
1944, 10, 0.716, , 0.721, 0.733, 0.710
1944, 11, 0.713, , 0.722, 0.733, 0.710
1944, 12, 0.712, , 0.722, 0.733, 0.710
1945, 1, 0.730, , 0.722, 0.733, 0.710
1945, 2, 0.726, , 0.722, 0.733, 0.710
1945, 3, 0.716, , 0.722, 0.734, 0.711
1945, 4, 0.691, , 0.722, 0.734, 0.711
1945, 5, 0.726, , 0.722, 0.734, 0.711
1945, 6, 0.742, , 0.722, 0.734, 0.711
1945, 7, 0.784, , 0.723, 0.734, 0.711
1945, 8, 0.727, , 0.723, 0.734, 0.711
1945, 9, 0.697, , 0.723, 0.734, 0.712
1945, 10, 0.731, , 0.723, 0.734, 0.712
1945, 11, 0.734, , 0.723, 0.734, 0.712
1945, 12, 0.721, , 0.723, 0.734, 0.712
1946, 1, 0.748, , 0.723, 0.734, 0.712
1946, 2, 0.729, , 0.724, 0.735, 0.713
1946, 3, , , 0.724, 0.735, 0.713
1946, 4, , , 0.724, 0.735, 0.713
1946, 5, , , 0.724, 0.735, 0.713
1946, 6, , , 0.724, 0.735, 0.713
1946, 7, , , 0.724, 0.735, 0.713
1946, 8, , , 0.724, 0.735, 0.714
1946, 9, , , 0.725, 0.735, 0.714
1946, 10, , , 0.725, 0.735, 0.714
1946, 11, , , 0.725, 0.735, 0.714
1946, 12, , , 0.725, 0.735, 0.714
1947, 1, , , 0.725, 0.736, 0.715
1947, 2, , , 0.725, 0.736, 0.715
1947, 3, , , 0.725, 0.736, 0.715
1947, 4, 0.770, , 0.725, 0.736, 0.715
1947, 5, 0.754, , 0.726, 0.736, 0.715
1947, 6, 0.733, , 0.726, 0.736, 0.715
1947, 7, 0.733, , 0.726, 0.736, 0.716
1947, 8, 0.739, , 0.726, 0.736, 0.716
1947, 9, 0.749, , 0.726, 0.736, 0.716
1947, 10, 0.740, , 0.726, 0.736, 0.716
1947, 11, 0.746, , 0.726, 0.737, 0.716
1947, 12, 0.754, , 0.727, 0.737, 0.717
1948, 1, 0.761, , 0.727, 0.737, 0.717
1948, 2, 0.751, , 0.727, 0.737, 0.717
1948, 3, 0.744, , 0.727, 0.737, 0.717
1948, 4, 0.719, , 0.727, 0.737, 0.717
1948, 5, 0.763, , 0.727, 0.737, 0.717
1948, 6, 0.825, , 0.727, 0.737, 0.718
1948, 7, 0.781, , 0.728, 0.737, 0.718
1948, 8, 0.751, , 0.728, 0.737, 0.718
1948, 9, 0.758, , 0.728, 0.738, 0.718
1948, 10, 0.740, , 0.728, 0.738, 0.718
1948, 11, 0.743, , 0.728, 0.738, 0.718
1948, 12, 0.766, , 0.728, 0.738, 0.719
1949, 1, 0.748, , 0.728, 0.738, 0.719
1949, 2, 0.720, , 0.729, 0.738, 0.719
1949, 3, 0.716, , 0.729, 0.738, 0.719
1949, 4, 0.740, , 0.729, 0.738, 0.719
1949, 5, 0.778, , 0.729, 0.738, 0.720
1949, 6, 0.758, , 0.729, 0.738, 0.720
1949, 7, 0.696, , 0.729, 0.739, 0.720
1949, 8, 0.696, , 0.729, 0.739, 0.720
1949, 9, 0.736, , 0.729, 0.739, 0.720
1949, 10, 0.752, , 0.730, 0.739, 0.720
1949, 11, 0.756, , 0.730, 0.739, 0.721
1949, 12, 0.766, , 0.730, 0.739, 0.721
1950, 1, 0.672, , 0.730, 0.739, 0.721
1950, 2, 0.711, , 0.730, 0.739, 0.721
1950, 3, 0.695, , 0.730, 0.739, 0.721
1950, 4, 0.746, , 0.730, 0.739, 0.721
1950, 5, 0.741, , 0.731, 0.740, 0.722
1950, 6, 0.709, , 0.731, 0.740, 0.722
1950, 7, 0.699, , 0.731, 0.740, 0.722
1950, 8, 0.757, , 0.731, 0.740, 0.722
1950, 9, 0.657, , 0.731, 0.740, 0.722
1950, 10, 0.640, , 0.731, 0.740, 0.722
1950, 11, 0.713, , 0.731, 0.740, 0.723
1950, 12, 0.708, , 0.732, 0.740, 0.723
1951, 1, 0.663, , 0.732, 0.740, 0.723
1951, 2, 0.638, , 0.732, 0.741, 0.723
1951, 3, 0.683, , 0.732, 0.741, 0.723
1951, 4, 0.697, , 0.732, 0.741, 0.723
1951, 5, 0.723, , 0.732, 0.741, 0.724
1951, 6, 0.703, , 0.732, 0.741, 0.724
1951, 7, 0.711, , 0.732, 0.741, 0.724
1951, 8, 0.742, , 0.733, 0.741, 0.724
1951, 9, 0.697, , 0.733, 0.741, 0.724
1951, 10, 0.685, , 0.733, 0.741, 0.724
1951, 11, 0.664, , 0.733, 0.742, 0.724
1951, 12, 0.672, , 0.733, 0.742, 0.725
1952, 1, 0.688, , 0.733, 0.742, 0.725
1952, 2, 0.732, , 0.733, 0.742, 0.725
1952, 3, 0.692, , 0.734, 0.742, 0.725
1952, 4, 0.682, , 0.734, 0.742, 0.725
1952, 5, 0.708, , 0.734, 0.742, 0.725
1952, 6, 0.706, , 0.734, 0.742, 0.726
1952, 7, 0.720, , 0.734, 0.742, 0.726
1952, 8, 0.678, , 0.734, 0.743, 0.726
1952, 9, 0.669, , 0.734, 0.743, 0.726
1952, 10, 0.676, , 0.735, 0.743, 0.726
1952, 11, 0.652, , 0.735, 0.743, 0.726
1952, 12, 0.718, , 0.735, 0.743, 0.727
1953, 1, 0.739, , 0.735, 0.743, 0.727
1953, 2, 0.705, , 0.735, 0.743, 0.727
1953, 3, 0.686, , 0.735, 0.743, 0.727
1953, 4, 0.767, , 0.735, 0.744, 0.727
1953, 5, 0.787, , 0.735, 0.744, 0.727
1953, 6, 0.773, , 0.736, 0.744, 0.727
1953, 7, 0.730, , 0.736, 0.744, 0.728
1953, 8, 0.702, , 0.736, 0.744, 0.728
1953, 9, 0.697, , 0.736, 0.744, 0.728
1953, 10, 0.676, , 0.736, 0.744, 0.728
1953, 11, 0.685, , 0.736, 0.744, 0.728
1953, 12, 0.666, , 0.736, 0.745, 0.728
1954, 1, 0.697, , 0.737, 0.745, 0.728
1954, 2, 0.702, , 0.737, 0.745, 0.729
1954, 3, 0.741, , 0.737, 0.745, 0.729
1954, 4, 0.758, , 0.737, 0.745, 0.729
1954, 5, 0.775, , 0.737, 0.745, 0.729
1954, 6, 0.752, , 0.737, 0.745, 0.729
1954, 7, 0.763, , 0.737, 0.745, 0.729
1954, 8, 0.736, , 0.738, 0.746, 0.729
1954, 9, 0.685, , 0.738, 0.746, 0.730
1954, 10, 0.734, , 0.738, 0.746, 0.730
1954, 11, 0.707, , 0.738, 0.746, 0.730
1954, 12, 0.718, , 0.738, 0.746, 0.730
1955, 1, 0.688, , 0.738, 0.746, 0.730
1955, 2, 0.708, , 0.738, 0.746, 0.730
1955, 3, 0.698, , 0.739, 0.747, 0.730
1955, 4, 0.734, , 0.739, 0.747, 0.731
1955, 5, 0.748, , 0.739, 0.747, 0.731
1955, 6, 0.758, , 0.739, 0.747, 0.731
1955, 7, 0.778, , 0.739, 0.747, 0.731
1955, 8, 0.742, , 0.739, 0.747, 0.731
1955, 9, 0.727, , 0.739, 0.747, 0.731
1955, 10, 0.725, , 0.739, 0.747, 0.731
1955, 11, 0.731, , 0.740, 0.748, 0.732
1955, 12, 0.785, , 0.740, 0.748, 0.732
1956, 1, 0.782, , 0.740, 0.748, 0.732
1956, 2, 0.726, , 0.740, 0.748, 0.732
1956, 3, 0.741, , 0.740, 0.748, 0.732
1956, 4, 0.743, , 0.740, 0.748, 0.732
1956, 5, 0.760, , 0.740, 0.748, 0.732
1956, 6, 0.739, , 0.741, 0.749, 0.732
1956, 7, 0.711, , 0.741, 0.749, 0.733
1956, 8, 0.706, , 0.741, 0.749, 0.733
1956, 9, 0.721, , 0.741, 0.749, 0.733
1956, 10, 0.707, , 0.741, 0.749, 0.733
1956, 11, 0.749, , 0.741, 0.749, 0.733
1956, 12, 0.702, , 0.741, 0.749, 0.733
1957, 1, 0.718, , 0.742, 0.750, 0.733
1957, 2, 0.760, , 0.742, 0.750, 0.734
1957, 3, 0.790, , 0.742, 0.750, 0.734
1957, 4, 0.758, , 0.742, 0.750, 0.734
1957, 5, 0.735, , 0.742, 0.750, 0.734
1957, 6, 0.794, , 0.742, 0.750, 0.734
1957, 7, 0.845, , 0.742, 0.751, 0.734
1957, 8, 0.803, , 0.742, 0.751, 0.734
1957, 9, 0.813, , 0.743, 0.751, 0.734
1957, 10, 0.813, , 0.743, 0.751, 0.735
1957, 11, 0.762, , 0.743, 0.751, 0.735
1957, 12, 0.745, , 0.743, 0.751, 0.735
1958, 1, 0.748, , 0.743, 0.751, 0.735
1958, 2, 0.766, , 0.743, 0.752, 0.735
1958, 3, 0.792, , 0.743, 0.752, 0.735
1958, 4, 0.798, , 0.744, 0.752, 0.735
1958, 5, 0.738, , 0.744, 0.752, 0.735
1958, 6, 0.724, , 0.744, 0.752, 0.735
1958, 7, 0.757, , 0.744, 0.752, 0.736
1958, 8, 0.764, , 0.744, 0.753, 0.736
1958, 9, 0.761, , 0.744, 0.753, 0.736
1958, 10, 0.774, , 0.744, 0.753, 0.736
1958, 11, 0.749, , 0.745, 0.753, 0.736
1958, 12, 0.785, , 0.745, 0.753, 0.736
1959, 1, 0.785, , 0.745, 0.753, 0.736
1959, 2, 0.723, , 0.745, 0.753, 0.736
1959, 3, 0.762, , 0.745, 0.754, 0.737
1959, 4, 0.755, , 0.745, 0.754, 0.737
1959, 5, 0.708, , 0.745, 0.754, 0.737
1959, 6, 0.733, , 0.745, 0.754, 0.737
1959, 7, 0.727, , 0.746, 0.754, 0.737
1959, 8, 0.675, , 0.746, 0.754, 0.737
1959, 9, , , 0.746, 0.755, 0.737
1959, 10, , , 0.746, 0.755, 0.737
1959, 11, , , 0.746, 0.755, 0.737
1959, 12, 0.745, , 0.746, 0.755, 0.738
1960, 1, 0.758, , 0.746, 0.755, 0.738
1960, 2, 0.781, , 0.747, 0.755, 0.738
1960, 3, 0.790, , 0.747, 0.756, 0.738
1960, 4, 0.743, , 0.747, 0.756, 0.738
1960, 5, 0.748, , 0.747, 0.756, 0.738
1960, 6, 0.758, , 0.747, 0.756, 0.738
1960, 7, 0.733, , 0.747, 0.756, 0.738
1960, 8, 0.800, , 0.747, 0.756, 0.738
1960, 9, 0.791, , 0.748, 0.757, 0.738
1960, 10, 0.768, , 0.748, 0.757, 0.739
1960, 11, 0.734, , 0.748, 0.757, 0.739
1960, 12, 0.760, , 0.748, 0.757, 0.739
1961, 1, 0.779, , 0.748, 0.757, 0.739
1961, 2, 0.772, , 0.748, 0.757, 0.739
1961, 3, 0.762, , 0.748, 0.758, 0.739
1961, 4, 0.774, , 0.749, 0.758, 0.739
1961, 5, 0.729, , 0.749, 0.758, 0.739
1961, 6, 0.690, , 0.749, 0.758, 0.739
1961, 7, 0.751, , 0.749, 0.758, 0.740
1961, 8, 0.806, , 0.749, 0.758, 0.740
1961, 9, 0.810, , 0.749, 0.759, 0.740
1961, 10, 0.777, , 0.749, 0.759, 0.740
1961, 11, 0.798, , 0.749, 0.759, 0.740
1961, 12, 0.785, , 0.750, 0.759, 0.740
1962, 1, 0.770, , 0.750, 0.759, 0.740
1962, 2, 0.763, , 0.750, 0.760, 0.740
1962, 3, 0.771, , 0.750, 0.760, 0.740
1962, 4, 0.746, , 0.750, 0.760, 0.740
1962, 5, 0.714, , 0.750, 0.760, 0.741
1962, 6, 0.721, , 0.750, 0.760, 0.741
1962, 7, 0.766, , 0.751, 0.760, 0.741
1962, 8, 0.791, , 0.751, 0.761, 0.741
1962, 9, 0.791, , 0.751, 0.761, 0.741
1962, 10, 0.798, , 0.751, 0.761, 0.741
1962, 11, 0.771, , 0.751, 0.761, 0.741
1962, 12, 0.739, , 0.751, 0.761, 0.741
1963, 1, 0.773, , 0.751, 0.761, 0.741
1963, 2, 0.760, , 0.752, 0.762, 0.741
1963, 3, 0.716, , 0.752, 0.762, 0.741
1963, 4, 0.722, , 0.752, 0.762, 0.742
1963, 5, 0.720, , 0.752, 0.762, 0.742
1963, 6, 0.761, , 0.752, 0.762, 0.742
1963, 7, 0.748, , 0.752, 0.763, 0.742
1963, 8, 0.742, , 0.752, 0.763, 0.742
1963, 9, 0.746, , 0.752, 0.763, 0.742
1963, 10, 0.764, , 0.753, 0.763, 0.742
1963, 11, 0.740, , 0.753, 0.763, 0.742
1963, 12, 0.763, , 0.753, 0.763, 0.742
1964, 1, 0.755, , 0.753, 0.764, 0.742
1964, 2, 0.793, , 0.753, 0.764, 0.743
1964, 3, 0.756, , 0.753, 0.764, 0.743
1964, 4, 0.734, , 0.753, 0.764, 0.743
1964, 5, 0.769, , 0.754, 0.764, 0.743
1964, 6, 0.767, , 0.754, 0.765, 0.743
1964, 7, 0.727, , 0.754, 0.765, 0.743
1964, 8, 0.748, , 0.754, 0.765, 0.743
1964, 9, 0.785, , 0.754, 0.765, 0.743
1964, 10, 0.786, , 0.754, 0.765, 0.743
1964, 11, 0.789, , 0.754, 0.765, 0.743
1964, 12, 0.770, , 0.755, 0.766, 0.743
1965, 1, 0.752, , 0.755, 0.766, 0.744
1965, 2, 0.769, , 0.755, 0.766, 0.744
1965, 3, 0.738, , 0.755, 0.766, 0.744
1965, 4, 0.746, , 0.755, 0.766, 0.744
1965, 5, 0.711, , 0.755, 0.767, 0.744
1965, 6, 0.739, , 0.755, 0.767, 0.744
1965, 7, 0.736, , 0.755, 0.767, 0.744
1965, 8, 0.715, , 0.756, 0.767, 0.744
1965, 9, 0.724, , 0.756, 0.767, 0.744
1965, 10, 0.743, , 0.756, 0.767, 0.744
1965, 11, 0.758, , 0.756, 0.768, 0.744
1965, 12, 0.748, , 0.756, 0.768, 0.745
1966, 1, 0.736, , 0.756, 0.768, 0.745
1966, 2, 0.714, , 0.756, 0.768, 0.745
1966, 3, 0.753, , 0.757, 0.768, 0.745
1966, 4, 0.710, , 0.757, 0.769, 0.745
1966, 5, 0.732, , 0.757, 0.769, 0.745
1966, 6, 0.739, , 0.757, 0.769, 0.745
1966, 7, 0.739, , 0.757, 0.769, 0.745
1966, 8, 0.797, , 0.757, 0.769, 0.745
1966, 9, 0.800, , 0.757, 0.770, 0.745
1966, 10, 0.749, , 0.758, 0.770, 0.745
1966, 11, 0.749, , 0.758, 0.770, 0.745
1966, 12, 0.745, , 0.758, 0.770, 0.746
1967, 1, 0.742, , 0.758, 0.770, 0.746
1967, 2, 0.745, , 0.758, 0.770, 0.746
1967, 3, 0.726, , 0.758, 0.771, 0.746
1967, 4, 0.710, , 0.758, 0.771, 0.746
1967, 5, 0.732, , 0.759, 0.771, 0.746
1967, 6, 0.742, , 0.759, 0.771, 0.746
1967, 7, 0.736, , 0.759, 0.771, 0.746
1967, 8, 0.776, , 0.759, 0.772, 0.746
1967, 9, 0.788, , 0.759, 0.772, 0.746
1967, 10, 0.801, , 0.759, 0.772, 0.746
1967, 11, 0.786, , 0.759, 0.772, 0.747
1967, 12, 0.791, , 0.759, 0.772, 0.747
1968, 1, 0.800, , 0.760, 0.773, 0.747
1968, 2, 0.790, , 0.760, 0.773, 0.747
1968, 3, 0.774, , 0.760, 0.773, 0.747
1968, 4, 0.776, , 0.760, 0.773, 0.747
1968, 5, 0.726, , 0.760, 0.773, 0.747
1968, 6, 0.724, , 0.760, 0.773, 0.747
1968, 7, 0.727, , 0.760, 0.774, 0.747
1968, 8, 0.702, , 0.761, 0.774, 0.747
1968, 9, 0.730, , 0.761, 0.774, 0.747
1968, 10, 0.746, , 0.761, 0.774, 0.747
1968, 11, 0.765, , 0.761, 0.774, 0.748
1968, 12, 0.730, , 0.761, 0.775, 0.748
1969, 1, 0.746, , 0.761, 0.775, 0.748
1969, 2, 0.751, , 0.761, 0.775, 0.748
1969, 3, 0.765, , 0.762, 0.775, 0.748
1969, 4, 0.755, , 0.762, 0.775, 0.748
1969, 5, 0.772, , 0.762, 0.776, 0.748
1969, 6, 0.779, , 0.762, 0.776, 0.748
1969, 7, 0.736, , 0.762, 0.776, 0.748
1969, 8, 0.776, , 0.762, 0.776, 0.748
1969, 9, 0.764, , 0.762, 0.776, 0.748
1969, 10, 0.743, , 0.762, 0.777, 0.748
1969, 11, 0.774, , 0.763, 0.777, 0.749
1969, 12, 0.754, , 0.763, 0.777, 0.749
1970, 1, 0.688, , 0.763, 0.777, 0.749
1970, 2, 0.742, , 0.763, 0.777, 0.749
1970, 3, 0.726, , 0.763, 0.778, 0.749
1970, 4, 0.798, , 0.763, 0.778, 0.749
1970, 5, 0.750, , 0.763, 0.778, 0.749
1970, 6, 0.736, , 0.764, 0.778, 0.749
1970, 7, 0.784, , 0.764, 0.778, 0.749
1970, 8, 0.803, , 0.764, 0.778, 0.749
1970, 9, 0.727, , 0.764, 0.779, 0.749
1970, 10, 0.758, , 0.764, 0.779, 0.749
1970, 11, 0.734, , 0.764, 0.779, 0.749
1970, 12, 0.809, , 0.764, 0.779, 0.750
1971, 1, 0.810, , 0.765, 0.779, 0.750
1971, 2, 0.787, , 0.765, 0.780, 0.750
1971, 3, 0.780, , 0.765, 0.780, 0.750
1971, 4, 0.752, , 0.765, 0.780, 0.750
1971, 5, 0.802, , 0.765, 0.780, 0.750
1971, 6, 0.779, , 0.765, 0.780, 0.750
1971, 7, 0.714, , 0.765, 0.781, 0.750
1971, 8, 0.751, , 0.766, 0.781, 0.750
1971, 9, 0.800, , 0.766, 0.781, 0.750
1971, 10, 0.795, , 0.766, 0.781, 0.750
1971, 11, 0.783, , 0.766, 0.781, 0.750
1971, 12, 0.763, , 0.766, 0.782, 0.751
1972, 1, , , 0.766, 0.782, 0.751
1972, 2, , , 0.766, 0.782, 0.751
1972, 3, , , 0.766, 0.782, 0.751
1972, 4, , , 0.767, 0.782, 0.751
1972, 5, , , 0.767, 0.783, 0.751
1972, 6, , , 0.767, 0.783, 0.751
1972, 7, , , 0.767, 0.783, 0.751
1972, 8, , , 0.767, 0.783, 0.751
1972, 9, , , 0.767, 0.783, 0.751
1972, 10, , , 0.767, 0.784, 0.751
1972, 11, , , 0.768, 0.784, 0.751
1972, 12, , , 0.768, 0.784, 0.751
1973, 1, , , 0.768, 0.784, 0.752
1973, 2, , , 0.768, 0.784, 0.752
1973, 3, , , 0.768, 0.784, 0.752
1973, 4, , , 0.768, 0.785, 0.752
1973, 5, , , 0.768, 0.785, 0.752
1973, 6, , , 0.769, 0.785, 0.752
1973, 7, , , 0.769, 0.785, 0.752
1973, 8, , , 0.769, 0.785, 0.752
1973, 9, , , 0.769, 0.786, 0.752
1973, 10, , , 0.769, 0.786, 0.752
1973, 11, , , 0.769, 0.786, 0.752
1973, 12, , , 0.769, 0.786, 0.752
1974, 1, , , 0.769, 0.786, 0.753
1974, 2, , , 0.770, 0.787, 0.753
1974, 3, , , 0.770, 0.787, 0.753
1974, 4, , , 0.770, 0.787, 0.753
1974, 5, , , 0.770, 0.787, 0.753
1974, 6, , , 0.770, 0.787, 0.753
1974, 7, , , 0.770, 0.788, 0.753
1974, 8, , , 0.770, 0.788, 0.753
1974, 9, , , 0.771, 0.788, 0.753
1974, 10, , , 0.771, 0.788, 0.753
1974, 11, , , 0.771, 0.788, 0.753
1974, 12, , , 0.771, 0.789, 0.753
1975, 1, , , 0.771, 0.789, 0.753
1975, 2, , , 0.771, 0.789, 0.754
1975, 3, , , 0.771, 0.789, 0.754
1975, 4, , , 0.772, 0.789, 0.754
1975, 5, , , 0.772, 0.790, 0.754
1975, 6, , , 0.772, 0.790, 0.754
1975, 7, , , 0.772, 0.790, 0.754
1975, 8, , , 0.772, 0.790, 0.754
1975, 9, , , 0.772, 0.790, 0.754
1975, 10, , , 0.772, 0.791, 0.754
1975, 11, , , 0.772, 0.791, 0.754
1975, 12, , , 0.773, 0.791, 0.754
1976, 1, , , 0.773, 0.791, 0.754
1976, 2, , , 0.773, 0.791, 0.754
1976, 3, , , 0.773, 0.792, 0.755
1976, 4, , , 0.773, 0.792, 0.755
1976, 5, , , 0.773, 0.792, 0.755
1976, 6, , , 0.773, 0.792, 0.755
1976, 7, , , 0.774, 0.792, 0.755
1976, 8, , , 0.774, 0.793, 0.755
1976, 9, , , 0.774, 0.793, 0.755
1976, 10, , , 0.774, 0.793, 0.755
1976, 11, , , 0.774, 0.793, 0.755
1976, 12, , , 0.774, 0.793, 0.755
1977, 1, , , 0.774, 0.794, 0.755
1977, 2, , , 0.775, 0.794, 0.755
1977, 3, , , 0.775, 0.794, 0.755
1977, 4, , , 0.775, 0.794, 0.756
1977, 5, , , 0.775, 0.794, 0.756
1977, 6, , , 0.775, 0.795, 0.756
1977, 7, , , 0.775, 0.795, 0.756
1977, 8, , , 0.775, 0.795, 0.756
1977, 9, , , 0.776, 0.795, 0.756
1977, 10, , , 0.776, 0.795, 0.756
1977, 11, , , 0.776, 0.796, 0.756
1977, 12, , , 0.776, 0.796, 0.756
1978, 1, , , 0.776, 0.796, 0.756
1978, 2, , , 0.776, 0.796, 0.756
1978, 3, , , 0.776, 0.796, 0.756
1978, 4, , , 0.776, 0.797, 0.756
1978, 5, , , 0.777, 0.797, 0.756
1978, 6, , , 0.777, 0.797, 0.757
1978, 7, , , 0.777, 0.797, 0.757
1978, 8, , , 0.777, 0.797, 0.757
1978, 9, , , 0.777, 0.798, 0.757
1978, 10, , , 0.777, 0.798, 0.757
1978, 11, , , 0.777, 0.798, 0.757
1978, 12, , , 0.778, 0.798, 0.757
1979, 1, , , 0.778, 0.798, 0.757
1979, 2, , , 0.778, 0.799, 0.757
1979, 3, , , 0.778, 0.799, 0.757
1979, 4, , , 0.778, 0.799, 0.757
1979, 5, , , 0.778, 0.799, 0.757
1979, 6, , , 0.778, 0.799, 0.757
1979, 7, , , 0.779, 0.799, 0.758
1979, 8, , , 0.779, 0.800, 0.758
1979, 9, , , 0.779, 0.800, 0.758
1979, 10, , , 0.779, 0.800, 0.758
1979, 11, , , 0.779, 0.800, 0.758
1979, 12, , , 0.779, 0.800, 0.758
1980, 1, , , 0.779, 0.801, 0.758
1980, 2, , , 0.779, 0.801, 0.758
1980, 3, , , 0.780, 0.801, 0.758
1980, 4, , , 0.780, 0.801, 0.758
1980, 5, , , 0.780, 0.801, 0.758
1980, 6, , , 0.780, 0.802, 0.758
1980, 7, , , 0.780, 0.802, 0.758
1980, 8, , , 0.780, 0.802, 0.759
1980, 9, , , 0.780, 0.802, 0.759
1980, 10, , , 0.781, 0.802, 0.759
1980, 11, , , 0.781, 0.803, 0.759
1980, 12, , , 0.781, 0.803, 0.759
1981, 1, , , 0.781, 0.803, 0.759
1981, 2, , , 0.781, 0.803, 0.759
1981, 3, , , 0.781, 0.803, 0.759
1981, 4, , , 0.781, 0.804, 0.759
1981, 5, , , 0.782, 0.804, 0.759
1981, 6, , , 0.782, 0.804, 0.759
1981, 7, , , 0.782, 0.804, 0.759
1981, 8, , , 0.782, 0.804, 0.759
1981, 9, , , 0.782, 0.805, 0.759
1981, 10, , , 0.782, 0.805, 0.760
1981, 11, , , 0.782, 0.805, 0.760
1981, 12, , , 0.782, 0.805, 0.760
1982, 1, , , 0.783, 0.805, 0.760
1982, 2, , , 0.783, 0.806, 0.760
1982, 3, , , 0.783, 0.806, 0.760
1982, 4, , , 0.783, 0.806, 0.760
1982, 5, , , 0.783, 0.806, 0.760
1982, 6, , , 0.783, 0.806, 0.760
1982, 7, , , 0.783, 0.807, 0.760
1982, 8, , , 0.784, 0.807, 0.760
1982, 9, , , 0.784, 0.807, 0.760
1982, 10, , , 0.784, 0.807, 0.760
1982, 11, , , 0.784, 0.807, 0.761
1982, 12, , , 0.784, 0.808, 0.761
1983, 1, , , 0.784, 0.808, 0.761
1983, 2, , , 0.784, 0.808, 0.761
1983, 3, , , 0.785, 0.808, 0.761
1983, 4, , , 0.785, 0.808, 0.761
1983, 5, , , 0.785, 0.809, 0.761
1983, 6, , , 0.785, 0.809, 0.761
1983, 7, , , 0.785, 0.809, 0.761
1983, 8, , , 0.785, 0.809, 0.761
1983, 9, , , 0.785, 0.809, 0.761
1983, 10, , , 0.786, 0.810, 0.761
1983, 11, , , 0.786, 0.810, 0.761
1983, 12, , , 0.786, 0.810, 0.761
1984, 1, , , 0.786, 0.810, 0.762
1984, 2, , , 0.786, 0.810, 0.762
1984, 3, , , 0.786, 0.811, 0.762
1984, 4, , , 0.786, 0.811, 0.762
1984, 5, , , 0.786, 0.811, 0.762
1984, 6, , , 0.787, 0.811, 0.762
1984, 7, , , 0.787, 0.811, 0.762
1984, 8, , , 0.787, 0.812, 0.762
1984, 9, , , 0.787, 0.812, 0.762
1984, 10, , , 0.787, 0.812, 0.762
1984, 11, , , 0.787, 0.812, 0.762
1984, 12, , , 0.787, 0.812, 0.762
1985, 1, , , 0.788, 0.813, 0.762
1985, 2, , , 0.788, 0.813, 0.763
1985, 3, , , 0.788, 0.813, 0.763
1985, 4, , , 0.788, 0.813, 0.763
1985, 5, , , 0.788, 0.813, 0.763
1985, 6, , , 0.788, 0.814, 0.763
1985, 7, , , 0.788, 0.814, 0.763
1985, 8, , , 0.789, 0.814, 0.763
1985, 9, , , 0.789, 0.814, 0.763
1985, 10, , , 0.789, 0.814, 0.763
1985, 11, , , 0.789, 0.815, 0.763
1985, 12, , , 0.789, 0.815, 0.763
1986, 1, , , 0.789, 0.815, 0.763
1986, 2, , , 0.789, 0.815, 0.763
1986, 3, , , 0.789, 0.815, 0.763
1986, 4, , , 0.790, 0.816, 0.764
1986, 5, , , 0.790, 0.816, 0.764
1986, 6, , , 0.790, 0.816, 0.764
1986, 7, , , 0.790, 0.816, 0.764
1986, 8, , , 0.790, 0.816, 0.764
1986, 9, , , 0.790, 0.817, 0.764
1986, 10, , , 0.790, 0.817, 0.764
1986, 11, , , 0.791, 0.817, 0.764
1986, 12, , , 0.791, 0.817, 0.764
1987, 1, , , 0.791, 0.818, 0.764
1987, 2, , , 0.791, 0.818, 0.764
1987, 3, , , 0.791, 0.818, 0.764
1987, 4, , , 0.791, 0.818, 0.764
1987, 5, , , 0.791, 0.818, 0.764
1987, 6, , , 0.792, 0.819, 0.765
1987, 7, , , 0.792, 0.819, 0.765
1987, 8, , , 0.792, 0.819, 0.765
1987, 9, , , 0.792, 0.819, 0.765
1987, 10, , , 0.792, 0.819, 0.765
1987, 11, , , 0.792, 0.820, 0.765
1987, 12, , , 0.792, 0.820, 0.765
1988, 1, , , 0.792, 0.820, 0.765
1988, 2, , , 0.793, 0.820, 0.765
1988, 3, , , 0.793, 0.820, 0.765
1988, 4, , , 0.793, 0.821, 0.765
1988, 5, , , 0.793, 0.821, 0.765
1988, 6, , , 0.793, 0.821, 0.765
1988, 7, , , 0.793, 0.821, 0.766
1988, 8, , , 0.793, 0.821, 0.766
1988, 9, , , 0.794, 0.822, 0.766
1988, 10, , , 0.794, 0.822, 0.766
1988, 11, , , 0.794, 0.822, 0.766
1988, 12, , , 0.794, 0.822, 0.766
1989, 1, , , 0.794, 0.822, 0.766
1989, 2, , , 0.794, 0.823, 0.766
1989, 3, , , 0.794, 0.823, 0.766
1989, 4, , , 0.795, 0.823, 0.766
1989, 5, , , 0.795, 0.823, 0.766
1989, 6, , , 0.795, 0.823, 0.766
1989, 7, , , 0.795, 0.824, 0.766
1989, 8, , , 0.795, 0.824, 0.766
1989, 9, , , 0.795, 0.824, 0.767
1989, 10, , , 0.795, 0.824, 0.767
1989, 11, , , 0.796, 0.824, 0.767
1989, 12, , , 0.796, 0.825, 0.767
1990, 1, , , 0.796, 0.825, 0.767
1990, 2, , , 0.796, 0.825, 0.767
1990, 3, , , 0.796, 0.825, 0.767
1990, 4, , , 0.796, 0.825, 0.767
1990, 5, , , 0.796, 0.826, 0.767
1990, 6, , , 0.796, 0.826, 0.767
1990, 7, , , 0.797, 0.826, 0.767
1990, 8, , , 0.797, 0.826, 0.767
1990, 9, , , 0.797, 0.826, 0.767
1990, 10, , , 0.797, 0.827, 0.767
1990, 11, , , 0.797, 0.827, 0.768
1990, 12, , , 0.797, 0.827, 0.768
1991, 1, , , 0.797, 0.827, 0.768
1991, 2, , , 0.798, 0.827, 0.768
1991, 3, , , 0.798, 0.828, 0.768
1991, 4, , , 0.798, 0.828, 0.768
1991, 5, , , 0.798, 0.828, 0.768
1991, 6, , , 0.798, 0.828, 0.768
1991, 7, , , 0.798, 0.828, 0.768
1991, 8, , , 0.798, 0.829, 0.768
1991, 9, , , 0.799, 0.829, 0.768
1991, 10, , , 0.799, 0.829, 0.768
1991, 11, , , 0.799, 0.829, 0.768
1991, 12, , , 0.799, 0.829, 0.768
1992, 1, , , 0.799, 0.830, 0.769
1992, 2, , , 0.799, 0.830, 0.769
1992, 3, , , 0.799, 0.830, 0.769
1992, 4, , , 0.799, 0.830, 0.769
1992, 5, , , 0.800, 0.830, 0.769
1992, 6, , , 0.800, 0.831, 0.769
1992, 7, , , 0.800, 0.831, 0.769
1992, 8, , , 0.800, 0.831, 0.769
1992, 9, , , 0.800, 0.831, 0.769
1992, 10, , , 0.800, 0.831, 0.769
1992, 11, , , 0.800, 0.832, 0.769
1992, 12, , , 0.801, 0.832, 0.769
1993, 1, , , 0.801, 0.832, 0.769
1993, 2, , , 0.801, 0.832, 0.770
1993, 3, , , 0.801, 0.832, 0.770
1993, 4, , , 0.801, 0.833, 0.770
1993, 5, , , 0.801, 0.833, 0.770
1993, 6, , , 0.801, 0.833, 0.770
1993, 7, , , 0.802, 0.833, 0.770
1993, 8, , , 0.802, 0.833, 0.770
1993, 9, , , 0.802, 0.834, 0.770
1993, 10, , , 0.802, 0.834, 0.770
1993, 11, , , 0.802, 0.834, 0.770
1993, 12, , , 0.802, 0.834, 0.770
1994, 1, , , 0.802, 0.834, 0.770
1994, 2, , , 0.803, 0.835, 0.770
1994, 3, , , 0.803, 0.835, 0.770
1994, 4, , , 0.803, 0.835, 0.771
1994, 5, , , 0.803, 0.835, 0.771
1994, 6, , , 0.803, 0.835, 0.771
1994, 7, , , 0.803, 0.836, 0.771
1994, 8, , , 0.803, 0.836, 0.771
1994, 9, , , 0.803, 0.836, 0.771
1994, 10, , , 0.804, 0.836, 0.771
1994, 11, , , 0.804, 0.836, 0.771
1994, 12, , , 0.804, 0.837, 0.771
1995, 1, , , 0.804, 0.837, 0.771
1995, 2, , , 0.804, 0.837, 0.771
1995, 3, , , 0.804, 0.837, 0.771
1995, 4, , , 0.804, 0.837, 0.771
1995, 5, , , 0.805, 0.838, 0.771
1995, 6, , , 0.805, 0.838, 0.772
1995, 7, 1.021, , 0.805, 0.838, 0.772
1995, 8, 1.001, , 0.805, 0.838, 0.772
1995, 9, 0.936, , 0.805, 0.838, 0.772
1995, 10, 0.930, , 0.805, 0.839, 0.772
1995, 11, 0.935, , 0.805, 0.839, 0.772
1995, 12, 0.943, , 0.806, 0.839, 0.772
1996, 1, 0.948, , 0.806, 0.839, 0.772
1996, 2, 0.949, , 0.806, 0.839, 0.772
1996, 3, 0.917, , 0.806, 0.840, 0.772
1996, 4, 0.870, , 0.806, 0.840, 0.772
1996, 5, 0.861, , 0.806, 0.840, 0.772
1996, 6, 0.879, , 0.806, 0.840, 0.772
1996, 7, 0.888, , 0.806, 0.840, 0.772
1996, 8, 0.930, , 0.807, 0.841, 0.773
1996, 9, 0.993, , 0.807, 0.841, 0.773
1996, 10, 0.973, , 0.807, 0.841, 0.773
1996, 11, 0.970, , 0.807, 0.841, 0.773
1996, 12, 0.964, , 0.807, 0.842, 0.773
1997, 1, 0.984, , 0.807, 0.842, 0.773
1997, 2, 0.967, , 0.807, 0.842, 0.773
1997, 3, 0.989, , 0.808, 0.842, 0.773
1997, 4, 0.973, , 0.808, 0.842, 0.773
1997, 5, 0.961, , 0.808, 0.843, 0.773
1997, 6, 0.994, , 0.808, 0.843, 0.773
1997, 7, 0.931, , 0.808, 0.843, 0.773
1997, 8, 0.991, , 0.808, 0.843, 0.773
1997, 9, 1.032, , 0.808, 0.843, 0.773
1997, 10, 1.032, , 0.809, 0.844, 0.774
1997, 11, , , 0.809, 0.844, 0.774
1997, 12, , , 0.809, 0.844, 0.774
1998, 1, , , 0.809, 0.844, 0.774
1998, 2, , , 0.809, 0.844, 0.774
1998, 3, , , 0.809, 0.845, 0.774
1998, 4, , , 0.809, 0.845, 0.774
1998, 5, , , 0.809, 0.845, 0.774
1998, 6, , , 0.810, 0.845, 0.774
1998, 7, , , 0.810, 0.845, 0.774
1998, 8, , , 0.810, 0.846, 0.774
1998, 9, , , 0.810, 0.846, 0.774
1998, 10, , , 0.810, 0.846, 0.774
1998, 11, , , 0.810, 0.846, 0.774
1998, 12, , , 0.810, 0.846, 0.775
1999, 1, , , 0.811, 0.847, 0.775
1999, 2, , , 0.811, 0.847, 0.775
1999, 3, , , 0.811, 0.847, 0.775
1999, 4, , , 0.811, 0.847, 0.775
1999, 5, , , 0.811, 0.847, 0.775
1999, 6, , , 0.811, 0.848, 0.775
1999, 7, , , 0.811, 0.848, 0.775
1999, 8, , , 0.812, 0.848, 0.775
1999, 9, , , 0.812, 0.848, 0.775
1999, 10, , , 0.812, 0.848, 0.775
1999, 11, , , 0.812, 0.849, 0.775
1999, 12, , , 0.812, 0.849, 0.775
2000, 1, , , 0.812, 0.849, 0.775
2000, 2, , , 0.812, 0.849, 0.776
2000, 3, , , 0.813, 0.849, 0.776
2000, 4, , , 0.813, 0.850, 0.776
2000, 5, , , 0.813, 0.850, 0.776
2000, 6, , , 0.813, 0.850, 0.776
2000, 7, , , 0.813, 0.850, 0.776
2000, 8, , , 0.813, 0.850, 0.776
2000, 9, , , 0.813, 0.851, 0.776
2000, 10, , , 0.813, 0.851, 0.776
2000, 11, , , 0.814, 0.851, 0.776
2000, 12, , , 0.814, 0.851, 0.776
2001, 1, , , 0.814, 0.851, 0.776
2001, 2, , , 0.814, 0.852, 0.776
2001, 3, , , 0.814, 0.852, 0.776
2001, 4, , , 0.814, 0.852, 0.777
2001, 5, , , 0.814, 0.852, 0.777
2001, 6, , , 0.815, 0.852, 0.777
2001, 7, , , 0.815, 0.853, 0.777
2001, 8, , , 0.815, 0.853, 0.777
2001, 9, , , 0.815, 0.853, 0.777
2001, 10, , , 0.815, 0.853, 0.777
2001, 11, , , 0.815, 0.853, 0.777
2001, 12, , , 0.815, 0.854, 0.777
2002, 1, , , 0.816, 0.854, 0.777
2002, 2, , , 0.816, 0.854, 0.777
2002, 3, , , 0.816, 0.854, 0.777
2002, 4, , , 0.816, 0.854, 0.777
2002, 5, , , 0.816, 0.855, 0.777
2002, 6, , , 0.816, 0.855, 0.778
2002, 7, , , 0.816, 0.855, 0.778
2002, 8, , , 0.816, 0.855, 0.778
2002, 9, , , 0.817, 0.855, 0.778
2002, 10, , , 0.817, 0.856, 0.778
2002, 11, , , 0.817, 0.856, 0.778
2002, 12, , , 0.817, 0.856, 0.778
2003, 1, , , 0.817, 0.856, 0.778
2003, 2, , , 0.817, 0.856, 0.778
2003, 3, , , 0.817, 0.857, 0.778
2003, 4, , , 0.818, 0.857, 0.778
2003, 5, , , 0.818, 0.857, 0.778
2003, 6, , , 0.818, 0.857, 0.778
2003, 7, , , 0.818, 0.857, 0.778
2003, 8, , , 0.818, 0.858, 0.779
2003, 9, , , 0.818, 0.858, 0.779
2003, 10, , , 0.818, 0.858, 0.779
2003, 11, , , 0.819, 0.858, 0.779
2003, 12, , , 0.819, 0.859, 0.779
2004, 1, , , 0.819, 0.859, 0.779
2004, 2, , , 0.819, 0.859, 0.779
2004, 3, , , 0.819, 0.859, 0.779
2004, 4, , , 0.819, 0.859, 0.779
2004, 5, , , 0.819, 0.860, 0.779
2004, 6, , , 0.819, 0.860, 0.779
2004, 7, , , 0.820, 0.860, 0.779
2004, 8, , , 0.820, 0.860, 0.779
2004, 9, , , 0.820, 0.860, 0.779
2004, 10, , , 0.820, 0.861, 0.780
2004, 11, , , 0.820, 0.861, 0.780
2004, 12, , , 0.820, 0.861, 0.780
2005, 1, , , 0.820, 0.861, 0.780
2005, 2, , , 0.821, 0.861, 0.780
2005, 3, , , 0.821, 0.862, 0.780
2005, 4, , , 0.821, 0.862, 0.780
2005, 5, , , 0.821, 0.862, 0.780
2005, 6, , , 0.821, 0.862, 0.780
2005, 7, , , 0.821, 0.862, 0.780
2005, 8, , , 0.821, 0.863, 0.780
2005, 9, , , 0.822, 0.863, 0.780
2005, 10, , , 0.822, 0.863, 0.780
2005, 11, , , 0.822, 0.863, 0.780
2005, 12, , , 0.822, 0.863, 0.781
2006, 1, , , 0.822, 0.864, 0.781
2006, 2, , , 0.822, 0.864, 0.781
2006, 3, , , 0.822, 0.864, 0.781
2006, 4, , , 0.823, 0.864, 0.781
2006, 5, , , 0.823, 0.864, 0.781
2006, 6, , , 0.823, 0.865, 0.781
2006, 7, , , 0.823, 0.865, 0.781
2006, 8, , , 0.823, 0.865, 0.781
2006, 9, , , 0.823, 0.865, 0.781
2006, 10, , , 0.823, 0.865, 0.781
2006, 11, , , 0.823, 0.866, 0.781
2006, 12, , , 0.824, 0.866, 0.781
2007, 1, , , 0.824, 0.866, 0.781
2007, 2, , , 0.824, 0.866, 0.782
2007, 3, , , 0.824, 0.866, 0.782
2007, 4, , , 0.824, 0.867, 0.782
2007, 5, , , 0.824, 0.867, 0.782
2007, 6, , , 0.824, 0.867, 0.782
2007, 7, , , 0.825, 0.867, 0.782
2007, 8, , , 0.825, 0.867, 0.782
2007, 9, , , 0.825, 0.868, 0.782
2007, 10, , , 0.825, 0.868, 0.782
2007, 11, , , 0.825, 0.868, 0.782
2007, 12, , , 0.825, 0.868, 0.782
2008, 1, , , 0.825, 0.868, 0.782
2008, 2, , , 0.826, 0.869, 0.782
2008, 3, , , 0.826, 0.869, 0.782
2008, 4, , , 0.826, 0.869, 0.783
2008, 5, , , 0.826, 0.869, 0.783
2008, 6, , , 0.826, 0.869, 0.783
2008, 7, , , 0.826, 0.870, 0.783
2008, 8, , , 0.826, 0.870, 0.783
2008, 9, , , 0.826, 0.870, 0.783
2008, 10, , , 0.827, 0.870, 0.783
2008, 11, , , 0.827, 0.870, 0.783
2008, 12, , , 0.827, 0.871, 0.783
2009, 1, , , 0.827, 0.871, 0.783
2009, 2, , , 0.827, 0.871, 0.783
2009, 3, , , 0.827, 0.871, 0.783
2009, 4, , , 0.827, 0.871, 0.783
2009, 5, , , 0.828, 0.872, 0.783
2009, 6, , , 0.828, 0.872, 0.784
2009, 7, , , 0.828, 0.872, 0.784
2009, 8, , , 0.828, 0.872, 0.784
2009, 9, , , 0.828, 0.873, 0.784
2009, 10, , , 0.828, 0.873, 0.784
2009, 11, , , 0.828, 0.873, 0.784
2009, 12, , , 0.829, 0.873, 0.784
2010, 1, , , 0.829, 0.873, 0.784
2010, 2, , , 0.829, 0.874, 0.784
2010, 3, , , 0.829, 0.874, 0.784
2010, 4, , , 0.829, 0.874, 0.784
2010, 5, , , 0.829, 0.874, 0.784
2010, 6, , , 0.829, 0.874, 0.784
2010, 7, , , 0.829, 0.875, 0.784
2010, 8, , , 0.830, 0.875, 0.785
2010, 9, , , 0.830, 0.875, 0.785
2010, 10, , , 0.830, 0.875, 0.785
2010, 11, , , 0.830, 0.875, 0.785
2010, 12, , , 0.830, 0.876, 0.785
2011, 1, , , 0.830, 0.876, 0.785
2011, 2, , , 0.830, 0.876, 0.785
2011, 3, , , 0.831, 0.876, 0.785
2011, 4, , , 0.831, 0.876, 0.785
2011, 5, , , 0.831, 0.877, 0.785
2011, 6, , , 0.831, 0.877, 0.785
2011, 7, , , 0.831, 0.877, 0.785
2011, 8, , , 0.831, 0.877, 0.785
2011, 9, , , 0.831, 0.877, 0.785
2011, 10, , , 0.832, 0.878, 0.786
2011, 11, , , 0.832, 0.878, 0.786
2011, 12, , , 0.832, 0.878, 0.786
2012, 1, , , 0.832, 0.878, 0.786
2012, 2, , , 0.832, 0.878, 0.786
2012, 3, , , 0.832, 0.879, 0.786
2012, 4, , , 0.832, 0.879, 0.786
2012, 5, , , 0.833, 0.879, 0.786
2012, 6, , , 0.833, 0.879, 0.786
2012, 7, , , 0.833, 0.879, 0.786
2012, 8, , , 0.833, 0.880, 0.786
2012, 9, , , 0.833, 0.880, 0.786
2012, 10, , , 0.833, 0.880, 0.786
2012, 11, , , 0.833, 0.880, 0.786
2012, 12, , , 0.833, 0.880, 0.787
2013, 1, , , 0.834, 0.881, 0.787
2013, 2, , , 0.834, 0.881, 0.787
2013, 3, , , 0.834, 0.881, 0.787
2013, 4, , , 0.834, 0.881, 0.787
2013, 5, , , 0.834, 0.881, 0.787
2013, 6, , , 0.834, 0.882, 0.787
2013, 7, , , 0.834, 0.882, 0.787
2013, 8, , , 0.835, 0.882, 0.787
2013, 9, , , 0.835, 0.882, 0.787
2013, 10, , , 0.835, 0.882, 0.787
2013, 11, , , 0.835, 0.883, 0.787
2013, 12, , , 0.835, 0.883, 0.787
2014, 1, , , 0.835, 0.883, 0.787
2014, 2, , , 0.835, 0.883, 0.788
2014, 3, , , 0.836, 0.883, 0.788
2014, 4, , , 0.836, 0.884, 0.788
2014, 5, , , 0.836, 0.884, 0.788
2014, 6, , , 0.836, 0.884, 0.788
2014, 7, , , 0.836, 0.884, 0.788
2014, 8, , , 0.836, 0.884, 0.788
2014, 9, , , 0.836, 0.885, 0.788
2014, 10, , , 0.836, 0.885, 0.788
2014, 11, , , 0.837, 0.885, 0.788
2014, 12, , , 0.837, 0.885, 0.788
2015, 1, , , 0.837, 0.885, 0.788
2015, 2, , , 0.837, 0.886, 0.788
2015, 3, , , 0.837, 0.886, 0.788
2015, 4, , , 0.837, 0.886, 0.789
2015, 5, , , 0.837, 0.886, 0.789
2015, 6, , , 0.838, 0.887, 0.789
2015, 7, , , 0.838, 0.887, 0.789
2015, 8, , , 0.838, 0.887, 0.789
2015, 9, , , 0.838, 0.887, 0.789
2015, 10, , , 0.838, 0.887, 0.789
2015, 11, , , 0.838, 0.888, 0.789
2015, 12, , , 0.838, 0.888, 0.789
2016, 1, , , 0.839, 0.888, 0.789
2016, 2, , , 0.839, 0.888, 0.789
2016, 3, , , 0.839, 0.888, 0.789
2016, 4, , , 0.839, 0.889, 0.789
2016, 5, , , 0.839, 0.889, 0.789
2016, 6, , , 0.839, 0.889, 0.789
2016, 7, , , 0.839, 0.889, 0.790
2016, 8, , , 0.840, 0.889, 0.790
2016, 9, , , 0.840, 0.890, 0.790
2016, 10, , , 0.840, 0.890, 0.790
2016, 11, , , 0.840, 0.890, 0.790
2016, 12, , , 0.840, 0.890, 0.790
2017, 1, , , 0.840, 0.890, 0.790
2017, 2, , , 0.840, 0.891, 0.790
2017, 3, , , 0.840, 0.891, 0.790
2017, 4, , , 0.841, 0.891, 0.790
2017, 5, , , 0.841, 0.891, 0.790
2017, 6, , , 0.841, 0.891, 0.790
2017, 7, , , 0.841, 0.892, 0.790
2017, 8, , , 0.841, 0.892, 0.790
2017, 9, , , 0.841, 0.892, 0.791
2017, 10, , , 0.841, 0.892, 0.791
2017, 11, , , 0.842, 0.892, 0.791
2017, 12, , , 0.842, 0.893, 0.791
2018, 1, , , 0.842, 0.893, 0.791
2018, 2, , , 0.842, 0.893, 0.791
2018, 3, , , 0.842, 0.893, 0.791
2018, 4, , , 0.842, 0.893, 0.791
2018, 5, , , 0.842, 0.894, 0.791
2018, 6, , , 0.843, 0.894, 0.791
2018, 7, , , 0.843, 0.894, 0.791
2018, 8, , , 0.843, 0.894, 0.791
2018, 9, , , 0.843, 0.894, 0.791
2018, 10, , , 0.843, 0.895, 0.791
2018, 11, , , 0.843, 0.895, 0.792
2018, 12, , , 0.843, 0.895, 0.792
2019, 1, , , 0.843, 0.895, 0.792
2019, 2, , , 0.844, 0.895, 0.792
2019, 3, , , 0.844, 0.896, 0.792
2019, 4, , , 0.844, 0.896, 0.792
2019, 5, , , 0.844, 0.896, 0.792
2019, 6, , , 0.844, 0.896, 0.792
2019, 7, , , 0.844, 0.896, 0.792
2019, 8, , , 0.844, 0.897, 0.792
2019, 9, , , 0.845, 0.897, 0.792
2019, 10, , , 0.845, 0.897, 0.792
2019, 11, , , 0.845, 0.897, 0.792
2019, 12, , , 0.845, 0.897, 0.792
2020, 1, , , 0.845, 0.898, 0.793
2020, 2, , , 0.845, 0.898, 0.793
2020, 3, , , 0.845, 0.898, 0.793
2020, 4, , , 0.846, 0.898, 0.793
2020, 5, , , 0.846, 0.899, 0.793
2020, 6, , , 0.846, 0.899, 0.793
2020, 7, , , 0.846, 0.899, 0.793
2020, 8, , , 0.846, 0.899, 0.793
2020, 9, , , 0.846, 0.899, 0.793
2020, 10, , , 0.846, 0.900, 0.793
2020, 11, , , 0.846, 0.900, 0.793
2020, 12, , , 0.847, 0.900, 0.793
