0.201697720753
0.118399414833
0.149017642583
0.178473530679
0.210425272265
0.402014972204
0.166331973526
0.176450909551
0.296149818705
0.247829525096
0.0891279968395
0.157177674287
0.112485662925
0.11284511423
0.124492152373
0.205141614564
0.271853612118
0.266747454876
0.14082864456
0.209224970072
0.560670827549
0.30707535811
0.171806072289
-0.0481330326943
-0.117081708426
0.0845546034177
0.172537757435
0.20655388089
0.266471403835
0.376782006753
0.226231935127
0.234222847756
0.390583172228
0.156198666188
0.0440339200281
-0.0118198361667
0.148747066208
0.143446108214
0.232857095303
0.415975825583
0.412249345597
0.244055482455
0.205581692119
0.155618846659
0.147741856687
0.00852125797471
0.298084418368
0.234939600799
0.18133728775
0.158247924316
0.28401295273
0.278079848194
0.234066552515
0.221328155236
0.402902056499
0.16159952768
0.100327179253
-0.128660103083
0.231923570608
0.138294512923
0.0564261728051
0.152599245225
0.19020758272
0.283383507629
0.351384742632
0.150326304389
0.160391348669
0.444496687677
0.0724838212314
0.0247381127303
0.00408275562117
0.110492127014
0.0993749198269
0.212182329478
0.290249075115
0.263042126683
0.171438185993
0.185111664516
0.466970525705
0.11951674108
0.329577011209
0.137715396728
0.253753442294
0.165827880366
0.224934905838
0.325144355509
0.239464759994
0.457287686438
0.141947484273
0.183908984594
0.633921276165
0.287725511942
-0.0676513538229
0.145524749918
0.182007413356
0.0806358540372
0.22278568103
0.311766562196
0.272367433544
0.33503613997
0.299025900317
0.181426954855
0.32451271573
0.0889541445442
0.0265544132589
0.020884572468
0.165072485947
0.202366805141
0.277539134161
0.301367685891
0.280362856436
0.335869759232
0.174755042975
0.266185140419
0.325617473123
0.0622575882983
0.0708286871428
0.0868642008175
-0.00571818719023
0.138460075655
0.0753829397888
0.209187432913
0.343217577598
0.234840944437
0.221682820316
0.28164231912
0.604069444429
0.198106575771
0.0944808215012
0.126569515319
-0.0312271859741
