0.318466303855
0.194085847933
0.248995091668
0.291846265388
0.356709004947
0.672049802371
0.278948208859
0.293247480193
0.49164087897
0.420993651668
0.16213237566
0.286014131405
-0.293822372521
0.184358783989
0.184615260641
0.221921962085
0.334274610314
0.456084265653
0.446717996911
0.244778343045
0.341735008835
0.505868522042
0.314407727289
-0.0624016347236
-0.18504436349
0.136686164468
0.278244774035
0.344284779434
0.439843502346
0.632536221017
0.392448053685
0.384833643297
0.654784930383
0.263250841888
0.0792626167699
-0.0215379300023
0.2471471129
0.24427309424
0.382622993588
0.703386604436
0.684339222774
0.406889912279
0.341029389857
0.26375250283
0.248811808193
0.0194068164118
0.527611291948
0.390542621679
0.294485260497
0.275457837582
0.470515340058
0.467971951862
0.39211799678
0.372370991151
0.696362748199
0.268623454441
0.169589161263
-0.212549181645
0.408883556473
0.243432759799
0.0942692724298
0.245625154064
0.314377455488
0.472408855681
0.581767699767
0.256246834336
0.260904133878
0.767635601675
0.120930475564
0.0342573471224
0.00926075535637
0.172302672464
0.184525751063
0.354352571208
0.48882136882
0.448904117633
0.297957648376
0.304381158946
0.808861358724
0.194423867109
0.549649715492
0.232422796816
0.422684382141
0.252317287102
0.364530117873
0.542692724008
0.396963467147
0.768353748974
0.255897320618
0.299974669022
0.467638393287
-0.107671892433
0.247038127977
0.300252167188
0.242051571319
0.364757664298
0.514603835872
0.448629785069
0.561792465941
0.495532103293
0.295268893605
0.599028022424
0.139087270174
0.0374893487185
0.0385675064591
0.270989322146
0.320617524619
0.459258366475
0.504554512085
0.462840782202
0.558584767346
0.289458346366
0.438875480075
0.545704838714
0.105625258272
0.120238362545
0.145125825442
-0.00036765897473
0.224137736726
0.127499629713
0.345557769601
0.568406096432
0.391679208024
0.369959147454
0.467077695076
0.299012373503
0.161707490181
0.210146471101
-0.0466377378414
