0.121662358879
0.0729875549736
0.0890311731325
0.110449889854
0.122655032655
0.239994074104
0.0987622323264
0.106372967165
0.178855182546
0.143931049153
0.0453253695472
0.0798758000169
0.069361790287
0.0697830263838
0.0660342665465
0.127661817115
0.161315219996
0.158765129656
0.0784588254689
0.129718946815
0.287948475763
0.18779945975
0.0862450792896
-0.0395718714767
0.0532756667874
0.109113547474
0.123915341763
0.162448144728
0.223329478195
0.126502263993
0.143856370431
0.232062117335
0.091967360768
0.022896701983
-0.00598897986534
0.0897070381925
0.0829499165989
0.142997556331
0.243529358271
0.248995419291
0.14635482456
0.124313073476
0.0907386529565
0.0870998857841
0.00198992291245
0.16036829422
0.141577788271
0.113448504102
0.0879219763568
0.172111520333
0.164144585994
0.139235685956
0.130702453687
0.226825641478
0.0973851716231
0.0587699900474
0.12574757909
0.0752115647979
0.0337203130303
0.0967836999212
0.115705659059
0.169968298798
0.21315496835
0.0867739864208
0.100083677544
0.250613339279
0.043415828632
0.0190265720951
0.000975955780048
0.0734057997434
0.048284421085
0.12688018444
0.171105698892
0.151524932113
0.0955265085634
0.113549967858
0.261836025894
0.0745724654618
0.197533388639
0.0808909566751
0.152394878386
0.113934236325
0.141177778616
0.194615334409
0.144965535703
0.270648048917
0.0735775824657
0.114269573937
0.368788031527
0.179777783135
-0.0436390306571
0.0846167230833
0.111060561056
-0.0162135763317
0.137602491069
0.19006419799
0.166610022629
0.198982344388
0.181122178532
0.113121791605
0.159803531714
0.0588742691662
0.0199934519831
0.0102748120734
0.101522384227
0.131416373454
0.168507594772
0.179455590174
0.170876100977
0.202240754364
0.10593306094
0.162570936625
0.193565053768
0.0362369863143
0.0411828819016
0.0519072260425
-0.00892850411953
0.0870534790125
0.0441129258341
0.127365230899
0.208104466297
0.140737986284
0.132717024032
0.170381093547
0.320652777762
0.137563097132
0.0541448202932
0.0764233418491
-0.0219808548538
