0.106797951889
0.0578502683537
0.0690356833156
0.0877753429126
0.0933982861185
0.18598710807
0.0762389852598
0.083013653037
0.139756970493
0.109298223839
0.0307244937831
0.0541085085935
0.0549871660743
0.0554289971017
0.0465483046042
0.101835217965
0.124469089289
0.122771021249
0.0576688857719
0.103216939062
0.197041025167
0.148040826964
0.0577247482897
0.0428493545773
0.0879721441543
0.096369162054
0.127773725026
0.172178635342
0.0932590402811
0.113734211322
0.179221765704
0.070556925628
0.0158509626346
0.070027028854
0.0627845193938
0.113044376674
0.186047202501
0.194577443856
0.113787938595
0.0972235339285
0.0691119217223
0.066885895483
0.114462919503
0.110457184095
0.0908189095531
0.0644799937036
0.134811042867
0.12616616526
0.107625397103
0.100493886504
0.168133503138
0.0759803862709
0.0449175936454
0.0903555819168
0.0541839154228
0.0261516931053
0.0781785181533
0.090871684505
0.132163229188
0.167078376923
0.0655898804314
0.0799811205026
0.185985556479
0.0337264977655
0.0171227252167
0.0610436906533
0.0312542548377
0.0984461360942
0.131391240151
0.114352533923
0.0702226160868
0.0896960689722
0.19345785929
0.0595910402559
0.153518847783
0.0619494766575
0.41093277442
0.118608690417
0.0966363549774
0.113258736209
0.151105660709
0.113465794272
0.208434836409
0.0507876151966
0.0910564370511
0.280410283314
0.143795206866
0.0643140474716
0.0874116102895
0.109208094415
0.149496743255
0.131357552324
0.153631079194
0.141820937937
0.090353403855
0.104900470375
0.0488476440402
0.0178064648912
0.0803390169875
0.107766229558
0.13216374831
0.138818224935
0.134380515824
0.157697752741
0.0829924002614
0.128032868694
0.149547580649
0.0275634523196
0.0313009468211
0.0402549011175
0.0699179467983
0.0336895878492
0.100091163562
0.16306676253
0.109370333567
0.103061758605
0.133294018356
0.22618055554
0.117381937585
0.0406994865572
0.0597079506925
0.422757541869
